0.405   1.54    1e-7
0.535   1.53    1e-7
0.656   1.53    1e-7
0.706   1.53    1e-7
1.000   1.51    3.5e-7
1.20     1.50    3.4e-6
1.50     1.49    3.4e-5
1.80     1.48    7.6e-5
2.00     1.47    1.0e-3
2.20     1.46    1.7e-3
2.40     1.45    4.5e-4
2.50     1.44    3.5e-4
2.63     1.42    9.0e-4
2.78     1.40    5e-3
2.94     1.33    5e-2
3.08     1.27    2.3e-1
3.13     1.39    3.3e-1
3.18     1.49    2.7e-1
3.23     1.48    2.4-e1
3.30     1.56    2.7e-1
3.33     1.61    2.4e-1
3.39     1.61    1.7e-1
3.45     1.60    1.5e-1
3.51     1.62    1.4e-1
3.57     1.63    1e-1
3.85     1.56    2e-2
4.17     1.63    1e-2
4.55     1.49    7e-3
4.76     1.48    6e-3
5.26     1.44    7e-3
5.88     1.37    1e-2
6.25     1.30    2e-2
6.67     1.11    9e-2
6.90     0.84    4e-1
7.07     1.33    1.10
7.14     1.85    8.7e-1
7.19     1.94    5.8e-1
7.41     1.68    1.4e-1
7.81     1.41    7e-2
8.00     1.31    8e-2
8.33     1.07    1.5e-1
9.01     0.99    1.7e0
9.17     1.95    2.10e0
9.35     2.86    1.25e0
9.52     2.68    5.3e-1
10.00    2.19    1.3e-1
10.5     1.99    6e-2
11.1     1.88    4e-2
11.8     1.81    2e-2
12.5     1.75    2e-2
13.3     1.70    2e-2
14.3     1.63    2e-2
15.4     1.47    3e-2
16.1     0.74    1.18e0
16.3     2.04    2.09e0
16.4     2.77    5.8e-1
16.7     2.16    1e-1
18.2     1.77    2e-2
20.0     1.69    2e-2
22.2     1.62    3e-2
25.0     1.55    5e-2
28.6     1.42    1.1e-1
33.3     1.18    4.6e-1
40.0     2.14    1.12e0


