0.330   1.54393	1.002586E-06
0.33331 1.5431	8.71E-07
0.33689	1.5422	7.6E-07
0.34065	1.5413	6.83E-07
0.34441	1.5405	6.27E-07
0.34817	1.5397	5.88E-07
0.35193	1.5389	5.6E-07
0.35568	1.5382	5.4E-07
0.35943	1.5374	5.25E-07
0.36318	1.5367	5.14E-07
0.36693	1.5361	5.06E-07
0.37068	1.5354	5E-07
0.37442	1.5348	4.95E-07
0.37816	1.5342	4.92E-07
0.38191	1.5336	4.89E-07
0.38564	1.533	4.87E-07
0.38938	1.5324	4.84E-07
0.39311	1.5319	4.83E-07
0.39685	1.5314	4.81E-07
0.40058	1.5309	4.8E-07
0.40431	1.5304	4.78E-07
0.40803	1.5299	4.77E-07
0.41176	1.5294	4.76E-07
0.41548	1.529	4.75E-07
0.4192	1.5286	4.74E-07
0.42292	1.5281	4.73E-07
0.42663	1.5277	4.72E-07
0.43035	1.5273	4.71E-07
0.43406	1.5269	4.69E-07
0.43777	1.5266	4.68E-07
0.44148	1.5262	4.67E-07
0.44518	1.5258	4.66E-07
0.44889	1.5255	4.65E-07
0.45259	1.5251	4.64E-07
0.4585	1.5246	4.63E-07
0.4622	1.5243	4.62E-07
0.4659	1.524	4.61E-07
0.46959	1.5237	4.59E-07
0.47328	1.5234	4.58E-07
0.47697	1.5231	4.57E-07
0.48066	1.5228	4.56E-07
0.48434	1.5225	4.55E-07
0.48802	1.5223	4.54E-07
0.4917	1.522	4.53E-07
0.49538	1.5217	4.52E-07
0.49906	1.5215	4.51E-07
0.50273	1.5213	4.5E-07
0.5064	1.521	4.49E-07
0.51008	1.5208	4.48E-07
0.51374	1.5205	4.47E-07
0.51741	1.5203	4.45E-07
0.52107	1.5201	4.44E-07
0.52474	1.5199	4.43E-07
0.5284	1.5197	4.42E-07
0.53205	1.5195	4.41E-07
0.53571	1.5193	4.4E-07
0.53936	1.5191	4.39E-07
0.54302	1.5189	4.38E-07
0.54667	1.5187	4.37E-07
0.55031	1.5185	4.35E-07
0.55396	1.5183	4.34E-07
0.5576	1.5181	4.33E-07
0.56125	1.518	4.32E-07
0.56489	1.5178	4.31E-07
0.56852	1.5176	4.3E-07
0.57216	1.5174	4.29E-07
0.57579	1.5173	4.27E-07
0.57943	1.5171	4.26E-07
0.58306	1.517	4.25E-07
0.58668	1.5168	4.24E-07
0.59031	1.5167	4.23E-07
0.59393	1.5165	4.22E-07
0.59755	1.5164	4.21E-07
0.60117	1.5162	4.19E-07
0.60479	1.5161	4.18E-07
0.60841	1.5159	4.17E-07
0.61202	1.5158	4.16E-07
0.61563	1.5157	4.15E-07
0.61924	1.5155	4.14E-07
0.62285	1.5154	4.13E-07
0.62645	1.5153	4.11E-07
0.63006	1.5151	4.1E-07
0.63366	1.515	4.09E-07
0.63726	1.5149	4.08E-07
0.64086	1.5148	4.07E-07
0.64445	1.5147	4.06E-07
0.64804	1.5145	4.05E-07
0.65164	1.5144	4.03E-07
0.65522	1.5143	4.02E-07
0.65881	1.5142	4.01E-07
0.6624	1.5141	4E-07
0.66598	1.514	3.99E-07
0.66956	1.5139	3.98E-07
0.67314	1.5138	3.97E-07
0.67672	1.5137	3.96E-07
0.68029	1.5135	3.94E-07
0.68386	1.5134	3.93E-07
0.68744	1.5133	3.92E-07
0.691	1.5132	3.91E-07
0.69457	1.5131	3.9E-07
0.69814	1.513	3.89E-07
0.7017	1.513	3.88E-07
0.70526	1.5129	3.87E-07
0.70882	1.5128	3.85E-07
0.71238	1.5127	3.84E-07
0.71593	1.5126	3.83E-07
0.71948	1.5125	3.82E-07
0.72303	1.5124	3.81E-07
0.72658	1.5123	3.8E-07
0.73013	1.5122	3.79E-07
0.73367	1.5121	3.78E-07
0.73722	1.5121	3.77E-07
0.74076	1.512	3.76E-07
0.7443	1.5119	3.75E-07
0.74783	1.5118	3.74E-07
0.75137	1.5117	3.73E-07
0.7549	1.5116	3.71E-07
0.75843	1.5116	3.7E-07
0.76196	1.5115	3.69E-07
0.76548	1.5114	3.68E-07
0.76901	1.5113	3.67E-07
0.77253	1.5113	3.66E-07
0.77605	1.5112	3.65E-07
0.77957	1.5111	3.64E-07
0.78309	1.511	3.63E-07
0.7866	1.511	3.62E-07
0.79011	1.5109	3.61E-07
0.79362	1.5108	3.6E-07
0.79713	1.5107	3.59E-07
0.80064	1.5107	3.58E-07
0.80414	1.5106	3.57E-07
0.80764	1.5105	3.56E-07
0.81114	1.5105	3.55E-07
0.81464	1.5104	3.54E-07
0.81814	1.5103	3.53E-07
0.82163	1.5103	3.52E-07
0.82512	1.5102	3.51E-07
0.82861	1.5101	3.5E-07
0.8321	1.5101	3.49E-07
0.83559	1.51	3.48E-07
0.83907	1.5099	3.47E-07
0.84255	1.5099	3.46E-07
0.84603	1.5098	3.45E-07
0.84951	1.5098	3.44E-07
0.85298	1.5097	3.43E-07
0.85646	1.5096	3.42E-07
0.86132	1.5095	3.41E-07
0.86617	1.5095	3.4E-07
0.86964	1.5094	3.39E-07
0.8731	1.5093	3.38E-07
0.87657	1.5093	3.37E-07
0.88003	1.5092	3.36E-07
0.88348	1.5092	3.35E-07
0.88694	1.5091	3.34E-07
0.89039	1.5091	3.33E-07
0.89384	1.509	3.32E-07
0.89729	1.5089	3.31E-07
0.90074	1.5089	3.31E-07
0.90419	1.5088	3.3E-07
0.90763	1.5088	3.29E-07
0.91107	1.5087	3.28E-07
0.91451	1.5087	3.27E-07
0.9195	1.5086	3.26E-07
0.92139	1.5086	3.25E-07
0.92482	1.5085	3.24E-07
0.92825	1.5085	3.24E-07
0.93168	1.5084	3.23E-07
0.93511	1.5083	3.22E-07
0.93853	1.5083	3.21E-07
0.94196	1.5082	3.2E-07
0.94606	1.5082	3.19E-07
0.95085	1.5081	3.18E-07
0.95563	1.508	3.17E-07
0.96041	1.508	3.16E-07
0.96518	1.5079	3.14E-07
0.96995	1.5078	3.13E-07
0.97472	1.5078	3.12E-07
0.97953	1.5077	3.11E-07
0.98492	1.5076	3.1E-07
0.99035	1.5075	3.08E-07
0.9951	1.5075	3.07E-07
0.99984	1.5074	3.06E-07
1.0046	1.5073	3.05E-07
1.0095	1.5073	3.04E-07
1.0147	1.5072	3.03E-07
1.0195	1.5071	3.02E-07
1.0242	1.5071	3.01E-07
1.0289	1.507	3E-07
1.0343	1.5069	2.98E-07
1.039	1.5069	2.97E-07
1.0437	1.5068	2.96E-07
1.0484	1.5067	2.95E-07
1.0531	1.5067	2.94E-07
1.0578	1.5066	2.93E-07
1.0625	1.5066	2.92E-07
1.0672	1.5065	2.91E-07
1.0719	1.5064	2.9E-07
1.0772	1.5064	2.89E-07
1.0819	1.5063	2.88E-07
1.0873	1.5062	2.87E-07
1.0921	1.5062	2.86E-07
1.0972	1.5061	2.85E-07
1.1061	1.506	2.83E-07
1.1216	1.5058	2.8E-07
1.1371	1.5056	2.77E-07
1.1525	1.5054	2.74E-07
1.1679	1.5052	2.71E-07
1.1833	1.505	2.68E-07
1.1987	1.5048	2.65E-07
1.214	1.5047	2.63E-07
1.2293	1.5045	2.6E-07
1.2446	1.5043	2.57E-07
1.2599	1.5041	2.55E-07
1.2751	1.5039	2.52E-07
1.2904	1.5037	2.5E-07
1.3055	1.5036	2.47E-07
1.3207	1.5034	2.45E-07
1.3358	1.5032	2.42E-07
1.351	1.503	2.4E-07
1.366	1.5028	2.38E-07
1.3811	1.5027	2.35E-07
1.3961	1.5025	2.33E-07
1.4112	1.5023	2.31E-07
1.4261	1.5021	2.29E-07
1.4411	1.5019	2.27E-07
1.456	1.5018	2.25E-07
1.471	1.5016	2.23E-07
1.4858	1.5014	2.21E-07
1.5007	1.5012	2.19E-07
1.5155	1.5011	2.17E-07
1.5303	1.5009	2.15E-07
1.5451	1.5007	2.14E-07
1.5599	1.5005	2.12E-07
1.5746	1.5003	2.1E-07
1.5893	1.5002	2.08E-07
1.604	1.5	2.07E-07
1.6187	1.4998	2.05E-07
1.6333	1.4996	2.03E-07
1.6479	1.4994	2.02E-07
1.6625	1.4993	2E-07
1.677	1.4991	1.99E-07
1.6916	1.4989	1.97E-07
1.7061	1.4987	1.95E-07
1.710	1.4986	0
1.715	1.4985	0
1.720	1.4985	0
1.725	1.4984	0
1.730	1.4983	0
1.735	1.4983	0
1.740	1.4982	0
1.745	1.4981	0
1.750	1.4981	0
1.755	1.498	0
1.760	1.4979	0
1.765	1.4979	0
1.770	1.4978	0
1.775	1.4977	0
1.780	1.4977	0
1.785	1.4976	0
1.790	1.4975	0
1.795	1.4974	0
1.800	1.4974	0
1.805	1.4973	0
1.810	1.4972	0
1.815	1.4972	0
1.820	1.4971	0
1.825	1.497	0
1.830	1.497	0
1.835	1.4969	0
1.840	1.4968	0
1.845	1.4968	0
1.850	1.4967	0
1.855	1.4966	0
1.860	1.4965	0
1.865	1.4965	0
1.870	1.4964	0
1.875	1.4963	0
1.880	1.4963	0
1.885	1.4962	0
1.890	1.4961	0
1.895	1.496	0
1.900	1.496	0
1.905	1.4959	0
1.910	1.4958	0
1.915	1.4958	0
1.920	1.4957	0
1.925	1.4956	0
1.930	1.4955	0
1.935	1.4955	0
1.940	1.4954	0
1.945	1.4953	0
1.950	1.4952	0
1.955	1.4952	0
1.960	1.4951	0
1.965	1.495	0
1.970	1.495	0
1.975	1.4949	0
1.980	1.4948	0
1.985	1.4947	0
1.990	1.4947	0
1.995	1.4946	0
2.000	1.4945	0
2.005	1.4944	0
2.010	1.4944	0
2.015	1.4943	0
2.020	1.4942	0
2.025	1.4941	0
2.030	1.494	0
2.035	1.494	0
2.040	1.4939	0
2.045	1.4938	0
2.050	1.4937	0
2.055	1.4937	0
2.060	1.4936	0
2.065	1.4935	0
2.070	1.4934	0
2.075	1.4934	0
2.080	1.4933	0
2.085	1.4932	0
2.090	1.4931	0
2.095	1.493	0
2.100	1.493	0
2.105	1.4929	0
2.110	1.4928	0
2.115	1.4927	0
2.120	1.4926	0
2.125	1.4926	0
2.130	1.4925	0
2.135	1.4924	0
2.140	1.4923	0
2.145	1.4922	0
2.150	1.4922	0
2.155	1.4921	0
2.160	1.492	0
2.165	1.4919	0
2.170	1.4918	0
2.175	1.4918	0
2.180	1.4917	0
2.185	1.4916	0
2.190	1.4915	0
2.195	1.4914	0
2.200	1.4913	0
2.205	1.4913	0
2.210	1.4912	0
2.215	1.4911	0
2.220	1.491	0
2.225	1.4909	0
2.230	1.4908	0
2.235	1.4908	0
2.240	1.4907	0
2.245	1.4906	0
2.250	1.4905	0
2.255	1.4904	0
2.260	1.4903	0
2.265	1.4903	0
2.270	1.4902	0
2.275	1.4901	0
2.280	1.49	0
2.285	1.4899	0
2.290	1.4898	0
2.295	1.4897	0
2.300	1.4897	0
2.305	1.4896	0
2.310	1.4895	0
2.315	1.4894	0
2.320	1.4893	0
2.325	1.4892	0
2.330	1.4891	0
2.335	1.489	0
2.340	1.489	0
2.345	1.4889	0
2.350	1.4888	0
2.355	1.4887	0
2.360	1.4886	0
2.365	1.4885	0
2.370	1.4884	0
2.375	1.4883	0
2.380	1.4882	0
2.385	1.4882	0
2.390	1.4881	0
2.395	1.488	0
2.400	1.4879	0
2.405	1.4878	0
2.410	1.4877	0
2.415	1.4876	0
2.420	1.4875	0
2.425	1.4874	0
2.430	1.4873	0
2.435	1.4872	0
2.440	1.4871	0
2.445	1.4871	0
2.450	1.487	0
2.455	1.4869	0
2.460	1.4868	0
2.465	1.4867	0
2.470	1.4866	0
2.475	1.4865	0
2.480	1.4864	0
2.485	1.4863	0
2.490	1.4862	0
2.495	1.4861	0
2.500	1.486	0
