    0.0354241     0.583215     0.242129
    0.0356276     0.578676     0.249561
    0.0358336     0.573399     0.257441
    0.0360419     0.565914     0.264198
    0.0362527     0.560658     0.270046
    0.0364659     0.556383     0.277688
    0.0366817     0.552290     0.285543
    0.0369001     0.547910     0.293669
    0.0371210     0.542448     0.302415
    0.0373446     0.535837     0.311509
    0.0375710     0.527803     0.321764
    0.0378001     0.522203     0.331345
    0.0380320     0.517433     0.340587
    0.0382667     0.512007     0.350450
    0.0385044     0.507292     0.360018
    0.0387451     0.504662     0.368237
    0.0389887     0.501667     0.378472
    0.0392355     0.499316     0.389943
    0.0394854     0.495017     0.400309
    0.0397385     0.490609     0.410430
    0.0399949     0.488555     0.423074
    0.0402546     0.486781     0.435673
    0.0405177     0.485226     0.448163
    0.0407843     0.484044     0.460710
    0.0410544     0.483594     0.473676
    0.0413281     0.483571     0.486720
    0.0416054     0.484070     0.499587
    0.0418865     0.485381     0.512748
    0.0421715     0.486431     0.526525
    0.0424603     0.486080     0.539379
    0.0427532     0.485970     0.552291
    0.0430501     0.486307     0.565215
    0.0433511     0.488391     0.577969
    0.0436564     0.491086     0.591670
    0.0439660     0.492445     0.604834
    0.0442801     0.492543     0.619235
    0.0445986     0.493509     0.632079
    0.0449218     0.497471     0.643909
    0.0452497     0.501239     0.655951
    0.0455824     0.504654     0.668025
    0.0459201     0.509139     0.680701
    0.0462628     0.513238     0.693286
    0.0466106     0.515837     0.705946
    0.0469637     0.519881     0.717013
    0.0473222     0.524786     0.726768
    0.0476862     0.528347     0.737202
    0.0480559     0.532107     0.748276
    0.0484313     0.536418     0.758743
    0.0488127     0.541486     0.768737
    0.0492001     0.548504     0.776636
    0.0495937     0.554349     0.785993
    0.0499936     0.559252     0.796494
    0.0504001     0.565162     0.805376
    0.0508132     0.568991     0.813482
    0.0512331     0.574419     0.822727
    0.0516601     0.579265     0.828871
    0.0520942     0.582878     0.834135
    0.0525357     0.586468     0.839367
    0.0529847     0.589757     0.843960
    0.0534415     0.591055     0.846132
    0.0539062     0.586551     0.844854
    0.0543790     0.578647     0.843401
    0.0548603     0.568727     0.843473
    0.0553501     0.555183     0.847777
    0.0558487     0.537124     0.857636
    0.0563564     0.510985     0.890415
    0.0568735     0.490474     0.922153
    0.0574001     0.479117     0.955572
    0.0579365     0.458121      1.02289
    0.0584831     0.463452      1.04554
    0.0590401     0.447723      1.08094
    0.0596078     0.455342      1.12007
    0.0601865     0.471426      1.13712
    0.0607766     0.485116      1.15874
    0.0613783     0.493805      1.19112
    0.0619921     0.498265      1.21626
    0.0626183     0.497729      1.24069
    0.0632572     0.506124      1.27960
    0.0639094     0.519125      1.30922
    0.0645751     0.534677      1.33102
    0.0652548     0.550300      1.35344
    0.0659490     0.568629      1.37764
    0.0666582     0.585029      1.40565
    0.0673827     0.602293      1.43663
    0.0681232     0.619096      1.46698
    0.0688801     0.635480      1.49671
    0.0696540     0.655454      1.52114
    0.0704456     0.678053      1.54605
    0.0712553     0.697565      1.57628
    0.0720838     0.716590      1.60597
    0.0729319     0.736236      1.63562
    0.0738001     0.755634      1.66487
    0.0746893     0.769497      1.69130
    0.0756001     0.784446      1.71707
    0.0765335     0.812446      1.74757
    0.0774901     0.839416      1.77822
    0.0784710     0.865253      1.80933
    0.0794770     0.886733      1.83723
    0.0805092     0.906527      1.86330
    0.0815685     0.922356      1.88968
    0.0826561     0.940895      1.91995
    0.0837731     0.970857      1.96089
    0.0849207     0.985909      2.00208
    0.0861001      1.00270      2.05211
    0.0873128      1.02098      2.11065
    0.0885601      1.03624      2.18020
    0.0898436      1.05626      2.25684
    0.0911648      1.08582      2.35406
    0.0925255      1.10195      2.46575
    0.0939274      1.13545      2.60767
    0.0953725      1.21261      2.77670
    0.0968626      1.34344      3.01723
    0.0984001      1.68147      3.37249
    0.0999872      2.08187      3.51093
     0.101626      2.55438      3.51650
     0.103320      2.84776      3.22011
     0.105071      3.05673      2.96984
     0.106883      3.27834      2.67529
     0.108758      3.43572      2.39791
     0.110700      3.50768      2.17393
     0.112713      3.49100      1.91906
     0.114800      3.50072      1.74941
     0.116966      3.49999      1.60689
     0.119216      3.47187      1.44871
     0.121553      3.45372      1.34403
     0.123984      3.42135      1.25003
     0.126514      3.37725      1.16466
     0.129150      3.32462      1.07099
     0.131898      3.29182      1.01807
     0.134765      3.26269     0.967033
     0.137760      3.24503     0.914939
     0.140891      3.23124     0.865721
     0.144168      3.22611     0.824628
     0.147600      3.22317     0.789468
     0.151200      3.23477     0.751251
     0.154980      3.25218     0.711309
     0.158954      3.28216     0.665263
     0.163137      3.32475     0.613833
     0.167546      3.37108     0.507137
     0.172200      3.42449     0.385650
     0.177120      3.28386    0.0883964
     0.182330      3.10967    0.0291975
     0.187855      2.98895    0.0208773
     0.193725      2.92232    0.0166643
     0.199974      2.86292    0.0122239
     0.206640      2.81757   0.00755748
     0.213766      2.77148   0.00290491
     0.221400      2.72771      0.00000
     0.229600      2.69074      0.00000
     0.238431      2.66696      0.00000
     0.247968      2.63874      0.00000
     0.258300      2.60596      0.00000
     0.269531      2.58176      0.00000
     0.281782      2.56088      0.00000
     0.295200      2.54132      0.00000
     0.309960      2.52363      0.00000
     0.326274      2.50581      0.00000
     0.344401      2.48787      0.00000
     0.364659      2.47332      0.00000
     0.387451      2.46499      0.00000
     0.413281      2.45505      0.00000
     0.442801      2.44125      0.00000
     0.476862      2.43148      0.00000
     0.516601      2.42708      0.00000
     0.563564      2.42086      0.00000
     0.619921      2.41143      0.00000
     0.688801      2.40654      0.00000
     0.774901      2.40620      0.00000
     0.885601      2.40004      0.00000
      1.03320      2.39052      0.00000
      1.23984      2.38812      0.00000
      1.54980      2.38778      0.00000
      2.06640      2.38324      0.00000
      3.09960      2.37852      0.00000
      6.19921      2.37818      0.00000
      10.0000      2.37783      0.00000
