0.360    1.459   0.0
0.408   1.443   0.0
0.449   1.438   0.0
0.556   1.434   0.0
0.702   1.432   0.0
0.714   1.432   0.0
0.725   1.432   0.0
0.735   1.431   0.0
0.746   1.431   2.26e-8
0.758   1.431   3.13e-8
0.769   1.431   3.92e-8
0.781   1.431   4.85e-8
0.794   1.430   5.71e-8
0.806   1.430   7.06e-8
0.820   1.430   8.35e-8
0.833   1.430   9.95e-8
0.847   1.430   1.17e-7
0.862   1.429   1.34e-7
0.877   1.429   1.52e-7
0.893   1.428   1.71e-7
0.909   1.428   1.97e-7
0.926   1.428   2.39e-7
0.943   1.427   3.27e-7
0.962   1.427   4.53e-7
0.980   1.427   6.20e-7
1.000   1.427   8.67e-7
1.020   1.427   1.11e-6
1.042   1.426   1.32e-6
1.064   1.426   1.40e-6
1.087   1.425   1.44e-6
1.111   1.425   1.51e-6
1.136   1.424   1.69e-6
1.163   1.423   1.94e-6
1.190   1.423   2.29e-6
1.220   1.422   2.91e-6
1.250   1.422   3.96e-6
1.266   1.422   4.68e-6
1.282   1.421   5.61e-6
1.299   1.420   6.67e-6
1.316   1.420   7.85e-6
1.333   1.419   9.44e-6
1.351   1.418   1.15e-5
1.370   1.417   1.38e-5
1.389   1.416   1.65e-5
1.408   1.416   1.98e-5
1.429   1.416   2.54e-5
1.449   1.415   3.40e-5
1.471   1.414   4.53e-5
1.493   1.413   6.21e-5
1.515   1.412   7.85e-5
1.538   1.411   9.88e-5
1.563   1.410   1.24e-4
1.587   1.410   1.52e-4
1.613   1.409   1.81e-4
1.639   1.408   2.14e-4
1.667   1.407   2.55e-4
1.695   1.406   2.99e-4
1.724   1.405   3.48e-4
1.754   1.404   4.02e-4
1.786   1.404   4.52e-4
1.818   1.403   4.93e-4
1.852   1.401   5.33e-4
1.887   1.400   5.86e-4
1.923   1.399   6.58e-4
1.961   1.398   7.41e-4
2.000   1.396   8.37e-4
2.041   1.394   8.93e-4
2.083   1.393   9.47e-4
2.128   1.391   1.02e-3
2.174   1.388   1.15e-3
2.222   1.385   1.29e-3
2.273   1.383   1.41e-3
2.326   1.379   1.62e-3
2.381   1.376   1.71e-3
2.439   1.372   1.86e-3
2.500   1.368   2.11e-3
