     0.000000      2.71775   0.00253125
     0.200000      2.71775   0.00253125
     0.201000      2.70420   0.00250613
     0.202000      2.69116   0.00248137
     0.203000      2.67861   0.00245699
     0.204000      2.66651   0.00243296
     0.205000      2.65484   0.00240928
     0.206000      2.64359   0.00238595
     0.207000      2.63272   0.00236295
     0.208000      2.62222   0.00234028
     0.209000      2.61207   0.00231794
     0.210000      2.60225   0.00229592
     0.211000      2.59275   0.00227421
     0.212000      2.58355   0.00225280
     0.213000      2.57464   0.00223170
     0.214000      2.56600   0.00221089
     0.215000      2.55762   0.00219037
     0.216000      2.54949   0.00217014
     0.217000      2.54160   0.00215018
     0.218000      2.53394   0.00213050
     0.219000      2.52650   0.00211109
     0.220000      2.51926   0.00209194
     0.221000      2.51223   0.00207305
     0.222000      2.50539   0.00205442
     0.223000      2.49874   0.00203604
     0.224000      2.49226   0.00201790
     0.225000      2.48595   0.00200000
     0.226000      2.47981   0.00198234
     0.227000      2.47382   0.00196491
     0.228000      2.46799   0.00194771
     0.229000      2.46230   0.00193074
     0.230000      2.45675   0.00191399
     0.231000      2.45134   0.00189745
     0.232000      2.44606   0.00188113
     0.233000      2.44091   0.00186502
     0.234000      2.43588   0.00184911
     0.235000      2.43096   0.00183341
     0.236000      2.42616   0.00181790
     0.237000      2.42147   0.00180260
     0.238000      2.41688   0.00178748
     0.239000      2.41240   0.00177255
     0.240000      2.40801   0.00175781
     0.241000      2.40372   0.00174326
     0.242000      2.39953   0.00172888
     0.243000      2.39542   0.00171468
     0.244000      2.39141   0.00170065
     0.245000      2.38747   0.00168680
     0.246000      2.38362   0.00167311
     0.247000      2.37985   0.00165959
     0.248000      2.37615   0.00164623
     0.249000      2.37253   0.00163304
     0.250000      2.36899   0.00162000
     0.251000      2.36551   0.00160712
     0.252000      2.36210   0.00159439
     0.253000      2.35876   0.00158181
     0.254000      2.35548   0.00156938
     0.255000      2.35226   0.00155709
     0.256000      2.34911   0.00154495
     0.257000      2.34602   0.00153295
     0.258000      2.34298   0.00152109
     0.259000      2.34000   0.00150937
     0.260000      2.33707   0.00149778
     0.261000      2.33420   0.00148633
     0.262000      2.33138   0.00147500
     0.263000      2.32861   0.00146381
     0.264000      2.32589   0.00145274
     0.265000      2.32322   0.00144179
     0.266000      2.32059   0.00143097
     0.267000      2.31801   0.00142028
     0.268000      2.31547   0.00140970
     0.269000      2.31298   0.00139923
     0.270000      2.31053   0.00138889
     0.271000      2.30812   0.00137866
     0.272000      2.30575   0.00136854
     0.273000      2.30342   0.00135853
     0.274000      2.30113   0.00134863
     0.275000      2.29887   0.00133884
     0.276000      2.29666   0.00132916
     0.277000      2.29447   0.00131958
     0.278000      2.29233   0.00131010
     0.279000      2.29021   0.00130073
     0.280000      2.28813   0.00129145
     0.281000      2.28609   0.00128228
     0.282000      2.28407   0.00127320
     0.283000      2.28209   0.00126422
     0.284000      2.28013   0.00125533
     0.285000      2.27821   0.00124654
     0.286000      2.27632   0.00123784
     0.287000      2.27445   0.00122922
     0.288000      2.27261   0.00122070
     0.289000      2.27080   0.00121227
     0.290000      2.26902   0.00120392
     0.291000      2.26726   0.00119566
     0.292000      2.26552   0.00118749
     0.293000      2.26382   0.00117940
     0.294000      2.26213   0.00117139
     0.295000      2.26047   0.00116346
     0.296000      2.25884   0.00115561
     0.297000      2.25723   0.00114784
     0.298000      2.25564   0.00114015
     0.299000      2.25407   0.00113254
     0.300000      2.25252   0.00112500
     0.301000      2.25100   0.00111754
     0.302000      2.24950   0.00111015
     0.303000      2.24801   0.00110283
     0.304000      2.24655   0.00109559
     0.305000      2.24511   0.00108842
     0.306000      2.24368   0.00108131
     0.307000      2.24228   0.00107428
     0.308000      2.24089   0.00106732
     0.309000      2.23952   0.00106042
     0.310000      2.23817   0.00105359
     0.311000      2.23684   0.00104683
     0.312000      2.23552   0.00104013
     0.313000      2.23423   0.00103349
     0.314000      2.23294   0.00102692
     0.315000      2.23168   0.00102041
     0.316000      2.23043   0.00101396
     0.317000      2.22919   0.00100757
     0.318000      2.22798   0.00100125
     0.319000      2.22677  0.000994978
     0.320000      2.22558  0.000988770
     0.321000      2.22441  0.000982619
     0.322000      2.22325  0.000976525
     0.323000      2.22211  0.000970487
     0.324000      2.22098  0.000964506
     0.325000      2.21986  0.000958580
     0.326000      2.21875  0.000952708
     0.327000      2.21766  0.000946890
     0.328000      2.21659  0.000941125
     0.329000      2.21552  0.000935413
     0.330000      2.21447  0.000929752
     0.331000      2.21343  0.000924143
     0.332000      2.21240  0.000918584
     0.333000      2.21138  0.000913075
     0.334000      2.21038  0.000907616
     0.335000      2.20939  0.000902205
     0.336000      2.20841  0.000896843
     0.337000      2.20744  0.000891528
     0.338000      2.20648  0.000886261
     0.339000      2.20553  0.000881040
     0.340000      2.20459  0.000875865
     0.341000      2.20366  0.000870735
     0.342000      2.20275  0.000865651
     0.343000      2.20184  0.000860611
     0.344000      2.20094  0.000855615
     0.345000      2.20006  0.000850662
     0.346000      2.19918  0.000845751
     0.347000      2.19831  0.000840884
     0.348000      2.19746  0.000836058
     0.349000      2.19661  0.000831274
     0.350000      2.19577  0.000826531
     0.351000      2.19494  0.000821828
     0.352000      2.19412  0.000817165
     0.353000      2.19330  0.000812542
     0.354000      2.19250  0.000807957
     0.355000      2.19170  0.000803412
     0.356000      2.19091  0.000798905
     0.357000      2.19013  0.000794435
     0.358000      2.18936  0.000790003
     0.359000      2.18860  0.000785608
     0.360000      2.18784  0.000781250
     0.361000      2.18710  0.000776928
     0.362000      2.18636  0.000772641
     0.363000      2.18562  0.000768390
     0.364000      2.18490  0.000764174
     0.365000      2.18418  0.000759992
     0.366000      2.18347  0.000755845
     0.367000      2.18277  0.000751732
     0.368000      2.18207  0.000747652
     0.369000      2.18138  0.000743605
     0.370000      2.18070  0.000739591
     0.371000      2.18002  0.000735609
     0.372000      2.17935  0.000731660
     0.373000      2.17869  0.000727742
     0.374000      2.17803  0.000723855
     0.375000      2.17738  0.000720000
     0.376000      2.17674  0.000716175
     0.377000      2.17610  0.000712381
     0.378000      2.17547  0.000708617
     0.379000      2.17484  0.000704882
     0.380000      2.17422  0.000701177
     0.381000      2.17361  0.000697501
     0.382000      2.17300  0.000693854
     0.383000      2.17240  0.000690236
     0.384000      2.17180  0.000686646
     0.385000      2.17121  0.000683083
     0.386000      2.17063  0.000679548
     0.387000      2.17005  0.000676041
     0.388000      2.16947  0.000672561
     0.389000      2.16890  0.000669107
     0.390000      2.16834  0.000665680
     0.391000      2.16778  0.000662280
     0.392000      2.16723  0.000658905
     0.393000      2.16668  0.000655556
     0.394000      2.16613  0.000652233
     0.395000      2.16560  0.000648935
     0.396000      2.16506  0.000645661
     0.397000      2.16453  0.000642412
     0.398000      2.16401  0.000639188
     0.399000      2.16349  0.000635989
     0.400000      2.16297  0.000632812
     0.401000      2.16246  0.000629660
     0.402000      2.16195  0.000626531
     0.403000      2.16145  0.000623426
     0.404000      2.16095  0.000620344
     0.405000      2.16046  0.000617284
     0.406000      2.15997  0.000614247
     0.407000      2.15949  0.000611232
     0.408000      2.15901  0.000608240
     0.409000      2.15853  0.000605269
     0.410000      2.15806  0.000602320
     0.411000      2.15759  0.000599393
     0.412000      2.15712  0.000596486
     0.413000      2.15666  0.000593601
     0.414000      2.15621  0.000590737
     0.415000      2.15575  0.000587894
     0.416000      2.15531  0.000585071
     0.417000      2.15486  0.000582268
     0.418000      2.15442  0.000579485
     0.419000      2.15398  0.000576723
     0.420000      2.15355  0.000573980
     0.421000      2.15312  0.000571256
     0.422000      2.15269  0.000568552
     0.423000      2.15226  0.000565867
     0.424000      2.15184  0.000563201
     0.425000      2.15143  0.000560554
     0.426000      2.15101  0.000557925
     0.427000      2.15060  0.000555315
     0.428000      2.15020  0.000552723
     0.429000      2.14979  0.000550149
     0.430000      2.14939  0.000547593
     0.431000      2.14900  0.000545055
     0.432000      2.14860  0.000542535
     0.433000      2.14821  0.000540032
     0.434000      2.14782  0.000537546
     0.435000      2.14744  0.000535077
     0.436000      2.14706  0.000532626
     0.437000      2.14668  0.000530191
     0.438000      2.14630  0.000527773
     0.439000      2.14593  0.000525371
     0.440000      2.14556  0.000522986
     0.441000      2.14519  0.000520616
     0.442000      2.14483  0.000518263
     0.443000      2.14447  0.000515926
     0.444000      2.14411  0.000513605
     0.445000      2.14375  0.000511299
     0.446000      2.14340  0.000509009
     0.447000      2.14305  0.000506734
     0.448000      2.14270  0.000504474
     0.449000      2.14235  0.000502230
     0.450000      2.14201  0.000500000
     0.451000      2.14167  0.000497785
     0.452000      2.14133  0.000495585
     0.453000      2.14100  0.000493399
     0.454000      2.14067  0.000491228
     0.455000      2.14034  0.000489071
     0.456000      2.14001  0.000486929
     0.457000      2.13968  0.000484800
     0.458000      2.13936  0.000482685
     0.459000      2.13904  0.000480584
     0.460000      2.13872  0.000478497
     0.461000      2.13841  0.000476423
     0.462000      2.13809  0.000474363
     0.463000      2.13778  0.000472316
     0.464000      2.13747  0.000470283
     0.465000      2.13717  0.000468262
     0.466000      2.13686  0.000466255
     0.467000      2.13656  0.000464260
     0.468000      2.13626  0.000462278
     0.469000      2.13596  0.000460309
     0.470000      2.13566  0.000458352
     0.471000      2.13537  0.000456408
     0.472000      2.13508  0.000454476
     0.473000      2.13479  0.000452556
     0.474000      2.13450  0.000450649
     0.475000      2.13422  0.000448753
     0.476000      2.13393  0.000446870
     0.477000      2.13365  0.000444998
     0.478000      2.13337  0.000443138
     0.479000      2.13309  0.000441290
     0.480000      2.13282  0.000439453
     0.481000      2.13254  0.000437628
     0.482000      2.13227  0.000435814
     0.483000      2.13200  0.000434011
     0.484000      2.13173  0.000432219
     0.485000      2.13146  0.000430439
     0.486000      2.13120  0.000428669
     0.487000      2.13094  0.000426911
     0.488000      2.13068  0.000425163
     0.489000      2.13042  0.000423426
     0.490000      2.13016  0.000421699
     0.491000      2.12990  0.000419983
     0.492000      2.12965  0.000418278
     0.493000      2.12940  0.000416583
     0.494000      2.12914  0.000414898
     0.495000      2.12890  0.000413223
     0.496000      2.12865  0.000411559
     0.497000      2.12840  0.000409904
     0.498000      2.12816  0.000408259
     0.499000      2.12791  0.000406625
     0.500000      2.12767  0.000405000
     0.501000      2.12743  0.000403385
     0.502000      2.12720  0.000401779
     0.503000      2.12696  0.000400183
     0.504000      2.12672  0.000398597
     0.505000      2.12649  0.000397020
     0.506000      2.12626  0.000395452
     0.507000      2.12603  0.000393894
     0.508000      2.12580  0.000392344
     0.509000      2.12557  0.000390804
     0.510000      2.12535  0.000389273
     0.511000      2.12512  0.000387751
     0.512000      2.12490  0.000386238
     0.513000      2.12468  0.000384734
     0.514000      2.12446  0.000383238
     0.515000      2.12424  0.000381751
     0.516000      2.12402  0.000380273
     0.517000      2.12380  0.000378803
     0.518000      2.12359  0.000377342
     0.519000      2.12338  0.000375890
     0.520000      2.12316  0.000374445
     0.521000      2.12295  0.000373009
     0.522000      2.12274  0.000371581
     0.523000      2.12253  0.000370162
     0.524000      2.12233  0.000368750
     0.525000      2.12212  0.000367347
     0.526000      2.12192  0.000365952
     0.527000      2.12171  0.000364564
     0.528000      2.12151  0.000363184
     0.529000      2.12131  0.000361813
     0.530000      2.12111  0.000360448
     0.531000      2.12091  0.000359092
     0.532000      2.12072  0.000357744
     0.533000      2.12052  0.000356402
     0.534000      2.12033  0.000355069
     0.535000      2.12013  0.000353743
     0.536000      2.11994  0.000352424
     0.537000      2.11975  0.000351113
     0.538000      2.11956  0.000349809
     0.539000      2.11937  0.000348512
     0.540000      2.11918  0.000347222
     0.541000      2.11899  0.000345940
     0.542000      2.11881  0.000344664
     0.543000      2.11862  0.000343396
     0.544000      2.11844  0.000342135
     0.545000      2.11826  0.000340880
     0.546000      2.11808  0.000339633
     0.547000      2.11790  0.000338392
     0.548000      2.11772  0.000337158
     0.549000      2.11754  0.000335931
     0.550000      2.11736  0.000334711
     0.551000      2.11719  0.000333497
     0.552000      2.11701  0.000332290
     0.553000      2.11684  0.000331089
     0.554000      2.11666  0.000329895
     0.555000      2.11649  0.000328707
     0.556000      2.11632  0.000327526
     0.557000      2.11615  0.000326351
     0.558000      2.11598  0.000325182
     0.559000      2.11581  0.000324020
     0.560000      2.11564  0.000322864
     0.561000      2.11548  0.000321714
     0.562000      2.11531  0.000320570
     0.563000      2.11515  0.000319432
     0.564000      2.11498  0.000318300
     0.565000      2.11482  0.000317174
     0.566000      2.11466  0.000316055
     0.567000      2.11450  0.000314941
     0.568000      2.11434  0.000313833
     0.569000      2.11418  0.000312731
     0.570000      2.11402  0.000311634
     0.571000      2.11386  0.000310544
     0.572000      2.11371  0.000309459
     0.573000      2.11355  0.000308380
     0.574000      2.11340  0.000307306
     0.575000      2.11324  0.000306238
     0.576000      2.11309  0.000305176
     0.577000      2.11294  0.000304119
     0.578000      2.11279  0.000303067
     0.579000      2.11264  0.000302022
     0.580000      2.11249  0.000300981
     0.581000      2.11234  0.000299946
     0.582000      2.11219  0.000298916
     0.583000      2.11204  0.000297891
     0.584000      2.11190  0.000296872
     0.585000      2.11175  0.000295858
     0.586000      2.11160  0.000294849
     0.587000      2.11146  0.000293845
     0.588000      2.11132  0.000292847
     0.589000      2.11117  0.000291853
     0.590000      2.11103  0.000290865
     0.591000      2.11089  0.000289881
     0.592000      2.11075  0.000288903
     0.593000      2.11061  0.000287929
     0.594000      2.11047  0.000286961
     0.595000      2.11033  0.000285997
     0.596000      2.11019  0.000285038
     0.597000      2.11006  0.000284084
     0.598000      2.10992  0.000283134
     0.599000      2.10979  0.000282190
     0.600000      2.10965  0.000281250
     0.601000      2.10952  0.000280315
     0.602000      2.10938  0.000279384
     0.603000      2.10925  0.000278458
     0.604000      2.10912  0.000277537
     0.605000      2.10899  0.000276620
     0.606000      2.10886  0.000275708
     0.607000      2.10873  0.000274801
     0.608000      2.10860  0.000273897
     0.609000      2.10847  0.000272999
     0.610000      2.10834  0.000272104
     0.611000      2.10821  0.000271214
     0.612000      2.10809  0.000270329
     0.613000      2.10796  0.000269447
     0.614000      2.10783  0.000268570
     0.615000      2.10771  0.000267698
     0.616000      2.10759  0.000266829
     0.617000      2.10746  0.000265965
     0.618000      2.10734  0.000265105
     0.619000      2.10722  0.000264249
     0.620000      2.10709  0.000263397
     0.621000      2.10697  0.000262550
     0.622000      2.10685  0.000261706
     0.623000      2.10673  0.000260867
     0.624000      2.10661  0.000260031
     0.625000      2.10649  0.000259200
     0.626000      2.10638  0.000258373
     0.627000      2.10626  0.000257549
     0.628000      2.10614  0.000256729
     0.629000      2.10602  0.000255914
     0.630000      2.10591  0.000255102
     0.631000      2.10579  0.000254294
     0.632000      2.10568  0.000253490
     0.633000      2.10556  0.000252690
     0.634000      2.10545  0.000251893
     0.635000      2.10534  0.000251101
     0.636000      2.10522  0.000250312
     0.637000      2.10511  0.000249526
     0.638000      2.10500  0.000248745
     0.639000      2.10489  0.000247967
     0.640000      2.10478  0.000247192
     0.641000      2.10467  0.000246422
     0.642000      2.10456  0.000245655
     0.643000      2.10445  0.000244891
     0.644000      2.10434  0.000244131
     0.645000      2.10423  0.000243375
     0.646000      2.10413  0.000242622
     0.647000      2.10402  0.000241872
     0.648000      2.10391  0.000241127
     0.649000      2.10381  0.000240384
     0.650000      2.10370  0.000239645
     0.651000      2.10360  0.000238909
     0.652000      2.10349  0.000238177
     0.653000      2.10339  0.000237448
     0.654000      2.10328  0.000236722
     0.655000      2.10318  0.000236000
     0.656000      2.10308  0.000235281
     0.657000      2.10298  0.000234566
     0.658000      2.10287  0.000233853
     0.659000      2.10277  0.000233144
     0.660000      2.10267  0.000232438
     0.661000      2.10257  0.000231735
     0.662000      2.10247  0.000231036
     0.663000      2.10237  0.000230339
     0.664000      2.10227  0.000229646
     0.665000      2.10218  0.000228956
     0.666000      2.10208  0.000228269
     0.667000      2.10198  0.000227585
     0.668000      2.10188  0.000226904
     0.669000      2.10179  0.000226226
     0.670000      2.10169  0.000225551
     0.671000      2.10159  0.000224880
     0.672000      2.10150  0.000224211
     0.673000      2.10140  0.000223545
     0.674000      2.10131  0.000222882
     0.675000      2.10121  0.000222222
     0.676000      2.10112  0.000221565
     0.677000      2.10103  0.000220911
     0.678000      2.10093  0.000220260
     0.679000      2.10084  0.000219612
     0.680000      2.10075  0.000218966
     0.681000      2.10066  0.000218324
     0.682000      2.10057  0.000217684
     0.683000      2.10047  0.000217047
     0.684000      2.10038  0.000216413
     0.685000      2.10029  0.000215781
     0.686000      2.10020  0.000215153
     0.687000      2.10011  0.000214527
     0.688000      2.10003  0.000213904
     0.689000      2.09994  0.000213283
     0.690000      2.09985  0.000212665
     0.691000      2.09976  0.000212050
     0.692000      2.09967  0.000211438
     0.693000      2.09959  0.000210828
     0.694000      2.09950  0.000210221
     0.695000      2.09941  0.000209616
     0.696000      2.09933  0.000209015
     0.697000      2.09924  0.000208415
     0.698000      2.09916  0.000207818
     0.699000      2.09907  0.000207224
     0.700000      2.09899  0.000206633
     0.701000      2.09890  0.000206044
     0.702000      2.09882  0.000205457
     0.703000      2.09873  0.000204873
     0.704000      2.09865  0.000204291
     0.705000      2.09857  0.000203712
     0.706000      2.09849  0.000203135
     0.707000      2.09840  0.000202561
     0.708000      2.09832  0.000201989
     0.709000      2.09824  0.000201420
     0.710000      2.09816  0.000200853
     0.711000      2.09808  0.000200288
     0.712000      2.09800  0.000199726
     0.713000      2.09792  0.000199166
     0.714000      2.09784  0.000198609
     0.715000      2.09776  0.000198054
     0.716000      2.09768  0.000197501
     0.717000      2.09760  0.000196950
     0.718000      2.09752  0.000196402
     0.719000      2.09744  0.000195856
     0.720000      2.09736  0.000195312
     0.721000      2.09729  0.000194771
     0.722000      2.09721  0.000194232
     0.723000      2.09713  0.000193695
     0.724000      2.09706  0.000193160
     0.725000      2.09698  0.000192628
     0.726000      2.09690  0.000192098
     0.727000      2.09683  0.000191569
     0.728000      2.09675  0.000191043
     0.729000      2.09668  0.000190520
     0.730000      2.09660  0.000189998
     0.731000      2.09653  0.000189479
     0.732000      2.09645  0.000188961
     0.733000      2.09638  0.000188446
     0.734000      2.09630  0.000187933
     0.735000      2.09623  0.000187422
     0.736000      2.09616  0.000186913
     0.737000      2.09608  0.000186406
     0.738000      2.09601  0.000185901
     0.739000      2.09594  0.000185398
     0.740000      2.09587  0.000184898
     0.741000      2.09580  0.000184399
     0.742000      2.09572  0.000183902
     0.743000      2.09565  0.000183408
     0.744000      2.09558  0.000182915
     0.745000      2.09551  0.000182424
     0.746000      2.09544  0.000181935
     0.747000      2.09537  0.000181449
     0.748000      2.09530  0.000180964
     0.749000      2.09523  0.000180481
     0.750000      2.09516  0.000180000
     0.751000      2.09509  0.000179521
     0.752000      2.09502  0.000179044
     0.753000      2.09496  0.000178569
     0.754000      2.09489  0.000178095
     0.755000      2.09482  0.000177624
     0.756000      2.09475  0.000177154
     0.757000      2.09468  0.000176686
     0.758000      2.09462  0.000176221
     0.759000      2.09455  0.000175757
     0.760000      2.09448  0.000175294
     0.761000      2.09442  0.000174834
     0.762000      2.09435  0.000174375
     0.763000      2.09428  0.000173919
     0.764000      2.09422  0.000173464
     0.765000      2.09415  0.000173010
     0.766000      2.09409  0.000172559
     0.767000      2.09402  0.000172109
     0.768000      2.09396  0.000171661
     0.769000      2.09389  0.000171215
     0.770000      2.09383  0.000170771
     0.771000      2.09376  0.000170328
     0.772000      2.09370  0.000169887
     0.773000      2.09364  0.000169448
     0.774000      2.09357  0.000169010
     0.775000      2.09351  0.000168574
     0.776000      2.09345  0.000168140
     0.777000      2.09338  0.000167708
     0.778000      2.09332  0.000167277
     0.779000      2.09326  0.000166848
     0.780000      2.09320  0.000166420
     0.781000      2.09313  0.000165994
     0.782000      2.09307  0.000165570
     0.783000      2.09301  0.000165147
     0.784000      2.09295  0.000164726
     0.785000      2.09289  0.000164307
     0.786000      2.09283  0.000163889
     0.787000      2.09277  0.000163473
     0.788000      2.09271  0.000163058
     0.789000      2.09265  0.000162645
     0.790000      2.09259  0.000162234
     0.791000      2.09253  0.000161824
     0.792000      2.09247  0.000161415
     0.793000      2.09241  0.000161008
     0.794000      2.09235  0.000160603
     0.795000      2.09229  0.000160199
     0.796000      2.09223  0.000159797
     0.797000      2.09217  0.000159396
     0.798000      2.09211  0.000158997
     0.799000      2.09206  0.000158599
     0.800000      2.09200  0.000158203
     0.801000      2.09194  0.000157808
     0.802000      2.09188  0.000157415
     0.803000      2.09183  0.000157023
     0.804000      2.09177  0.000156633
     0.805000      2.09171  0.000156244
     0.806000      2.09165  0.000155857
     0.807000      2.09160  0.000155471
     0.808000      2.09154  0.000155086
     0.809000      2.09149  0.000154703
     0.810000      2.09143  0.000154321
     0.811000      2.09137  0.000153941
     0.812000      2.09132  0.000153562
     0.813000      2.09126  0.000153184
     0.814000      2.09121  0.000152808
     0.815000      2.09115  0.000152433
     0.816000      2.09110  0.000152060
     0.817000      2.09104  0.000151688
     0.818000      2.09099  0.000151317
     0.819000      2.09093  0.000150948
     0.820000      2.09088  0.000150580
     0.821000      2.09083  0.000150213
     0.822000      2.09077  0.000149848
     0.823000      2.09072  0.000149484
     0.824000      2.09066  0.000149122
     0.825000      2.09061  0.000148760
     0.826000      2.09056  0.000148400
     0.827000      2.09050  0.000148042
     0.828000      2.09045  0.000147684
     0.829000      2.09040  0.000147328
     0.830000      2.09035  0.000146973
     0.831000      2.09029  0.000146620
     0.832000      2.09024  0.000146268
     0.833000      2.09019  0.000145917
     0.834000      2.09014  0.000145567
     0.835000      2.09009  0.000145219
     0.836000      2.09004  0.000144871
     0.837000      2.08998  0.000144525
     0.838000      2.08993  0.000144181
     0.839000      2.08988  0.000143837
     0.840000      2.08983  0.000143495
     0.841000      2.08978  0.000143154
     0.842000      2.08973  0.000142814
     0.843000      2.08968  0.000142475
     0.844000      2.08963  0.000142138
     0.845000      2.08958  0.000141802
     0.846000      2.08953  0.000141467
     0.847000      2.08948  0.000141133
     0.848000      2.08943  0.000140800
     0.849000      2.08938  0.000140469
     0.850000      2.08933  0.000140138
     0.851000      2.08928  0.000139809
     0.852000      2.08923  0.000139481
     0.853000      2.08918  0.000139154
     0.854000      2.08914  0.000138829
     0.855000      2.08909  0.000138504
     0.856000      2.08904  0.000138181
     0.857000      2.08899  0.000137858
     0.858000      2.08894  0.000137537
     0.859000      2.08890  0.000137217
     0.860000      2.08885  0.000136898
     0.861000      2.08880  0.000136581
     0.862000      2.08875  0.000136264
     0.863000      2.08870  0.000135948
     0.864000      2.08866  0.000135634
     0.865000      2.08861  0.000135320
     0.866000      2.08856  0.000135008
     0.867000      2.08852  0.000134697
     0.868000      2.08847  0.000134386
     0.869000      2.08842  0.000134077
     0.870000      2.08838  0.000133769
     0.871000      2.08833  0.000133462
     0.872000      2.08829  0.000133156
     0.873000      2.08824  0.000132852
     0.874000      2.08819  0.000132548
     0.875000      2.08815  0.000132245
     0.876000      2.08810  0.000131943
     0.877000      2.08806  0.000131642
     0.878000      2.08801  0.000131343
     0.879000      2.08797  0.000131044
     0.880000      2.08792  0.000130746
     0.881000      2.08788  0.000130450
     0.882000      2.08783  0.000130154
     0.883000      2.08779  0.000129859
     0.884000      2.08774  0.000129566
     0.885000      2.08770  0.000129273
     0.886000      2.08765  0.000128982
     0.887000      2.08761  0.000128691
     0.888000      2.08757  0.000128401
     0.889000      2.08752  0.000128113
     0.890000      2.08748  0.000127825
     0.891000      2.08743  0.000127538
     0.892000      2.08739  0.000127252
     0.893000      2.08735  0.000126967
     0.894000      2.08730  0.000126683
     0.895000      2.08726  0.000126401
     0.896000      2.08722  0.000126119
     0.897000      2.08718  0.000125838
     0.898000      2.08713  0.000125557
     0.899000      2.08709  0.000125278
     0.900000      2.08705  0.000125000
     0.901000      2.08700  0.000124723
     0.902000      2.08696  0.000124446
     0.903000      2.08692  0.000124171
     0.904000      2.08688  0.000123896
     0.905000      2.08684  0.000123623
     0.906000      2.08679  0.000123350
     0.907000      2.08675  0.000123078
     0.908000      2.08671  0.000122807
     0.909000      2.08667  0.000122537
     0.910000      2.08663  0.000122268
     0.911000      2.08659  0.000122000
     0.912000      2.08655  0.000121732
     0.913000      2.08650  0.000121466
     0.914000      2.08646  0.000121200
     0.915000      2.08642  0.000120935
     0.916000      2.08638  0.000120671
     0.917000      2.08634  0.000120408
     0.918000      2.08630  0.000120146
     0.919000      2.08626  0.000119885
     0.920000      2.08622  0.000119624
     0.921000      2.08618  0.000119365
     0.922000      2.08614  0.000119106
     0.923000      2.08610  0.000118848
     0.924000      2.08606  0.000118591
     0.925000      2.08602  0.000118335
     0.926000      2.08598  0.000118079
     0.927000      2.08594  0.000117825
     0.928000      2.08590  0.000117571
     0.929000      2.08586  0.000117318
     0.930000      2.08582  0.000117066
     0.931000      2.08578  0.000116814
     0.932000      2.08575  0.000116564
     0.933000      2.08571  0.000116314
     0.934000      2.08567  0.000116065
     0.935000      2.08563  0.000115817
     0.936000      2.08559  0.000115570
     0.937000      2.08555  0.000115323
     0.938000      2.08551  0.000115077
     0.939000      2.08547  0.000114832
     0.940000      2.08544  0.000114588
     0.941000      2.08540  0.000114345
     0.942000      2.08536  0.000114102
     0.943000      2.08532  0.000113860
     0.944000      2.08528  0.000113619
     0.945000      2.08525  0.000113379
     0.946000      2.08521  0.000113139
     0.947000      2.08517  0.000112900
     0.948000      2.08513  0.000112662
     0.949000      2.08510  0.000112425
     0.950000      2.08506  0.000112188
     0.951000      2.08502  0.000111953
     0.952000      2.08499  0.000111717
     0.953000      2.08495  0.000111483
     0.954000      2.08491  0.000111250
     0.955000      2.08487  0.000111017
     0.956000      2.08484  0.000110785
     0.957000      2.08480  0.000110553
     0.958000      2.08476  0.000110322
     0.959000      2.08473  0.000110093
     0.960000      2.08469  0.000109863
     0.961000      2.08466  0.000109635
     0.962000      2.08462  0.000109407
     0.963000      2.08458  0.000109180
     0.964000      2.08455  0.000108953
     0.965000      2.08451  0.000108728
     0.966000      2.08448  0.000108503
     0.967000      2.08444  0.000108278
     0.968000      2.08440  0.000108055
     0.969000      2.08437  0.000107832
     0.970000      2.08433  0.000107610
     0.971000      2.08430  0.000107388
     0.972000      2.08426  0.000107167
     0.973000      2.08423  0.000106947
     0.974000      2.08419  0.000106728
     0.975000      2.08416  0.000106509
     0.976000      2.08412  0.000106291
     0.977000      2.08409  0.000106073
     0.978000      2.08405  0.000105856
     0.979000      2.08402  0.000105640
     0.980000      2.08398  0.000105425
     0.981000      2.08395  0.000105210
     0.982000      2.08391  0.000104996
     0.983000      2.08388  0.000104782
     0.984000      2.08384  0.000104569
     0.985000      2.08381  0.000104357
     0.986000      2.08378  0.000104146
     0.987000      2.08374  0.000103935
     0.988000      2.08371  0.000103724
     0.989000      2.08367  0.000103515
     0.990000      2.08364  0.000103306
     0.991000      2.08361  0.000103097
     0.992000      2.08357  0.000102890
     0.993000      2.08354  0.000102683
     0.994000      2.08351  0.000102476
     0.995000      2.08347  0.000102270
     0.996000      2.08344  0.000102065
     0.997000      2.08341  0.000101860
     0.998000      2.08337  0.000101656
     0.999000      2.08334  0.000101453
      1.00000      2.08331  0.000101250
      1.00100      2.08327  0.000101048
      1.00200      2.08324  0.000100846
      1.00300      2.08321  0.000100645
      1.00400      2.08317  0.000100445
      1.00500      2.08314  0.000100245
      1.00600      2.08311  0.000100046
      1.00700      2.08308  9.98473e-05
      1.00800      2.08304  9.96492e-05
      1.00900      2.08301  9.94518e-05
      1.01000      2.08298  9.92550e-05
      1.01100      2.08295  9.90587e-05
      1.01200      2.08291  9.88630e-05
      1.01300      2.08288  9.86679e-05
      1.01400      2.08285  9.84734e-05
      1.01500      2.08282  9.82795e-05
      1.01600      2.08279  9.80861e-05
      1.01700      2.08275  9.78933e-05
      1.01800      2.08272  9.77011e-05
      1.01900      2.08269  9.75094e-05
      1.02000      2.08266  9.73183e-05
      1.02100      2.08263  9.71278e-05
      1.02200      2.08259  9.69378e-05
      1.02300      2.08256  9.67484e-05
      1.02400      2.08253  9.65595e-05
      1.02500      2.08250  9.63712e-05
      1.02600      2.08247  9.61834e-05
      1.02700      2.08244  9.59962e-05
      1.02800      2.08241  9.58095e-05
      1.02900      2.08238  9.56234e-05
      1.03000      2.08234  9.54378e-05
      1.03100      2.08231  9.52528e-05
      1.03200      2.08228  9.50683e-05
      1.03300      2.08225  9.48843e-05
      1.03400      2.08222  9.47009e-05
      1.03500      2.08219  9.45180e-05
      1.03600      2.08216  9.43356e-05
      1.03700      2.08213  9.41537e-05
      1.03800      2.08210  9.39724e-05
      1.03900      2.08207  9.37916e-05
      1.04000      2.08204  9.36113e-05
      1.04100      2.08201  9.34315e-05
      1.04200      2.08198  9.32523e-05
      1.04300      2.08195  9.30736e-05
      1.04400      2.08192  9.28954e-05
      1.04500      2.08189  9.27176e-05
      1.04600      2.08186  9.25405e-05
      1.04700      2.08183  9.23638e-05
      1.04800      2.08180  9.21876e-05
      1.04900      2.08177  9.20119e-05
      1.05000      2.08174  9.18367e-05
      1.05100      2.08171  9.16621e-05
      1.05200      2.08168  9.14879e-05
      1.05300      2.08165  9.13142e-05
      1.05400      2.08162  9.11410e-05
      1.05500      2.08159  9.09683e-05
      1.05600      2.08156  9.07961e-05
      1.05700      2.08153  9.06244e-05
      1.05800      2.08150  9.04531e-05
      1.05900      2.08147  9.02824e-05
      1.06000      2.08144  9.01121e-05
      1.06100      2.08141  8.99424e-05
      1.06200      2.08138  8.97730e-05
      1.06300      2.08135  8.96042e-05
      1.06400      2.08133  8.94359e-05
      1.06500      2.08130  8.92680e-05
      1.06600      2.08127  8.91006e-05
      1.06700      2.08124  8.89337e-05
      1.06800      2.08121  8.87672e-05
      1.06900      2.08118  8.86012e-05
      1.07000      2.08115  8.84357e-05
      1.07100      2.08112  8.82706e-05
      1.07200      2.08110  8.81060e-05
      1.07300      2.08107  8.79418e-05
      1.07400      2.08104  8.77782e-05
      1.07500      2.08101  8.76149e-05
      1.07600      2.08098  8.74522e-05
      1.07700      2.08095  8.72898e-05
      1.07800      2.08093  8.71279e-05
      1.07900      2.08090  8.69665e-05
      1.08000      2.08087  8.68056e-05
      1.08100      2.08084  8.66450e-05
      1.08200      2.08081  8.64849e-05
      1.08300      2.08078  8.63253e-05
      1.08400      2.08076  8.61661e-05
      1.08500      2.08073  8.60073e-05
      1.08600      2.08070  8.58490e-05
      1.08700      2.08067  8.56911e-05
      1.08800      2.08065  8.55337e-05
      1.08900      2.08062  8.53767e-05
      1.09000      2.08059  8.52201e-05
      1.09100      2.08056  8.50640e-05
      1.09200      2.08054  8.49082e-05
      1.09300      2.08051  8.47529e-05
      1.09400      2.08048  8.45981e-05
      1.09500      2.08045  8.44436e-05
      1.09600      2.08043  8.42896e-05
      1.09700      2.08040  8.41360e-05
      1.09800      2.08037  8.39828e-05
      1.09900      2.08034  8.38300e-05
      1.10000      2.08032  8.36777e-05
      1.10100      2.08029  8.35257e-05
      1.10200      2.08026  8.33742e-05
      1.10300      2.08024  8.32231e-05
      1.10400      2.08021  8.30724e-05
      1.10500      2.08018  8.29221e-05
      1.10600      2.08015  8.27722e-05
      1.10700      2.08013  8.26228e-05
      1.10800      2.08010  8.24737e-05
      1.10900      2.08007  8.23250e-05
      1.11000      2.08005  8.21768e-05
      1.11100      2.08002  8.20289e-05
      1.11200      2.07999  8.18814e-05
      1.11300      2.07997  8.17344e-05
      1.11400      2.07994  8.15877e-05
      1.11500      2.07992  8.14414e-05
      1.11600      2.07989  8.12955e-05
      1.11700      2.07986  8.11500e-05
      1.11800      2.07984  8.10049e-05
      1.11900      2.07981  8.08602e-05
      1.12000      2.07978  8.07159e-05
      1.12100      2.07976  8.05719e-05
      1.12200      2.07973  8.04284e-05
      1.12300      2.07970  8.02852e-05
      1.12400      2.07968  8.01424e-05
      1.12500      2.07965  8.00000e-05
      1.12600      2.07963  7.98580e-05
      1.12700      2.07960  7.97163e-05
      1.12800      2.07958  7.95750e-05
      1.12900      2.07955  7.94341e-05
      1.13000      2.07952  7.92936e-05
      1.13100      2.07950  7.91534e-05
      1.13200      2.07947  7.90137e-05
      1.13300      2.07945  7.88742e-05
      1.13400      2.07942  7.87352e-05
      1.13500      2.07940  7.85965e-05
      1.13600      2.07937  7.84582e-05
      1.13700      2.07934  7.83203e-05
      1.13800      2.07932  7.81827e-05
      1.13900      2.07929  7.80454e-05
      1.14000      2.07927  7.79086e-05
      1.14100      2.07924  7.77721e-05
      1.14200      2.07922  7.76360e-05
      1.14300      2.07919  7.75001e-05
      1.14400      2.07917  7.73647e-05
      1.14500      2.07914  7.72296e-05
      1.14600      2.07912  7.70949e-05
      1.14700      2.07909  7.69605e-05
      1.14800      2.07907  7.68265e-05
      1.14900      2.07904  7.66929e-05
      1.15000      2.07902  7.65595e-05
      1.15100      2.07899  7.64266e-05
      1.15200      2.07897  7.62939e-05
      1.15300      2.07894  7.61617e-05
      1.15400      2.07892  7.60297e-05
      1.15500      2.07889  7.58981e-05
      1.15600      2.07887  7.57669e-05
      1.15700      2.07884  7.56359e-05
      1.15800      2.07882  7.55054e-05
      1.15900      2.07879  7.53751e-05
      1.16000      2.07877  7.52452e-05
      1.16100      2.07874  7.51157e-05
      1.16200      2.07872  7.49864e-05
      1.16300      2.07869  7.48575e-05
      1.16400      2.07867  7.47290e-05
      1.16500      2.07865  7.46007e-05
      1.16600      2.07862  7.44728e-05
      1.16700      2.07860  7.43453e-05
      1.16800      2.07857  7.42180e-05
      1.16900      2.07855  7.40911e-05
      1.17000      2.07852  7.39645e-05
      1.17100      2.07850  7.38382e-05
      1.17200      2.07848  7.37123e-05
      1.17300      2.07845  7.35866e-05
      1.17400      2.07843  7.34613e-05
      1.17500      2.07840  7.33363e-05
      1.17600      2.07838  7.32117e-05
      1.17700      2.07835  7.30873e-05
      1.17800      2.07833  7.29633e-05
      1.17900      2.07831  7.28396e-05
      1.18000      2.07828  7.27162e-05
      1.18100      2.07826  7.25931e-05
      1.18200      2.07824  7.24703e-05
      1.18300      2.07821  7.23478e-05
      1.18400      2.07819  7.22257e-05
      1.18500      2.07816  7.21038e-05
      1.18600      2.07814  7.19823e-05
      1.18700      2.07812  7.18610e-05
      1.18800      2.07809  7.17401e-05
      1.18900      2.07807  7.16195e-05
      1.19000      2.07805  7.14992e-05
      1.19100      2.07802  7.13792e-05
      1.19200      2.07800  7.12594e-05
      1.19300      2.07798  7.11400e-05
      1.19400      2.07795  7.10209e-05
      1.19500      2.07793  7.09021e-05
      1.19600      2.07790  7.07836e-05
      1.19700      2.07788  7.06654e-05
      1.19800      2.07786  7.05475e-05
      1.19900      2.07784  7.04298e-05
