0.2000	1.4230886167859 0.0
0.2072	1.418989119738 0.0
0.2147	1.4152626506189 0.0
0.2225	1.4118736932799 0.0
0.2306	1.4087899348008 0.0
0.2389	1.406013423153 0.0
0.2476	1.403451178233 0.0
0.2565	1.4011392298917 0.0
0.2658	1.3990042606259 0.0
0.2754	1.3970543081151 0.0
0.2854	1.3952547546048 0.0
0.2957	1.3936104172929 0.0
0.3064	1.3920928837393 0.0
0.3175	1.3906930636314 0.0
0.3290	1.3894021962629 0.0
0.3409	1.3882119238027 0.0
0.3532	1.387114337156 0.0
0.3660	1.386094468574 0.0
0.3793	1.385147751321 0.0
0.3930	1.3842755731536 0.0
0.4072	1.3834660511646 0.0
0.4220	1.3827100519167 0.0
0.4372	1.3820135622524 0.0
0.4531	1.381359367534 0.0
0.4695	1.3807529936357 0.0
0.4865	1.380187376075 0.0
0.5041	1.379659783282 0.0
0.5223	1.3791675195011 0.0
0.5412	1.3787056326739 0.0
0.5608	1.3782722423115 0.0
0.5811	1.3778654290185 0.0
0.6021	1.3774832703664 0.0
0.6239	1.3771222877017 0.0
0.6465	1.3767810397294 0.0
0.6699	1.3764580520954 0.0
0.6942	1.3761506312517 0.0
0.7193	1.3758587136554 0.0
0.7453	1.3755797952111 0.0
0.7723	1.3753117156635 0.0
0.8002	1.3750543571762 0.0
0.8292	1.3748048358874 0.0
0.8592	1.37456304318 0.0
0.8903	1.3743271722957 0.0
0.9225	1.3740962747754 0.0
0.9559	1.3738687190303 0.0
0.9905	1.373643616818 0.0
1.026	1.3734218941111 0.0
1.064	1.3731929568741 0.0
1.102	1.3729709541023 0.0
1.142	1.3727431138139 0.0
1.183	1.3725142998158 0.0
1.226	1.3722780363801 0.0
1.270	1.3720389088426 0.0
1.316	1.3717905296533 0.0
1.364	1.3715319527736 0.0
1.413	1.3712675594927 0.0
1.465	1.3709854791133 0.0
1.518	1.3706954434578 0.0
1.572	1.3703964599229 0.0
1.629	1.3700762551684 0.0
1.688	1.3697390665892 0.0
1.749	1.3693835845321 0.0
1.813	1.3690024327231 0.0
1.878	1.368606115394 0.0
1.946	1.3681809750469 0.0
2.017	1.3677250109119 0.0
2.090	1.3672428035241 0.0
2.165	1.3667327244941 0.0
2.244	1.3661788698212 0.0
2.325	1.3655928572151 0.0
2.409	1.3649652733482 0.0
2.496	1.3642934880954 0.0
2.587	1.3635666252254 0.0
2.680	1.3627977683561 0.0
2.777	1.3619673463993 0.0
2.878	1.361071267973 0.0
2.982	1.3601145744763 0.0
3.090	1.3590840343388 0.0
3.202	1.3579748769266 0.0
3.318	1.3567820664349 0.0
3.438	1.3555002882046 0.0
3.562	1.3541239331455 0.0
3.691	1.3526353155967 0.0
3.825	1.3510267625097 0.0
3.963	1.349302847313 0.0
4.107	1.3474299077205 0.0
4.255	1.3454247385845 0.0
4.409	1.3432503787694 0.0
4.569	1.3408945051924 0.0
4.734	1.3383595609042 0.0
4.906	1.3356005919792 0.0
5.083	1.3326343916511 0.0
5.267	1.329410893396 0.0
5.458	1.3259098020647 0.0
5.655	1.3221286649864 0.0
5.860	1.3180050482208 0.0
6.072	1.3135313544617 0.0
6.292	1.3086559995158 0.0
6.520	1.3033437265678 0.0
6.755	1.2975806699443 0.0
7.000	1.2912479870418 0.0
