0.3000	1.9366477482629 0.0
0.3112	1.907713837029 0.0
0.3229	1.8870285413917 0.0
0.3350	1.870522047389 0.0
0.3476	1.8565876645108 0.0
0.3606	1.8446346232466 0.0
0.3741	1.8341555602979 0.0
0.3882	1.8248299379479 0.0
0.4027	1.8165989012136 0.0
0.4178	1.8091991228596 0.0
0.4335	1.8025312116485 0.0
0.4497	1.7965456267547 0.0
0.4666	1.7910968854074 0.0
0.4841	1.7861617965912 0.0
0.5022	1.7816854577206 0.0
0.5211	1.7775788314559 0.0
0.5406	1.7738497142031 0.0
0.5609	1.7704267603292 0.0
0.5819	1.7672999274694 0.0
0.6037	1.7644291641612 0.0
0.6263	1.7617935623815 0.0
0.6498	1.75936375557 0.0
0.6742	1.7571246899808 0.0
0.6995	1.7550618288605 0.0
0.7257	1.7531612869023 0.0
0.7529	1.7514038155844 0.0
0.7811	1.7497790167024 0.0
0.8104	1.7482719679248 0.0
0.8408	1.7468745746446 0.0
0.8723	1.7455788691476 0.0
0.9050	1.7443736238006 0.0
0.9389	1.7432524703986 0.0
0.9741	1.7422063257775 0.0
1.011	1.7412197915605 0.0
1.049	1.7403043697981 0.0
1.088	1.7394553734885 0.0
1.129	1.7386472186123 0.0
1.171	1.7378959030175 0.0
1.215	1.7371796597281 0.0
1.260	1.7365110824583 0.0
1.308	1.7358585724556 0.0
1.357	1.7352473370788 0.0
1.408	1.7346610637039 0.0
1.460	1.7341077137205 0.0
1.515	1.7335636842575 0.0
1.572	1.7330375633959 0.0
1.631	1.7325268608535 0.0
1.692	1.7320290952581 0.0
1.755	1.7315418165302 0.0
1.821	1.7310554130296 0.0
1.889	1.7305753111046 0.0
1.960	1.7300923952015 0.0
2.034	1.7296049007058 0.0
2.110	1.7291172553709 0.0
2.189	1.7286208502831 0.0
2.271	1.7281136604105 0.0
2.356	1.7275935803667 0.0
2.445	1.7270523709363 0.0
2.536	1.7264999569353 0.0
2.631	1.725921892021 0.0
2.730	1.7253157498993 0.0
2.832	1.7246851741899 0.0
2.939	1.7240151111927 0.0
3.049	1.7233153021148 0.0
3.163	1.722576651744 0.0
3.282	1.7217894951148 0.0
3.405	1.7209571280423 0.0
3.532	1.7200763435196 0.0
3.665	1.7191294205286 0.0
3.802	1.7181265965972 0.0
3.945	1.7170490474021 0.0
4.093	1.7158996312319 0.0
4.246	1.714673833708 0.0
4.405	1.7133585796608 0.0
4.570	1.7119481996885 0.0
4.742	1.7104277939989 0.0
4.920	1.7087995713843 0.0
5.104	1.7070570931233 0.0
5.295	1.7051836947417 0.0
5.494	1.7031610140419 0.0
5.700	1.7009902723178 0.0
5.914	1.6986515745354 0.0
6.135	1.6961460875363 0.0
6.365	1.6934402968031 0.0
6.604	1.690521539094 0.0
6.851	1.6873894445811 0.0
7.108	1.6840047347376 0.0
7.375	1.6803512960725 0.0
7.651	1.6764266733359 0.0
7.938	1.6721846292197 0.0
8.236	1.6676047056206 0.0
8.545	1.6626653252172 0.0
8.865	1.6573437317915 0.0
9.197	1.6515982712367 0.0
9.542	1.6453830690953 0.0
9.900	1.6386667305904 0.0
10.27	1.6314358563797 0.0
10.66	1.6234911983637 0.0
11.06	1.6149933418593 0.0
11.47	1.6059097514272 0.0
11.90	1.5959699135076 0.0
