     0.000000      1.63700      3.58890
     0.250000      1.63700      3.58890
     0.260000      1.73700      3.99320
     0.270000      2.03000      4.59580
     0.280000      2.84000      5.19610
     0.290000      4.18500      5.31240
     0.300000      5.04900      4.29000
     0.310000      5.09100      3.62390
     0.320000      5.08500      3.28240
     0.330000      5.13500      3.09350
     0.340000      5.24500      2.95730
     0.350000      5.42300      2.90780
     0.360000      5.91400      2.91350
     0.370000      6.82000      2.14030
     0.380000      6.58700     0.983990
     0.390000      6.02500     0.503080
     0.400000      5.62300     0.326270
     0.410000      5.34100     0.241270
     0.420000      5.11000     0.176940
     0.430000      4.93200     0.137660
     0.440000      4.79000     0.112010
     0.450000      4.67300    0.0953620
     0.460000      4.57200    0.0791050
     0.470000      4.48500    0.0702400
     0.480000      4.41200    0.0598170
     0.490000      4.34900    0.0538100
     0.500000      4.28900    0.0485420
     0.510000      4.23500    0.0438310
     0.520000      4.18700    0.0395310
     0.530000      4.14500    0.0348040
     0.540000      4.10300    0.0298960
     0.550000      4.07300    0.0280380
     0.560000      4.03800    0.0265510
     0.570000      4.00600    0.0237460
     0.580000      3.97700    0.0218960
     0.590000      3.95400    0.0200760
     0.600000      3.93100    0.0185210
     0.610000      3.90800    0.0172570
     0.620000      3.88800    0.0168090
     0.630000      3.86900    0.0162680
     0.640000      3.85100    0.0146930
     0.650000      3.83500    0.0144470
     0.660000      3.81700    0.0136080
     0.670000      3.80500    0.0128070
     0.680000      3.79100    0.0120450
     0.690000      3.77600    0.0113170
     0.700000      3.76500    0.0106230
     0.710000      3.75300   0.00996100
     0.720000      3.74100   0.00933350
     0.730000      3.73000   0.00873120
     0.740000      3.71900   0.00816180
     0.750000      3.71200   0.00761560
     0.760000      3.70100   0.00709420
     0.770000      3.69300   0.00660540
     0.780000      3.68400   0.00613380
     0.790000      3.67700   0.00568880
     0.800000      3.66900   0.00526550
     0.810000      3.66200   0.00486400
     0.820000      3.65500   0.00448360
     0.830000      3.64600   0.00412350
     0.840000      3.64100   0.00378280
     0.850000      3.63600   0.00346050
     0.860000      3.62800   0.00315630
     0.870000      3.62200   0.00286970
     0.880000      3.61700   0.00260010
     0.890000      3.61300   0.00234640
     0.900000      3.61000   0.00210920
     0.910000      3.60400   0.00188640
     0.920000      3.59800   0.00167870
     0.930000      3.59700   0.00147570
     0.940000      3.59000   0.00130610
     0.950000      3.58400   0.00113930
     0.960000      3.58400  0.000982430
     0.970000      3.57800  0.000840600
     0.980000      3.58200  0.000713340
     0.990000      3.57900  0.000596380
      1.00000      3.57500  0.000490200
      1.01000      3.57200  0.000396160
      1.02000      3.56800  0.000314370
      1.03000      3.56500  0.000240480
      1.04000      3.56200  0.000179590
      1.05000      3.55900  0.000130430
      1.06000      3.55600  9.24500e-05
      1.07000      3.55300  6.78200e-05
      1.08000      3.54900  5.21680e-05
      1.09000      3.54700  3.97700e-05
      1.10000      3.54500  3.02170e-05
      1.11000      3.54200  2.29130e-05
      1.12000      3.54000  1.70680e-05
      1.13000      3.53700  1.23820e-05
      1.14000      3.53400  8.62100e-06
      1.15000      3.53300  5.68760e-06
      1.16000      3.53000  3.42750e-06
      1.17000      3.52700  1.76530e-06
      1.18000      3.52600  5.55610e-07
      1.19000      3.52400  2.31530e-07
      1.20000      3.52200  1.39040e-07
      1.21000      3.52000  8.08630e-08
      1.22000      3.51800  4.79400e-08
      1.23000      3.51700  2.71320e-08
      1.24000      3.51500  1.43180e-08
      1.25000      3.51300  5.87980e-09
      1.26000      3.51200  2.33520e-09
      1.27000      3.50900  1.27140e-09
      1.28000      3.50900  7.52840e-10
      1.29000      3.50600  4.47990e-10
      1.30000      3.50500  2.72280e-10
      1.31000      3.50300  1.58560e-10
      1.32000      3.50200  8.71960e-11
      1.33000      3.50100  4.20390e-11
      1.34000      3.50000  1.81280e-11
      1.35000      3.49900  1.04280e-11
      1.36000      3.49700  6.29110e-12
      1.37000      3.49600  3.90300e-12
      1.38000      3.49600  2.63670e-12
      1.39000      3.49600  1.73770e-12
      1.40000      3.49300  1.04280e-12
      1.41000      3.49200  6.04220e-13
      1.42000      3.49200  4.28950e-13
      1.43000      3.49000  2.03810e-13
      1.44000      3.48800  1.37850e-13
      1.45000      3.48700  1.09010e-13
