0.305000  1.550074 0.0 
 0.310000  1.548460 0.0 
 0.315000  1.546935 0.0 
 0.320000  1.545493 0.0 
 0.325000  1.544128 0.0 
 0.330000  1.542834 0.0 
 0.335000  1.541607 0.0 
 0.340000  1.540440 0.0 
 0.345000  1.539331 0.0 
 0.350000  1.538275 0.0 
 0.355000  1.537269 0.0 
 0.360000  1.536310 0.0 
 0.365000  1.535394 0.0 
 0.370000  1.534519 0.0 
 0.375000  1.533682 0.0 
 0.380000  1.532881 0.0 
 0.385000  1.532114 0.0 
 0.390000  1.531379 0.0 
 0.395000  1.530674 0.0 
 0.400000  1.529998 0.0 
 0.405000  1.529348 0.0 
 0.410000  1.528723 0.0 
 0.415000  1.528123 0.0 
 0.420000  1.527545 0.0 
 0.425000  1.526988 0.0 
 0.430000  1.526452 0.0 
 0.435000  1.525935 0.0 
 0.440000  1.525436 0.0 
 0.445000  1.524955 0.0 
 0.450000  1.524490 0.0 
 0.455000  1.524041 0.0 
 0.460000  1.523608 0.0 
 0.465000  1.523188 0.0 
 0.470000  1.522782 0.0 
 0.475000  1.522389 0.0 
 0.480000  1.522008 0.0 
 0.485000  1.521639 0.0 
 0.490000  1.521282 0.0 
 0.495000  1.520935 0.0 
 0.500000  1.520599 0.0 
 0.505000  1.520272 0.0 
 0.510000  1.519955 0.0 
 0.515000  1.519647 0.0 
 0.520000  1.519348 0.0 
 0.525000  1.519057 0.0 
 0.530000  1.518774 0.0 
 0.535000  1.518499 0.0 
 0.540000  1.518231 0.0 
 0.545000  1.517970 0.0 
 0.550000  1.517716 0.0 
 0.555000  1.517469 0.0 
 0.560000  1.517227 0.0 
 0.565000  1.516992 0.0 
 0.570000  1.516763 0.0 
 0.575000  1.516539 0.0 
 0.580000  1.516320 0.0 
 0.585000  1.516107 0.0 
 0.590000  1.515899 0.0 
 0.595000  1.515695 0.0 
 0.600000  1.515496 0.0 
 0.605000  1.515302 0.0 
 0.610000  1.515111 0.0 
 0.615000  1.514925 0.0 
 0.620000  1.514743 0.0 
 0.625000  1.514565 0.0 
 0.630000  1.514391 0.0 
 0.635000  1.514220 0.0 
 0.640000  1.514052 0.0 
 0.645000  1.513888 0.0 
 0.650000  1.513728 0.0 
 0.655000  1.513570 0.0 
 0.660000  1.513415 0.0 
 0.665000  1.513264 0.0 
 0.670000  1.513115 0.0 
 0.675000  1.512969 0.0 
 0.680000  1.512826 0.0 
 0.685000  1.512685 0.0 
 0.690000  1.512546 0.0 
 0.695000  1.512410 0.0 
 0.700000  1.512277 0.0 
 0.705000  1.512146 0.0 
 0.710000  1.512016 0.0 
 0.715000  1.511889 0.0 
 0.720000  1.511764 0.0 
 0.725000  1.511641 0.0 
 0.730000  1.511520 0.0 
 0.735000  1.511401 0.0 
 0.740000  1.511284 0.0 
 0.745000  1.511168 0.0 
 0.750000  1.511054 0.0 
 0.755000  1.510942 0.0 
 0.760000  1.510832 0.0 
 0.765000  1.510723 0.0 
 0.770000  1.510615 0.0 
 0.775000  1.510509 0.0 
 0.780000  1.510404 0.0 
 0.785000  1.510301 0.0 
 0.790000  1.510199 0.0 
 0.795000  1.510099 0.0 
 0.800000  1.509999 0.0 
 0.805000  1.509901 0.0 
 0.810000  1.509804 0.0 
 0.815000  1.509709 0.0 
 0.820000  1.509614 0.0 
 0.825000  1.509520 0.0 
 0.830000  1.509428 0.0 
 0.835000  1.509336 0.0 
 0.840000  1.509246 0.0 
 0.845000  1.509157 0.0 
 0.850000  1.509068 0.0 
 0.855000  1.508981 0.0 
 0.860000  1.508894 0.0 
 0.865000  1.508808 0.0 
 0.870000  1.508723 0.0 
 0.875000  1.508639 0.0 
 0.880000  1.508556 0.0 
 0.885000  1.508473 0.0 
 0.890000  1.508391 0.0 
 0.895000  1.508310 0.0 
 0.900000  1.508230 0.0 
 0.905000  1.508150 0.0 
 0.910000  1.508071 0.0 
 0.915000  1.507993 0.0 
 0.920000  1.507915 0.0 
 0.925000  1.507838 0.0 
 0.930000  1.507762 0.0 
 0.935000  1.507686 0.0 
 0.940000  1.507610 0.0 
 0.945000  1.507536 0.0 
 0.950000  1.507461 0.0 
 0.955000  1.507388 0.0 
 0.960000  1.507314 0.0 
 0.965000  1.507242 0.0 
 0.970000  1.507169 0.0 
 0.975000  1.507098 0.0 
 0.980000  1.507026 0.0 
 0.985000  1.506955 0.0 
 0.990000  1.506885 0.0 
 0.995000  1.506815 0.0 
 1.000000  1.506745 0.0 
 1.005000  1.506676 0.0 
 1.010000  1.506607 0.0 
 1.015000  1.506539 0.0 
 1.020000  1.506471 0.0 
 1.025000  1.506403 0.0 
 1.030000  1.506335 0.0 
 1.035000  1.506268 0.0 
 1.040000  1.506201 0.0 
 1.045000  1.506135 0.0 
 1.050000  1.506069 0.0 
 1.055000  1.506003 0.0 
 1.060000  1.505937 0.0 
 1.065000  1.505872 0.0 
 1.070000  1.505807 0.0 
 1.075000  1.505742 0.0 
 1.080000  1.505677 0.0 
 1.085000  1.505613 0.0 
 1.090000  1.505549 0.0 
 1.095000  1.505485 0.0 
 1.100000  1.505421 0.0 
 1.105000  1.505357 0.0 
 1.110000  1.505294 0.0 
 1.115000  1.505231 0.0 
 1.120000  1.505168 0.0 
 1.125000  1.505105 0.0 
 1.130000  1.505043 0.0 
 1.135000  1.504980 0.0 
 1.140000  1.504918 0.0 
 1.145000  1.504856 0.0 
 1.150000  1.504794 0.0 
 1.155000  1.504732 0.0 
 1.160000  1.504671 0.0 
 1.165000  1.504609 0.0 
 1.170000  1.504548 0.0 
 1.175000  1.504487 0.0 
 1.180000  1.504426 0.0 
 1.185000  1.504364 0.0 
 1.190000  1.504304 0.0 
 1.195000  1.504243 0.0 
 1.200000  1.504182 0.0 
 1.205000  1.504121 0.0 
 1.210000  1.504061 0.0 
 1.215000  1.504000 0.0 
 1.220000  1.503940 0.0 
 1.225000  1.503880 0.0 
 1.230000  1.503819 0.0 
 1.235000  1.503759 0.0 
 1.240000  1.503699 0.0 
 1.245000  1.503639 0.0 
 1.250000  1.503579 0.0 
 1.255000  1.503519 0.0 
 1.260000  1.503459 0.0 
 1.265000  1.503399 0.0 
 1.270000  1.503340 0.0 
 1.275000  1.503280 0.0 
 1.280000  1.503220 0.0 
 1.285000  1.503160 0.0 
 1.290000  1.503101 0.0 
 1.295000  1.503041 0.0 
 1.300000  1.502981 0.0 
 1.305000  1.502922 0.0 
 1.310000  1.502862 0.0 
 1.315000  1.502802 0.0 
 1.320000  1.502743 0.0 
 1.325000  1.502683 0.0 
 1.330000  1.502624 0.0 
 1.335000  1.502564 0.0 
 1.340000  1.502504 0.0 
 1.345000  1.502445 0.0 
 1.350000  1.502385 0.0 
 1.355000  1.502325 0.0 
 1.360000  1.502266 0.0 
 1.365000  1.502206 0.0 
 1.370000  1.502146 0.0 
 1.375000  1.502087 0.0 
 1.380000  1.502027 0.0 
 1.385000  1.501967 0.0 
 1.390000  1.501907 0.0 
 1.395000  1.501848 0.0 
 1.400000  1.501788 0.0 
 1.405000  1.501728 0.0 
 1.410000  1.501668 0.0 
 1.415000  1.501608 0.0 
 1.420000  1.501548 0.0 
 1.425000  1.501488 0.0 
 1.430000  1.501428 0.0 
 1.435000  1.501367 0.0 
 1.440000  1.501307 0.0 
 1.445000  1.501247 0.0 
 1.450000  1.501187 0.0 
 1.455000  1.501126 0.0 
 1.460000  1.501066 0.0 
 1.465000  1.501005 0.0 
 1.470000  1.500945 0.0 
 1.475000  1.500884 0.0 
 1.480000  1.500823 0.0 
 1.485000  1.500762 0.0 
 1.490000  1.500702 0.0 
 1.495000  1.500641 0.0 
 1.500000  1.500580 0.0 
 1.505000  1.500519 0.0 
 1.510000  1.500457 0.0 
 1.515000  1.500396 0.0 
 1.520000  1.500335 0.0 
 1.525000  1.500273 0.0 
 1.530000  1.500212 0.0 
 1.535000  1.500150 0.0 
 1.540000  1.500089 0.0 
 1.545000  1.500027 0.0 
 1.550000  1.499965 0.0 
 1.555000  1.499903 0.0 
 1.560000  1.499841 0.0 
 1.565000  1.499779 0.0 
 1.570000  1.499717 0.0 
 1.575000  1.499655 0.0 
 1.580000  1.499592 0.0 
 1.585000  1.499530 0.0 
 1.590000  1.499467 0.0 
 1.595000  1.499404 0.0 
 1.600000  1.499342 0.0 
 1.605000  1.499279 0.0 
 1.610000  1.499216 0.0 
 1.615000  1.499153 0.0 
 1.620000  1.499089 0.0 
 1.625000  1.499026 0.0 
 1.630000  1.498963 0.0 
 1.635000  1.498899 0.0 
 1.640000  1.498835 0.0 
 1.645000  1.498772 0.0 
 1.650000  1.498708 0.0 
 1.655000  1.498644 0.0 
 1.660000  1.498580 0.0 
 1.665000  1.498515 0.0 
 1.670000  1.498451 0.0 
 1.675000  1.498386 0.0 
 1.680000  1.498322 0.0 
 1.685000  1.498257 0.0 
 1.690000  1.498192 0.0 
 1.695000  1.498127 0.0 
 1.700000  1.498062 0.0 
 1.705000  1.497997 0.0 
 1.710000  1.497932 0.0 
 1.715000  1.497866 0.0 
 1.720000  1.497801 0.0 
 1.725000  1.497735 0.0 
 1.730000  1.497669 0.0 
 1.735000  1.497603 0.0 
 1.740000  1.497537 0.0 
 1.745000  1.497471 0.0 
 1.750000  1.497404 0.0 
 1.755000  1.497338 0.0 
 1.760000  1.497271 0.0 
 1.765000  1.497204 0.0 
 1.770000  1.497137 0.0 
 1.775000  1.497070 0.0 
 1.780000  1.497003 0.0 
 1.785000  1.496936 0.0 
 1.790000  1.496868 0.0 
 1.795000  1.496800 0.0 
 1.800000  1.496733 0.0 
 1.805000  1.496665 0.0 
 1.810000  1.496597 0.0 
 1.815000  1.496528 0.0 
 1.820000  1.496460 0.0 
 1.825000  1.496391 0.0 
 1.830000  1.496323 0.0 
 1.835000  1.496254 0.0 
 1.840000  1.496185 0.0 
 1.845000  1.496116 0.0 
 1.850000  1.496047 0.0 
 1.855000  1.495977 0.0 
 1.860000  1.495908 0.0 
 1.865000  1.495838 0.0 
 1.870000  1.495768 0.0 
 1.875000  1.495698 0.0 
 1.880000  1.495628 0.0 
 1.885000  1.495558 0.0 
 1.890000  1.495487 0.0 
 1.895000  1.495416 0.0 
 1.900000  1.495346 0.0 
 1.905000  1.495275 0.0 
 1.910000  1.495203 0.0 
 1.915000  1.495132 0.0 
 1.920000  1.495061 0.0 
 1.925000  1.494989 0.0 
 1.930000  1.494917 0.0 
 1.935000  1.494845 0.0 
 1.940000  1.494773 0.0 
 1.945000  1.494701 0.0 
 1.950000  1.494629 0.0 
 1.955000  1.494556 0.0 
 1.960000  1.494483 0.0 
 1.965000  1.494410 0.0 
 1.970000  1.494337 0.0 
 1.975000  1.494264 0.0 
 1.980000  1.494191 0.0 
 1.985000  1.494117 0.0 
 1.990000  1.494043 0.0 
 1.995000  1.493969 0.0 
 2.000000  1.493895 0.0 
 2.005000  1.493821 0.0 
 2.010000  1.493747 0.0 
 2.015000  1.493672 0.0 
 2.020000  1.493597 0.0 
 2.025000  1.493522 0.0 
 2.030000  1.493447 0.0 
 2.035000  1.493372 0.0 
 2.040000  1.493296 0.0 
 2.045000  1.493221 0.0 
 2.050000  1.493145 0.0 
 2.055000  1.493069 0.0 
 2.060000  1.492993 0.0 
 2.065000  1.492916 0.0 
 2.070000  1.492840 0.0 
 2.075000  1.492763 0.0 
 2.080000  1.492686 0.0 
 2.085000  1.492609 0.0 
 2.090000  1.492532 0.0 
 2.095000  1.492454 0.0 
 2.100000  1.492376 0.0 
 2.105000  1.492299 0.0 
 2.110000  1.492221 0.0 
 2.115000  1.492142 0.0 
 2.120000  1.492064 0.0 
 2.125000  1.491986 0.0 
 2.130000  1.491907 0.0 
 2.135000  1.491828 0.0 
 2.140000  1.491749 0.0 
 2.145000  1.491670 0.0 
 2.150000  1.491590 0.0 
 2.155000  1.491510 0.0 
 2.160000  1.491430 0.0 
 2.165000  1.491350 0.0 
 2.170000  1.491270 0.0 
 2.175000  1.491190 0.0 
 2.180000  1.491109 0.0 
 2.185000  1.491028 0.0 
 2.190000  1.490947 0.0 
 2.195000  1.490866 0.0 
 2.200000  1.490785 0.0 
 2.205000  1.490703 0.0 
 2.210000  1.490621 0.0 
 2.215000  1.490539 0.0 
 2.220000  1.490457 0.0 
 2.225000  1.490375 0.0 
 2.230000  1.490292 0.0 
 2.235000  1.490210 0.0 
 2.240000  1.490127 0.0 
 2.245000  1.490044 0.0 
 2.250000  1.489960 0.0 
 2.255000  1.489877 0.0 
 2.260000  1.489793 0.0 
 2.265000  1.489709 0.0 
 2.270000  1.489625 0.0 
 2.275000  1.489541 0.0 
 2.280000  1.489456 0.0 
 2.285000  1.489371 0.0 
 2.290000  1.489286 0.0 
 2.295000  1.489201 0.0 
 2.300000  1.489116 0.0 
 2.305000  1.489030 0.0 
 2.310000  1.488945 0.0 
 2.315000  1.488859 0.0 
 2.320000  1.488773 0.0 
 