    0.000000     0.390000     0.000549     0.000000
    0.000000     0.395000     0.001511     0.000000
    0.000000     0.400000     0.002972     0.000000
    0.000000     0.405000     0.006378     0.000000
    0.000000     0.410000     0.011408     0.000000
    0.000000     0.415000     0.016719     0.000000
    0.000000     0.420000     0.025775     0.000000
    0.000000     0.425000     0.033923     0.000000
    0.000000     0.430000     0.043421     0.000000
    0.000000     0.435000     0.054325     0.000000
    0.000000     0.440000     0.067484     0.000000
    0.000000     0.445000     0.077911     0.000000
    0.000000     0.450000     0.088369     0.000000
    0.000000     0.455000     0.102873     0.000000
    0.000000     0.460000     0.124882     0.000000
    0.000000     0.465000     0.151775     0.000000
    0.000000     0.470000     0.184842     0.000000
    0.000000     0.475000     0.218827     0.000000
    0.000000     0.480000     0.248485     0.000000
    0.000000     0.485000     0.277843     0.000000
    0.000000     0.490000     0.322404     0.000000
    0.000000     0.495000     0.385745     0.000000
    0.000000     0.500000     0.462914     0.000000
    0.000000     0.505000     0.560402     0.000000
    0.000000     0.510000     0.657809     0.000000
    0.000000     0.515000     0.757705     0.000000
    0.000000     0.520000     0.854280     0.000000
    0.000000     0.525000     0.925550     0.000000
    0.000000     0.530000     0.974541     0.000000
    0.000000     0.535000     0.996552     0.000000
    0.000000     0.540000     0.997470     0.000000
    0.000000     0.545000     0.999770     0.000000
    0.000000     0.550000     0.992202     0.000000
    0.000000     0.555000     0.960727     0.000000
    0.000000     0.560000     0.909076     0.000000
    0.000000     0.565000     0.860597     0.000000
    0.000000     0.570000     0.818088     0.000000
    0.000000     0.575000     0.747825     0.000000
    0.000000     0.580000     0.661912     0.000000
    0.000000     0.585000     0.586003     0.000000
    0.000000     0.590000     0.508979     0.000000
    0.000000     0.595000     0.425794     0.000000
    0.000000     0.600000     0.348177     0.000000
    0.000000     0.605000     0.279963     0.000000
    0.000000     0.610000     0.218877     0.000000
    0.000000     0.615000     0.166265     0.000000
    0.000000     0.620000     0.124451     0.000000
    0.000000     0.625000     0.091833     0.000000
    0.000000     0.630000     0.066237     0.000000
    0.000000     0.635000     0.046827     0.000000
    0.000000     0.640000     0.032923     0.000000
    0.000000     0.645000     0.023147     0.000000
    0.000000     0.650000     0.016155     0.000000
    0.000000     0.655000     0.011189     0.000000
    0.000000     0.660000     0.007690     0.000000
    0.000000     0.665000     0.005266     0.000000
    0.000000     0.670000     0.003621     0.000000
    0.000000     0.675000     0.002514     0.000000
    0.000000     0.680000     0.001758     0.000000
    0.000000     0.685000     0.001223     0.000000
    0.000000     0.690000     0.000847     0.000000
    0.000000     0.695000     0.000582     0.000000
    0.000000     0.700000     0.000398     0.000000
    0.000000     0.705000     0.000274     0.000000
    0.000000     0.710000     0.000191     0.000000
    0.000000     0.715000     0.000135     0.000000
    0.000000     0.720000     0.000095     0.000000
    0.000000     0.725000     0.000068     0.000000
    0.000000     0.730000     0.000048     0.000000
