    0.000000     0.390000     0.012145     0.000000
    0.000000     0.395000     0.031096     0.000000
    0.000000     0.400000     0.062330     0.000000
    0.000000     0.405000     0.131522     0.000000
    0.000000     0.410000     0.227353     0.000000
    0.000000     0.415000     0.358757     0.000000
    0.000000     0.420000     0.523721     0.000000
    0.000000     0.425000     0.685488     0.000000
    0.000000     0.430000     0.795793     0.000000
    0.000000     0.435000     0.894335     0.000000
    0.000000     0.440000     0.963829     0.000000
    0.000000     0.445000     0.998160     0.000000
    0.000000     0.450000     0.918967     0.000000
    0.000000     0.455000     0.825658     0.000000
    0.000000     0.460000     0.786683     0.000000
    0.000000     0.465000     0.669114     0.000000
    0.000000     0.470000     0.613479     0.000000
    0.000000     0.475000     0.491587     0.000000
    0.000000     0.480000     0.365932     0.000000
    0.000000     0.485000     0.270957     0.000000
    0.000000     0.490000     0.201419     0.000000
    0.000000     0.495000     0.153993     0.000000
    0.000000     0.500000     0.115585     0.000000
    0.000000     0.505000     0.086557     0.000000
    0.000000     0.510000     0.061830     0.000000
    0.000000     0.515000     0.042121     0.000000
    0.000000     0.520000     0.028333     0.000000
    0.000000     0.525000     0.018365     0.000000
    0.000000     0.530000     0.011956     0.000000
    0.000000     0.535000     0.007838     0.000000
    0.000000     0.540000     0.005177     0.000000
    0.000000     0.545000     0.003447     0.000000
    0.000000     0.550000     0.002312     0.000000
    0.000000     0.555000     0.001561     0.000000
    0.000000     0.560000     0.001062     0.000000
    0.000000     0.565000     0.000727     0.000000
    0.000000     0.570000     0.000502     0.000000
    0.000000     0.575000     0.000348     0.000000
    0.000000     0.580000     0.000243     0.000000
    0.000000     0.585000     0.000171     0.000000
    0.000000     0.590000     0.000121     0.000000
    0.000000     0.595000     0.000086     0.000000
    0.000000     0.600000     0.000061     0.000000
    0.000000     0.605000     0.000044     0.000000
    0.000000     0.610000     0.000032     0.000000
    0.000000     0.615000     0.000023     0.000000
    0.000000     0.620000     0.000017     0.000000
    0.000000     0.625000     0.000012     0.000000
    0.000000     0.630000     0.000009     0.000000
    0.000000     0.635000     0.000007     0.000000
    0.000000     0.640000     0.000005     0.000000
    0.000000     0.645000     0.000004     0.000000
    0.000000     0.650000     0.000003     0.000000
    0.000000     0.655000     0.000002     0.000000
    0.000000     0.660000     0.000002     0.000000
    0.000000     0.665000     0.000001     0.000000
    0.000000     0.670000     0.000001     0.000000
    0.000000     0.675000     0.000001     0.000000
    0.000000     0.680000     0.000001     0.000000
    0.000000     0.685000     0.000000     0.000000
    0.000000     0.690000     0.000000     0.000000
    0.000000     0.695000     0.000000     0.000000
    0.000000     0.700000     0.000000     0.000000
    0.000000     0.705000     0.000000     0.000000
    0.000000     0.710000     0.000000     0.000000
    0.000000     0.715000     0.000000     0.000000
    0.000000     0.720000     0.000000     0.000000
    0.000000     0.725000     0.000000     0.000000
    0.000000     0.730000     0.000000     0.000000
