       0.3       1.55277026357
       0.301       1.55241665466
       0.302       1.55206728408
       0.303       1.55172208004
       0.304       1.55138097234
       0.305       1.55104389229
       0.306       1.55071077276
       0.307       1.55038154803
       0.308       1.55005615385
       0.309       1.54973452732
       0.31       1.54941660689
       0.311       1.54910233236
       0.312       1.54879164476
       0.313       1.54848448638
       0.314       1.54818080073
       0.315       1.54788053248
       0.316       1.54758362747
       0.317       1.54729003263
       0.318       1.54699969601
       0.319       1.54671256669
       0.32       1.54642859482
       0.321       1.54614773152
       0.322       1.54586992892
       0.323       1.5455951401
       0.324       1.54532331906
       0.325       1.54505442074
       0.326       1.54478840094
       0.327       1.54452521635
       0.328       1.54426482449
       0.329       1.54400718371
       0.33       1.54375225316
       0.331       1.54349999279
       0.332       1.54325036329
       0.333       1.54300332614
       0.334       1.54275884351
       0.335       1.54251687831
       0.336       1.54227739413
       0.337       1.54204035525
       0.338       1.54180572662
       0.339       1.54157347383
       0.34       1.54134356311
       0.341       1.54111596129
       0.342       1.54089063585
       0.343       1.54066755482
       0.344       1.54044668683
       0.345       1.54022800107
       0.346       1.54001146728
       0.347       1.53979705576
       0.348       1.5395847373
       0.349       1.53937448324
       0.35       1.53916626543
       0.351       1.53896005618
       0.352       1.53875582833
       0.353       1.53855355514
       0.354       1.53835321039
       0.355       1.53815476828
       0.356       1.53795820345
       0.357       1.53776349099
       0.358       1.5375706064
       0.359       1.53737952563
       0.36       1.53719022499
       0.361       1.53700268122
       0.362       1.53681687144
       0.363       1.53663277316
       0.364       1.53645036425
       0.365       1.53626962297
       0.366       1.53609052792
       0.367       1.53591305805
       0.368       1.53573719267
       0.369       1.53556291142
       0.37       1.53539019427
       0.371       1.53521902151
       0.372       1.53504937377
       0.373       1.53488123196
       0.374       1.53471457732
       0.375       1.53454939138
       0.376       1.53438565595
       0.377       1.53422335317
       0.378       1.53406246541
       0.379       1.53390297535
       0.38       1.53374486593
       0.381       1.53358812035
       0.382       1.5334327221
       0.383       1.53327865489
       0.384       1.5331259027
       0.385       1.53297444974
       0.386       1.5328242805
       0.387       1.53267537966
       0.388       1.53252773217
       0.389       1.53238132318
       0.39       1.53223613808
       0.391       1.53209216248
       0.392       1.53194938219
       0.393       1.53180778326
       0.394       1.53166735193
       0.395       1.53152807464
       0.396       1.53138993803
       0.397       1.53125292896
       0.398       1.53111703446
       0.399       1.53098224175
       0.4       1.53084853825
       0.401       1.53071591155
       0.402       1.53058434943
       0.403       1.53045383985
       0.404       1.53032437091
       0.405       1.53019593094
       0.406       1.53006850837
       0.407       1.52994209185
       0.408       1.52981667016
       0.409       1.52969223225
       0.41       1.52956876722
       0.411       1.52944626434
       0.412       1.529324713
       0.413       1.52920410276
       0.414       1.52908442333
       0.415       1.52896566454
       0.416       1.52884781639
       0.417       1.528730869
       0.418       1.52861481262
       0.419       1.52849963764
       0.42       1.5283853346
       0.421       1.52827189413
       0.422       1.52815930703
       0.423       1.5280475642
       0.424       1.52793665666
       0.425       1.52782657556
       0.426       1.52771731217
       0.427       1.52760885788
       0.428       1.52750120417
       0.429       1.52739434267
       0.43       1.52728826509
       0.431       1.52718296327
       0.432       1.52707842914
       0.433       1.52697465476
       0.434       1.52687163226
       0.435       1.52676935392
       0.436       1.52666781206
       0.437       1.52656699916
       0.438       1.52646690776
       0.439       1.5263675305
       0.44       1.52626886013
       0.441       1.52617088948
       0.442       1.52607361147
       0.443       1.52597701913
       0.444       1.52588110555
       0.445       1.52578586393
       0.446       1.52569128754
       0.447       1.52559736976
       0.448       1.52550410402
       0.449       1.52541148385
       0.45       1.52531950287
       0.451       1.52522815476
       0.452       1.52513743329
       0.453       1.52504733231
       0.454       1.52495784573
       0.455       1.52486896756
       0.456       1.52478069186
       0.457       1.52469301277
       0.458       1.52460592452
       0.459       1.52451942137
       0.46       1.5244334977
       0.461       1.52434814792
       0.462       1.52426336652
       0.463       1.52417914805
       0.464       1.52409548715
       0.465       1.5240123785
       0.466       1.52392981684
       0.467       1.52384779699
       0.468       1.52376631383
       0.469       1.52368536229
       0.47       1.52360493736
       0.471       1.52352503411
       0.472       1.52344564764
       0.473       1.52336677312
       0.474       1.52328840579
       0.475       1.52321054092
       0.476       1.52313317385
       0.477       1.52305629997
       0.478       1.52297991474
       0.479       1.52290401364
       0.48       1.52282859223
       0.481       1.5227536461
       0.482       1.52267917092
       0.483       1.52260516238
       0.484       1.52253161623
       0.485       1.52245852827
       0.486       1.52238589435
       0.487       1.52231371036
       0.488       1.52224197224
       0.489       1.52217067598
       0.49       1.52209981761
       0.491       1.52202939321
       0.492       1.52195939889
       0.493       1.52188983082
       0.494       1.5218206852
       0.495       1.52175195828
       0.496       1.52168364635
       0.497       1.52161574575
       0.498       1.52154825284
       0.499       1.52148116403
       0.5       1.52141447577
       0.501       1.52134818456
       0.502       1.52128228692
       0.503       1.52121677942
       0.504       1.52115165865
       0.505       1.52108692127
       0.506       1.52102256394
       0.507       1.52095858337
       0.508       1.52089497632
       0.509       1.52083173957
       0.51       1.52076886993
       0.511       1.52070636425
       0.512       1.52064421942
       0.513       1.52058243236
       0.514       1.52052100002
       0.515       1.52045991938
       0.516       1.52039918744
       0.517       1.52033880127
       0.518       1.52027875794
       0.519       1.52021905455
       0.52       1.52015968825
       0.521       1.52010065619
       0.522       1.52004195559
       0.523       1.51998358366
       0.524       1.51992553766
       0.525       1.51986781487
       0.526       1.51981041262
       0.527       1.51975332823
       0.528       1.51969655907
       0.529       1.51964010254
       0.53       1.51958395606
       0.531       1.51952811708
       0.532       1.51947258307
       0.533       1.51941735152
       0.534       1.51936241997
       0.535       1.51930778595
       0.536       1.51925344706
       0.537       1.51919940088
       0.538       1.51914564503
       0.539       1.51909217717
       0.54       1.51903899496
       0.541       1.51898609611
       0.542       1.51893347831
       0.543       1.51888113932
       0.544       1.51882907689
       0.545       1.51877728882
       0.546       1.51872577289
       0.547       1.51867452695
       0.548       1.51862354884
       0.549       1.51857283644
       0.55       1.51852238762
       0.551       1.51847220031
       0.552       1.51842227243
       0.553       1.51837260194
       0.554       1.51832318681
       0.555       1.51827402503
       0.556       1.51822511461
       0.557       1.51817645359
       0.558       1.51812804001
       0.559       1.51807987193
       0.56       1.51803194746
       0.561       1.51798426468
       0.562       1.51793682173
       0.563       1.51788961675
       0.564       1.51784264789
       0.565       1.51779591333
       0.566       1.51774941126
       0.567       1.5177031399
       0.568       1.51765709747
       0.569       1.51761128222
       0.57       1.5175656924
       0.571       1.5175203263
       0.572       1.5174751822
       0.573       1.51743025843
       0.574       1.51738555329
       0.575       1.51734106514
       0.576       1.51729679232
       0.577       1.51725273321
       0.578       1.5172088862
       0.579       1.51716524969
       0.58       1.51712182208
       0.581       1.51707860182
       0.582       1.51703558735
       0.583       1.51699277713
       0.584       1.51695016963
       0.585       1.51690776333
       0.586       1.51686555675
       0.587       1.51682354839
       0.588       1.51678173678
       0.589       1.51674012046
       0.59       1.51669869799
       0.591       1.51665746794
       0.592       1.51661642888
       0.593       1.51657557942
       0.594       1.51653491815
       0.595       1.51649444369
       0.596       1.51645415468
       0.597       1.51641404976
       0.598       1.51637412758
       0.599       1.51633438681
       0.6       1.51629482613
       0.601       1.51625544423
       0.602       1.51621623981
       0.603       1.51617721159
       0.604       1.51613835829
       0.605       1.51609967864
       0.606       1.5160611714
       0.607       1.51602283533
       0.608       1.51598466918
       0.609       1.51594667175
       0.61       1.51590884181
       0.611       1.51587117818
       0.612       1.51583367967
       0.613       1.51579634509
       0.614       1.51575917327
       0.615       1.51572216307
       0.616       1.51568531333
       0.617       1.51564862291
       0.618       1.51561209068
       0.619       1.51557571553
       0.62       1.51553949635
       0.621       1.51550343203
       0.622       1.51546752149
       0.623       1.51543176365
       0.624       1.51539615743
       0.625       1.51536070176
       0.626       1.51532539561
       0.627       1.51529023791
       0.628       1.51525522764
       0.629       1.51522036377
       0.63       1.51518564528
       0.631       1.51515107115
       0.632       1.51511664039
       0.633       1.515082352
       0.634       1.515048205
       0.635       1.51501419841
       0.636       1.51498033126
       0.637       1.5149466026
       0.638       1.51491301146
       0.639       1.5148795569
       0.64       1.51484623799
       0.641       1.51481305379
       0.642       1.51478000339
       0.643       1.51474708586
       0.644       1.51471430031
       0.645       1.51468164583
       0.646       1.51464912154
       0.647       1.51461672653
       0.648       1.51458445995
       0.649       1.51455232092
       0.65       1.51452030856
       0.651       1.51448842204
       0.652       1.5144566605
       0.653       1.51442502309
       0.654       1.51439350898
       0.655       1.51436211734
       0.656       1.51433084735
       0.657       1.51429969819
       0.658       1.51426866906
       0.659       1.51423775914
       0.66       1.51420696764
       0.661       1.51417629378
       0.662       1.51414573677
       0.663       1.51411529583
       0.664       1.51408497019
       0.665       1.51405475908
       0.666       1.51402466175
       0.667       1.51399467743
       0.668       1.51396480539
       0.669       1.51393504489
       0.67       1.51390539517
       0.671       1.51387585553
       0.672       1.51384642522
       0.673       1.51381710354
       0.674       1.51378788977
       0.675       1.5137587832
       0.676       1.51372978312
       0.677       1.51370088885
       0.678       1.5136720997
       0.679       1.51364341496
       0.68       1.51361483398
       0.681       1.51358635606
       0.682       1.51355798054
       0.683       1.51352970676
       0.684       1.51350153405
       0.685       1.51347346175
       0.686       1.51344548923
       0.687       1.51341761583
       0.688       1.51338984092
       0.689       1.51336216385
       0.69       1.51333458401
       0.691       1.51330710075
       0.692       1.51327971347
       0.693       1.51325242154
       0.694       1.51322522435
       0.695       1.51319812131
       0.696       1.51317111179
       0.697       1.51314419522
       0.698       1.51311737099
       0.699       1.51309063851
       0.7       1.5130639972
       0.701       1.51303744648
       0.702       1.51301098577
       0.703       1.5129846145
       0.704       1.51295833211
       0.705       1.51293213803
       0.706       1.5129060317
       0.707       1.51288001257
       0.708       1.51285408009
       0.709       1.5128282337
       0.71       1.51280247287
       0.711       1.51277679706
       0.712       1.51275120573
       0.713       1.51272569836
       0.714       1.51270027441
       0.715       1.51267493336
       0.716       1.5126496747
       0.717       1.5126244979
       0.718       1.51259940245
       0.719       1.51257438786
       0.72       1.51254945361
       0.721       1.51252459919
       0.722       1.51249982413
       0.723       1.51247512791
       0.724       1.51245051006
       0.725       1.51242597008
       0.726       1.51240150749
       0.727       1.51237712181
       0.728       1.51235281257
       0.729       1.51232857929
       0.73       1.5123044215
       0.731       1.51228033875
       0.732       1.51225633055
       0.733       1.51223239646
       0.734       1.51220853602
       0.735       1.51218474878
       0.736       1.51216103428
       0.737       1.51213739208
       0.738       1.51211382174
       0.739       1.51209032281
       0.74       1.51206689486
       0.741       1.51204353746
       0.742       1.51202025017
       0.743       1.51199703256
       0.744       1.51197388422
       0.745       1.51195080471
       0.746       1.51192779362
       0.747       1.51190485053
       0.748       1.51188197503
       0.749       1.51185916671
       0.75       1.51183642516
       0.751       1.51181374997
       0.752       1.51179114075
       0.753       1.51176859709
       0.754       1.5117461186
       0.755       1.51172370488
       0.756       1.51170135555
       0.757       1.51167907021
       0.758       1.51165684847
       0.759       1.51163468997
       0.76       1.5116125943
       0.761       1.5115905611
       0.762       1.51156859
       0.763       1.51154668061
       0.764       1.51152483257
       0.765       1.5115030455
       0.766       1.51148131906
       0.767       1.51145965286
       0.768       1.51143804656
       0.769       1.51141649978
       0.77       1.51139501219
       0.771       1.51137358342
       0.772       1.51135221312
       0.773       1.51133090095
       0.774       1.51130964656
       0.775       1.5112884496
       0.776       1.51126730974
       0.777       1.51124622662
       0.778       1.51122519993
       0.779       1.51120422932
       0.78       1.51118331446
       0.781       1.51116245502
       0.782       1.51114165066
       0.783       1.51112090108
       0.784       1.51110020593
       0.785       1.51107956491
       0.786       1.51105897768
       0.787       1.51103844394
       0.788       1.51101796336
       0.789       1.51099753564
       0.79       1.51097716046
       0.791       1.51095683751
       0.792       1.51093656649
       0.793       1.51091634709
       0.794       1.51089617901
       0.795       1.51087606194
       0.796       1.51085599558
       0.797       1.51083597965
       0.798       1.51081601384
       0.799       1.51079609786
       0.8       1.51077623142
       0.801       1.51075641423
       0.802       1.51073664599
       0.803       1.51071692643
       0.804       1.51069725527
       0.805       1.5106776322
       0.806       1.51065805697
       0.807       1.51063852928
       0.808       1.51061904887
       0.809       1.51059961545
       0.81       1.51058022875
       0.811       1.5105608885
       0.812       1.51054159444
       0.813       1.51052234628
       0.814       1.51050314377
       0.815       1.51048398664
       0.816       1.51046487463
       0.817       1.51044580747
       0.818       1.51042678491
       0.819       1.51040780668
       0.82       1.51038887254
       0.821       1.51036998222
       0.822       1.51035113547
       0.823       1.51033233204
       0.824       1.51031357167
       0.825       1.51029485413
       0.826       1.51027617916
       0.827       1.51025754652
       0.828       1.51023895596
       0.829       1.51022040724
       0.83       1.51020190012
       0.831       1.51018343436
       0.832       1.51016500972
       0.833       1.51014662597
       0.834       1.51012828286
       0.835       1.51010998017
       0.836       1.51009171766
       0.837       1.51007349511
       0.838       1.51005531227
       0.839       1.51003716893
       0.84       1.51001906486
       0.841       1.51000099983
       0.842       1.50998297361
       0.843       1.509964986
       0.844       1.50994703675
       0.845       1.50992912566
       0.846       1.50991125251
       0.847       1.50989341707
       0.848       1.50987561914
       0.849       1.50985785849
       0.85       1.50984013492
       0.851       1.50982244821
       0.852       1.50980479815
       0.853       1.50978718453
       0.854       1.50976960715
       0.855       1.50975206579
       0.856       1.50973456025
       0.857       1.50971709033
       0.858       1.50969965582
       0.859       1.50968225652
       0.86       1.50966489224
       0.861       1.50964756276
       0.862       1.50963026789
       0.863       1.50961300744
       0.864       1.50959578121
       0.865       1.509578589
       0.866       1.50956143062
       0.867       1.50954430587
       0.868       1.50952721457
       0.869       1.50951015652
       0.87       1.50949313154
       0.871       1.50947613944
       0.872       1.50945918002
       0.873       1.50944225311
       0.874       1.50942535852
       0.875       1.50940849606
       0.876       1.50939166556
       0.877       1.50937486683
       0.878       1.50935809968
       0.879       1.50934136395
       0.88       1.50932465944
       0.881       1.509307986
       0.882       1.50929134343
       0.883       1.50927473156
       0.884       1.50925815022
       0.885       1.50924159923
       0.886       1.50922507843
       0.887       1.50920858763
       0.888       1.50919212668
       0.889       1.5091756954
       0.89       1.50915929362
       0.891       1.50914292117
       0.892       1.50912657789
       0.893       1.50911026362
       0.894       1.50909397818
       0.895       1.50907772142
       0.896       1.50906149316
       0.897       1.50904529326
       0.898       1.50902912154
       0.899       1.50901297786
       0.9       1.50899686204
       0.901       1.50898077393
       0.902       1.50896471338
       0.903       1.50894868022
       0.904       1.50893267431
       0.905       1.50891669548
       0.906       1.50890074359
       0.907       1.50888481847
       0.908       1.50886891999
       0.909       1.50885304798
       0.91       1.50883720229
       0.911       1.50882138279
       0.912       1.50880558931
       0.913       1.50878982171
       0.914       1.50877407985
       0.915       1.50875836357
       0.916       1.50874267274
       0.917       1.5087270072
       0.918       1.50871136681
       0.919       1.50869575144
       0.92       1.50868016093
       0.921       1.50866459515
       0.922       1.50864905395
       0.923       1.50863353721
       0.924       1.50861804476
       0.925       1.50860257649
       0.926       1.50858713225
       0.927       1.5085717119
       0.928       1.50855631531
       0.929       1.50854094234
       0.93       1.50852559286
       0.931       1.50851026674
       0.932       1.50849496383
       0.933       1.50847968402
       0.934       1.50846442716
       0.935       1.50844919313
       0.936       1.50843398179
       0.937       1.50841879302
       0.938       1.50840362669
       0.939       1.50838848267
       0.94       1.50837336083
       0.941       1.50835826104
       0.942       1.50834318319
       0.943       1.50832812714
       0.944       1.50831309276
       0.945       1.50829807994
       0.946       1.50828308856
       0.947       1.50826811848
       0.948       1.50825316959
       0.949       1.50823824176
       0.95       1.50822333488
       0.951       1.50820844882
       0.952       1.50819358347
       0.953       1.50817873871
       0.954       1.50816391441
       0.955       1.50814911046
       0.956       1.50813432675
       0.957       1.50811956315
       0.958       1.50810481956
       0.959       1.50809009585
       0.96       1.50807539191
       0.961       1.50806070764
       0.962       1.5080460429
       0.963       1.5080313976
       0.964       1.50801677162
       0.965       1.50800216484
       0.966       1.50798757717
       0.967       1.50797300848
       0.968       1.50795845867
       0.969       1.50794392762
       0.97       1.50792941524
       0.971       1.50791492141
       0.972       1.50790044602
       0.973       1.50788598897
       0.974       1.50787155014
       0.975       1.50785712945
       0.976       1.50784272677
       0.977       1.50782834201
       0.978       1.50781397506
       0.979       1.50779962581
       0.98       1.50778529417
       0.981       1.50777098003
       0.982       1.50775668329
       0.983       1.50774240385
       0.984       1.50772814161
       0.985       1.50771389646
       0.986       1.5076996683
       0.987       1.50768545705
       0.988       1.50767126259
       0.989       1.50765708483
       0.99       1.50764292367
       0.991       1.50762877902
       0.992       1.50761465077
       0.993       1.50760053884
       0.994       1.50758644312
       0.995       1.50757236351
       0.996       1.50755829994
       0.997       1.50754425229
       0.998       1.50753022048
       0.999       1.50751620441
       1.0       1.50750220398
       1.001       1.50748821912
       1.002       1.50747424972
       1.003       1.50746029569
       1.004       1.50744635695
       1.005       1.50743243339
       1.006       1.50741852493
       1.007       1.50740463149
       1.008       1.50739075297
       1.009       1.50737688927
       1.01       1.50736304033
       1.011       1.50734920603
       1.012       1.50733538631
       1.013       1.50732158106
       1.014       1.50730779021
       1.015       1.50729401367
       1.016       1.50728025135
       1.017       1.50726650317
       1.018       1.50725276903
       1.019       1.50723904887
       1.02       1.50722534258
       1.021       1.50721165009
       1.022       1.50719797132
       1.023       1.50718430619
       1.024       1.5071706546
       1.025       1.50715701647
       1.026       1.50714339174
       1.027       1.50712978031
       1.028       1.5071161821
       1.029       1.50710259703
       1.03       1.50708902503
       1.031       1.50707546601
       1.032       1.50706191989
       1.033       1.5070483866
       1.034       1.50703486605
       1.035       1.50702135818
       1.036       1.50700786289
       1.037       1.50699438011
       1.038       1.50698090977
       1.039       1.50696745179
       1.04       1.50695400608
       1.041       1.50694057259
       1.042       1.50692715123
       1.043       1.50691374192
       1.044       1.50690034459
       1.045       1.50688695916
       1.046       1.50687358557
       1.047       1.50686022374
       1.048       1.50684687359
       1.049       1.50683353505
       1.05       1.50682020805
       1.051       1.50680689252
       1.052       1.50679358838
       1.053       1.50678029556
       1.054       1.50676701399
       1.055       1.5067537436
       1.056       1.50674048432
       1.057       1.50672723608
       1.058       1.50671399881
       1.059       1.50670077244
       1.06       1.5066875569
       1.061       1.50667435211
       1.062       1.50666115802
       1.063       1.50664797456
       1.064       1.50663480164
       1.065       1.50662163922
       1.066       1.50660848721
       1.067       1.50659534556
       1.068       1.50658221419
       1.069       1.50656909305
       1.07       1.50655598205
       1.071       1.50654288115
       1.072       1.50652979026
       1.073       1.50651670934
       1.074       1.5065036383
       1.075       1.50649057709
       1.076       1.50647752564
       1.077       1.5064644839
       1.078       1.50645145178
       1.079       1.50643842924
       1.08       1.50642541621
       1.081       1.50641241262
       1.082       1.50639941841
       1.083       1.50638643353
       1.084       1.5063734579
       1.085       1.50636049147
       1.086       1.50634753418
       1.087       1.50633458596
       1.088       1.50632164675
       1.089       1.50630871649
       1.09       1.50629579513
       1.091       1.5062828826
       1.092       1.50626997884
       1.093       1.50625708379
       1.094       1.5062441974
       1.095       1.5062313196
       1.096       1.50621845034
       1.097       1.50620558956
       1.098       1.50619273719
       1.099       1.50617989319
       1.1       1.50616705749
       1.101       1.50615423003
       1.102       1.50614141077
       1.103       1.50612859964
       1.104       1.50611579658
       1.105       1.50610300155
       1.106       1.50609021448
       1.107       1.50607743531
       1.108       1.506064664
       1.109       1.50605190048
       1.11       1.50603914471
       1.111       1.50602639662
       1.112       1.50601365616
       1.113       1.50600092328
       1.114       1.50598819793
       1.115       1.50597548004
       1.116       1.50596276958
       1.117       1.50595006647
       1.118       1.50593737067
       1.119       1.50592468213
       1.12       1.5059120008
       1.121       1.50589932661
       1.122       1.50588665953
       1.123       1.50587399949
       1.124       1.50586134645
       1.125       1.50584870035
       1.126       1.50583606114
       1.127       1.50582342878
       1.128       1.50581080321
       1.129       1.50579818437
       1.13       1.50578557223
       1.131       1.50577296673
       1.132       1.50576036781
       1.133       1.50574777544
       1.134       1.50573518956
       1.135       1.50572261011
       1.136       1.50571003706
       1.137       1.50569747035
       1.138       1.50568490994
       1.139       1.50567235577
       1.14       1.5056598078
       1.141       1.50564726598
       1.142       1.50563473026
       1.143       1.5056222006
       1.144       1.50560967694
       1.145       1.50559715924
       1.146       1.50558464746
       1.147       1.50557214154
       1.148       1.50555964144
       1.149       1.50554714711
       1.15       1.50553465851
       1.151       1.50552217559
       1.152       1.5055096983
       1.153       1.5054972266
       1.154       1.50548476045
       1.155       1.50547229979
       1.156       1.50545984459
       1.157       1.5054473948
       1.158       1.50543495037
       1.159       1.50542251126
       1.16       1.50541007742
       1.161       1.50539764882
       1.162       1.5053852254
       1.163       1.50537280712
       1.164       1.50536039395
       1.165       1.50534798583
       1.166       1.50533558273
       1.167       1.5053231846
       1.168       1.50531079139
       1.169       1.50529840307
       1.17       1.50528601959
       1.171       1.50527364092
       1.172       1.505261267
       1.173       1.50524889779
       1.174       1.50523653327
       1.175       1.50522417337
       1.176       1.50521181807
       1.177       1.50519946731
       1.178       1.50518712107
       1.179       1.5051747793
       1.18       1.50516244195
       1.181       1.50515010899
       1.182       1.50513778038
       1.183       1.50512545608
       1.184       1.50511313604
       1.185       1.50510082023
       1.186       1.5050885086
       1.187       1.50507620113
       1.188       1.50506389776
       1.189       1.50505159846
       1.19       1.50503930319
       1.191       1.50502701192
       1.192       1.50501472459
       1.193       1.50500244118
       1.194       1.50499016165
       1.195       1.50497788595
       1.196       1.50496561406
       1.197       1.50495334592
       1.198       1.50494108151
       1.199       1.50492882079
       1.2       1.50491656371
       1.201       1.50490431024
       1.202       1.50489206035
       1.203       1.504879814
       1.204       1.50486757114
       1.205       1.50485533175
       1.206       1.50484309579
       1.207       1.50483086322
       1.208       1.504818634
       1.209       1.5048064081
       1.21       1.50479418548
       1.211       1.50478196611
       1.212       1.50476974995
       1.213       1.50475753696
       1.214       1.50474532712
       1.215       1.50473312037
       1.216       1.5047209167
       1.217       1.50470871607
       1.218       1.50469651843
       1.219       1.50468432375
       1.22       1.50467213201
       1.221       1.50465994317
       1.222       1.50464775718
       1.223       1.50463557402
       1.224       1.50462339366
       1.225       1.50461121606
       1.226       1.50459904118
       1.227       1.50458686899
       1.228       1.50457469947
       1.229       1.50456253257
       1.23       1.50455036826
       1.231       1.50453820651
       1.232       1.50452604728
       1.233       1.50451389056
       1.234       1.50450173629
       1.235       1.50448958445
       1.236       1.504477435
       1.237       1.50446528792
       1.238       1.50445314317
       1.239       1.50444100072
       1.24       1.50442886054
       1.241       1.50441672259
       1.242       1.50440458685
       1.243       1.50439245327
       1.244       1.50438032184
       1.245       1.50436819252
       1.246       1.50435606528
       1.247       1.50434394009
       1.248       1.50433181691
       1.249       1.50431969572
       1.25       1.50430757648
       1.251       1.50429545916
       1.252       1.50428334375
       1.253       1.50427123019
       1.254       1.50425911847
       1.255       1.50424700855
       1.256       1.5042349004
       1.257       1.504222794
       1.258       1.50421068931
       1.259       1.5041985863
       1.26       1.50418648495
       1.261       1.50417438523
       1.262       1.50416228709
       1.263       1.50415019053
       1.264       1.5041380955
       1.265       1.50412600198
       1.266       1.50411390995
       1.267       1.50410181936
       1.268       1.50408973019
       1.269       1.50407764242
       1.27       1.50406555601
       1.271       1.50405347094
       1.272       1.50404138718
       1.273       1.50402930469
       1.274       1.50401722346
       1.275       1.50400514346
       1.276       1.50399306465
       1.277       1.50398098701
       1.278       1.50396891051
       1.279       1.50395683513
       1.28       1.50394476083
       1.281       1.50393268759
       1.282       1.50392061538
       1.283       1.50390854418
       1.284       1.50389647396
       1.285       1.50388440469
       1.286       1.50387233634
       1.287       1.50386026889
       1.288       1.50384820231
       1.289       1.50383613658
       1.29       1.50382407166
       1.291       1.50381200754
       1.292       1.50379994418
       1.293       1.50378788156
       1.294       1.50377581965
       1.295       1.50376375844
       1.296       1.50375169788
       1.297       1.50373963796
       1.298       1.50372757866
       1.299       1.50371551993
       1.3       1.50370346177
       1.301       1.50369140414
       1.302       1.50367934702
       1.303       1.50366729039
       1.304       1.50365523421
       1.305       1.50364317847
       1.306       1.50363112314
       1.307       1.50361906819
       1.308       1.50360701361
       1.309       1.50359495935
       1.31       1.50358290541
       1.311       1.50357085175
       1.312       1.50355879836
       1.313       1.5035467452
       1.314       1.50353469226
       1.315       1.50352263951
       1.316       1.50351058692
       1.317       1.50349853447
       1.318       1.50348648215
       1.319       1.50347442991
       1.32       1.50346237775
       1.321       1.50345032563
       1.322       1.50343827354
       1.323       1.50342622144
       1.324       1.50341416933
       1.325       1.50340211716
       1.326       1.50339006493
       1.327       1.5033780126
       1.328       1.50336596016
       1.329       1.50335390758
       1.33       1.50334185484
       1.331       1.50332980192
       1.332       1.50331774878
       1.333       1.50330569542
       1.334       1.50329364181
       1.335       1.50328158792
       1.336       1.50326953374
       1.337       1.50325747924
       1.338       1.50324542439
       1.339       1.50323336919
       1.34       1.5032213136
       1.341       1.5032092576
       1.342       1.50319720117
       1.343       1.50318514429
       1.344       1.50317308694
       1.345       1.5031610291
       1.346       1.50314897074
       1.347       1.50313691184
       1.348       1.50312485239
       1.349       1.50311279235
       1.35       1.50310073172
       1.351       1.50308867046
       1.352       1.50307660856
       1.353       1.503064546
       1.354       1.50305248274
       1.355       1.50304041879
       1.356       1.50302835411
       1.357       1.50301628867
       1.358       1.50300422247
       1.359       1.50299215549
       1.36       1.50298008769
       1.361       1.50296801906
       1.362       1.50295594958
       1.363       1.50294387923
       1.364       1.50293180799
       1.365       1.50291973584
       1.366       1.50290766276
       1.367       1.50289558873
       1.368       1.50288351372
       1.369       1.50287143773
       1.37       1.50285936072
       1.371       1.50284728268
       1.372       1.50283520359
       1.373       1.50282312344
       1.374       1.50281104219
       1.375       1.50279895983
       1.376       1.50278687635
       1.377       1.50277479171
       1.378       1.50276270591
       1.379       1.50275061892
       1.38       1.50273853073
       1.381       1.50272644131
       1.382       1.50271435065
       1.383       1.50270225872
       1.384       1.50269016552
       1.385       1.50267807101
       1.386       1.50266597518
       1.387       1.50265387802
       1.388       1.5026417795
       1.389       1.5026296796
       1.39       1.50261757831
       1.391       1.5026054756
       1.392       1.50259337147
       1.393       1.50258126588
       1.394       1.50256915883
       1.395       1.50255705029
       1.396       1.50254494025
       1.397       1.50253282868
       1.398       1.50252071558
       1.399       1.50250860092
       1.4       1.50249648468
       1.401       1.50248436684
       1.402       1.5024722474
       1.403       1.50246012632
       1.404       1.5024480036
       1.405       1.50243587921
       1.406       1.50242375314
       1.407       1.50241162537
       1.408       1.50239949589
       1.409       1.50238736466
       1.41       1.50237523169
       1.411       1.50236309694
       1.412       1.50235096041
       1.413       1.50233882207
       1.414       1.50232668191
       1.415       1.50231453992
       1.416       1.50230239607
       1.417       1.50229025034
       1.418       1.50227810273
       1.419       1.50226595321
       1.42       1.50225380177
       1.421       1.50224164838
       1.422       1.50222949304
       1.423       1.50221733573
       1.424       1.50220517643
       1.425       1.50219301512
       1.426       1.50218085179
       1.427       1.50216868642
       1.428       1.50215651899
       1.429       1.50214434949
       1.43       1.5021321779
       1.431       1.50212000421
       1.432       1.5021078284
       1.433       1.50209565045
       1.434       1.50208347035
       1.435       1.50207128808
       1.436       1.50205910362
       1.437       1.50204691697
       1.438       1.50203472809
       1.439       1.50202253699
       1.44       1.50201034363
       1.441       1.50199814801
       1.442       1.50198595012
       1.443       1.50197374992
       1.444       1.50196154742
       1.445       1.50194934259
       1.446       1.50193713541
       1.447       1.50192492588
       1.448       1.50191271398
       1.449       1.50190049969
       1.45       1.50188828299
       1.451       1.50187606388
       1.452       1.50186384233
       1.453       1.50185161833
       1.454       1.50183939187
       1.455       1.50182716293
       1.456       1.5018149315
       1.457       1.50180269756
       1.458       1.50179046109
       1.459       1.50177822208
       1.46       1.50176598052
       1.461       1.50175373639
       1.462       1.50174148968
       1.463       1.50172924037
       1.464       1.50171698845
       1.465       1.5017047339
       1.466       1.5016924767
       1.467       1.50168021686
       1.468       1.50166795434
       1.469       1.50165568913
       1.47       1.50164342123
       1.471       1.50163115061
       1.472       1.50161887726
       1.473       1.50160660117
       1.474       1.50159432233
       1.475       1.50158204071
       1.476       1.50156975631
       1.477       1.50155746911
       1.478       1.50154517909
       1.479       1.50153288625
       1.48       1.50152059057
       1.481       1.50150829203
       1.482       1.50149599063
       1.483       1.50148368634
       1.484       1.50147137915
       1.485       1.50145906906
       1.486       1.50144675604
       1.487       1.50143444008
       1.488       1.50142212117
       1.489       1.50140979929
       1.49       1.50139747444
       1.491       1.5013851466
       1.492       1.50137281575
       1.493       1.50136048188
       1.494       1.50134814498
       1.495       1.50133580503
       1.496       1.50132346203
       1.497       1.50131111595
       1.498       1.50129876679
       1.499       1.50128641453
       1.5       1.50127405915
       1.501       1.50126170065
       1.502       1.50124933902
       1.503       1.50123697423
       1.504       1.50122460628
       1.505       1.50121223515
       1.506       1.50119986083
       1.507       1.50118748331
       1.508       1.50117510258
       1.509       1.50116271861
       1.51       1.50115033141
       1.511       1.50113794095
       1.512       1.50112554722
       1.513       1.50111315021
       1.514       1.50110074992
       1.515       1.50108834631
       1.516       1.50107593939
       1.517       1.50106352914
       1.518       1.50105111555
       1.519       1.50103869861
       1.52       1.50102627829
       1.521       1.5010138546
       1.522       1.50100142751
       1.523       1.50098899703
       1.524       1.50097656312
       1.525       1.50096412579
       1.526       1.50095168501
       1.527       1.50093924079
       1.528       1.50092679309
       1.529       1.50091434192
       1.53       1.50090188726
