0.365 1.7015894721916 5.7648e-06
0.3864 1.6903315196357 7.053943999999994e-07
0.4077 1.6816060101661 1.7180760000000008e-07
0.4291 1.6745785716455 8.564242500000003e-08
0.4504 1.6688466477267 6.4008e-08
0.4718 1.6640437314267 5.295186500000001e-08
0.4931 1.659999172839 4.339189250000001e-08
0.5145 1.6565192117886 3.531740217391306e-08
0.5358 1.653522012856 2.8005482608695643e-08
0.5572 1.6508924349775 2.4390023529411764e-08
0.5785 1.6485884132196 2.4173264705882353e-08
0.5999 1.6465357622328 2.7975815000000002e-08
0.6212 1.6447121522592 3.1893589999999996e-08
0.6426 1.6430668366636 3.2991944999999994e-08
0.6639 1.6415880003685 3.34239225e-08
0.6853 1.6402392711208 3.0893907499999994e-08
0.7066 1.6390147277339 2.880731833333333e-08
0.728 1.6378872935704 2.7676744444444442e-08
0.7493 1.6368544745916 2.655145361111111e-08
0.7707 1.6358954630828 2.5420879722222217e-08
0.792 1.6350098105436 2.4295588888888884e-08
0.8134 1.6341810831756 2.3165014999999997e-08
0.8347 1.6334100750795 2.2039724166666665e-08
0.8561 1.6326834908872 2.090915027777778e-08
0.8774 1.6320028872594 1.9783859444444446e-08
0.8988 1.6313572739785 1.8653285555555553e-08
0.9201 1.6307486771193 1.752799472222222e-08
0.9415 1.6301678331397 1.6397420833333334e-08
0.9628 1.6296170558366 1.527213e-08
0.9842 1.6290883966171 1.4141556111111114e-08
1.006 1.62857275829 1.2989850000000001e-08
1.027 1.6280957342524 1.1880408333333341e-08
1.048 1.6276361452985 1.0770966666666668e-08
1.07 1.6271715508144 1.1592638297872341e-08
1.091 1.6267426241127 1.4649478723404243e-08
1.112 1.6263265333034 1.7706319148936178e-08
1.134 1.6259030645989 2.0908723404255295e-08
1.155 1.6255095644447 2.396556382978723e-08
1.176 1.6251255150903 2.702240425531913e-08
1.198 1.6247323206964 3.0224808510638285e-08
1.219 1.6243648621024 3.328164893617022e-08
1.24 1.624004313502 3.633848936170212e-08
1.262 1.6236332523293 3.9540893617021275e-08
1.283 1.6232847511031 4.259773404255317e-08
1.304 1.622941219038 4.565457446808511e-08
1.326 1.622586074873 4.885697872340426e-08
1.347 1.6222510917949 5.191381914893616e-08
1.368 1.6219195715741 5.497065957446809e-08
1.39 1.6215755215705 5.8173063829787215e-08
1.411 1.6212498152117 6.122990425531915e-08
1.433 1.620911035015 6.44323085106383e-08
1.454 1.6205896324895 6.74891489361702e-08
1.475 1.6202698478068 7.054598936170214e-08
1.497 1.6199362566216 7.374839361702129e-08
1.518 1.6196189061447 7.68052340425532e-08
1.539 1.6193023535155 8.625350454545446e-08
1.561 1.6189713277259 1.0507940454545448e-07
1.582 1.6186556942731 1.2304958181818186e-07
1.603 1.6183401900381 1.4101975909090906e-07
1.625 1.6180095907659 1.5984565909090908e-07
1.646 1.6176937629497 1.7781583636363627e-07
1.667 1.6173775125736 1.9578601363636365e-07
1.689 1.617045575061 2.1461191363636367e-07
1.71 1.6167279695716 2.3258209090909086e-07
1.731 1.6164094808331 2.505522681818182e-07
1.753 1.6160747318943 2.693781681818181e-07
1.774 1.615754021883 2.8734834545454543e-07
1.795 1.6154320395512 3.053185227272727e-07
1.817 1.6150932352033 3.2414442272727264e-07
1.838 1.6147682959602 3.421146000000001e-07
1.86 1.6144261606244 3.6094050000000007e-07
1.881 1.6140978298586 3.789106772727273e-07
1.902 1.6137676971462 3.9688085454545446e-07
1.924 1.6134198133189 4.1570675454545453e-07
1.945 1.6130857149035 4.336769318181819e-07
1.966 1.612749552665 4.51647109090909e-07
1.988 1.6123950833293 5.349763098591549e-07
2.009 1.6120544527808 6.282003380281686e-07
2.03 1.6117115278705 7.214243661971821e-07
2.052 1.6113497362523 8.19087633802817e-07
2.073 1.6110018980885 9.123116619718306e-07
2.094 1.6106515603143 1.0055356901408442e-06
2.116 1.6102817905301 1.103198957746479e-06
2.137 1.6099261411556 1.1964229859154926e-06
2.158 1.6095678073805 1.2896470140845063e-06
2.18 1.6091894689759 1.387310281690141e-06
2.201 1.6088254629714 1.4805343098591547e-06
2.222 1.608458604341 1.5737583380281684e-06
2.244 1.6080711598375 1.6714216056338031e-06
2.265 1.6076982988849 1.7646456338028168e-06
2.287 1.6073044561465 1.8623089014084498e-06
2.308 1.6069253852671 1.955532929577463e-06
2.329 1.6065432091336 2.0574205714285717e-06
2.351 1.6061394532328 2.2027337142857133e-06
2.372 1.6057507755883 2.3414417142857127e-06
2.393 1.6053588547294 2.480149714285712e-06
2.415 1.6049447449689 2.6254628571428567e-06
2.436 1.6045460481308 2.7641708571428565e-06
2.457 1.6041439775739 2.902878857142856e-06
2.479 1.6037190970975 3.0481920000000005e-06
2.5 1.6033099896864 3.1869e-06
