Fold1_axis                      2 body  0 random   0   0.0                  1.0  0.0  0.0  0.0  0.0  0.0   1.5707963267948966            0.0  
Fold1_tilt                      2 body  2 random   1   0.0              0.785398 0.0  0.0  0.0  0.0  1.0                  0.0            0.0 
Fold2_axis                      3 body  0 random   2   0.0                  1.0  0.0  0.0  0.0  0.0  0.0   1.5707963267948966            0.0  
Fold2_tilt                      3 body  2 random   3   0.0              0.785398 0.0  0.0  0.0  0.0  1.0                  0.0            0.0 
Fold2y                          3 body  3 random   4   0.0                 80.0  0.0  0.0  0.0  0.0  1.0                  0.0            0.0 
L1y                             4 body  3 random   5   0.0                 80.0  0.0  0.0  0.0  0.0  0.0                  0.0            0.0 
L1My                            5 body  3 random   6   0.0                 80.0  0.0  0.0  0.0  0.0  0.0                  0.0            0.0 
L1Ey                            6 body  3 random   7   0.0                 80.0  0.0  0.0  0.0  0.0  0.0                  0.0            0.0 
CM1_axis                        7 body  0 random   8   0.0                  1.0  0.0  0.0  0.0  0.0  0.0   1.5707963267948966            0.0  
CM1_tilt                        7 body  2 random   9   0.0              6.12611  0.0  0.0  0.0  0.0  1.0                  0.0            0.0 
CM1y                            7 body  3 random   10  0.0                 80.0  0.0  0.0  0.0  0.0  1.0                  0.0            0.0 
CL1_tilt                        8 body  2 random   11  0.0              6.12611  0.0  0.0  0.0  0.0  1.0                  0.0            0.0 
CL1y                            8 body  3 random   12  0.0               2.7458  0.0  0.0  0.0  0.0  1.0                  0.0            0.0
CL1M_tilt                       9 body  2 random   13  0.0             6.12611  0.0  0.0  0.0  0.0  1.0                  0.0             0.0 
CL1My                           9 body  3 random   14  0.0            -1.32709  0.0  0.0  0.0  0.0  1.0                  0.0             0.0 
CL1E_tilt                      10 body  2 random   15  0.0             6.12611  0.0  0.0  0.0  0.0  1.0                  0.0             0.0 
CL1Ey                          10 body  3 random   16  0.0            -4.46671  0.0  0.0  0.0  0.0  1.0                  0.0             0.0 
CM2_axis                       11 body  0 random   17   0.0                 1.0  0.0  0.0  0.0  0.0  0.0   1.5707963267948966             0.0  
CM2_tilt                       11 body  2 random   18  0.0             0.15708  0.0  0.0  0.0  0.0  1.0                  0.0             0.0 
CM2y                           11 body  3 random   19  0.0            -131.322  0.0  0.0  0.0  0.0  1.0                  0.0             0.0  
Det_tilt                      12 body  2 random    20  0.0             0.15708  0.0  0.0  0.0  0.0  1.0                  0.0              0.0 
Dety                          12 body  3 random    21  0.0            -372.614  0.0  0.0  0.0  0.0  1.0                  0.0              0.0