       0.3       1.63125514899
       0.301       1.63070569457
       0.302       1.63016383618
       0.303       1.62962941741
       0.304       1.62910228629
       0.305       1.62858229511
       0.306       1.62806930029
       0.307       1.62756316218
       0.308       1.62706374497
       0.309       1.62657091654
       0.31       1.62608454832
       0.311       1.62560451518
       0.312       1.62513069528
       0.313       1.62466297001
       0.314       1.62420122383
       0.315       1.62374534421
       0.316       1.6232952215
       0.317       1.62285074882
       0.318       1.62241182203
       0.319       1.62197833956
       0.32       1.62155020241
       0.321       1.62112731399
       0.322       1.62070958011
       0.323       1.62029690884
       0.324       1.61988921052
       0.325       1.61948639758
       0.326       1.6190883846
       0.327       1.61869508814
       0.328       1.61830642673
       0.329       1.61792232082
       0.33       1.61754269267
       0.331       1.61716746637
       0.332       1.6167965677
       0.333       1.61642992418
       0.334       1.61606746492
       0.335       1.61570912064
       0.336       1.6153548236
       0.337       1.61500450755
       0.338       1.61465810773
       0.339       1.61431556075
       0.34       1.61397680463
       0.341       1.61364177871
       0.342       1.61331042363
       0.343       1.61298268131
       0.344       1.6126584949
       0.345       1.61233780872
       0.346       1.61202056828
       0.347       1.61170672022
       0.348       1.61139621229
       0.349       1.61108899329
       0.35       1.6107850131
       0.351       1.61048422259
       0.352       1.61018657364
       0.353       1.60989201909
       0.354       1.60960051273
       0.355       1.60931200925
       0.356       1.60902646426
       0.357       1.60874383423
       0.358       1.60846407647
       0.359       1.60818714913
       0.36       1.60791301119
       0.361       1.60764162238
       0.362       1.60737294323
       0.363       1.607106935
       0.364       1.6068435597
       0.365       1.60658278005
       0.366       1.60632455947
       0.367       1.60606886205
       0.368       1.60581565256
       0.369       1.60556489641
       0.37       1.60531655966
       0.371       1.60507060897
       0.372       1.60482701162
       0.373       1.60458573548
       0.374       1.60434674898
       0.375       1.60411002115
       0.376       1.60387552155
       0.377       1.60364322027
       0.378       1.60341308795
       0.379       1.60318509573
       0.38       1.60295921527
       0.381       1.60273541871
       0.382       1.60251367868
       0.383       1.60229396827
       0.384       1.60207626105
       0.385       1.60186053103
       0.386       1.60164675266
       0.387       1.60143490083
       0.388       1.60122495085
       0.389       1.60101687845
       0.39       1.60081065975
       0.391       1.60060627129
       0.392       1.60040368997
       0.393       1.6002028931
       0.394       1.60000385835
       0.395       1.59980656374
       0.396       1.59961098767
       0.397       1.59941710889
       0.398       1.59922490648
       0.399       1.59903435986
       0.4       1.59884544878
       0.401       1.59865815331
       0.402       1.59847245385
       0.403       1.59828833109
       0.404       1.59810576604
       0.405       1.59792474001
       0.406       1.59774523458
       0.407       1.59756723163
       0.408       1.59739071333
       0.409       1.59721566211
       0.41       1.59704206067
       0.411       1.596869892
       0.412       1.59669913931
       0.413       1.5965297861
       0.414       1.59636181609
       0.415       1.59619521328
       0.416       1.59602996188
       0.417       1.59586604634
       0.418       1.59570345136
       0.419       1.59554216185
       0.42       1.59538216295
       0.421       1.59522344002
       0.422       1.59506597864
       0.423       1.59490976458
       0.424       1.59475478383
       0.425       1.5946010226
       0.426       1.59444846727
       0.427       1.59429710444
       0.428       1.59414692089
       0.429       1.59399790359
       0.43       1.5938500397
       0.431       1.59370331656
       0.432       1.59355772169
       0.433       1.59341324279
       0.434       1.59326986772
       0.435       1.59312758452
       0.436       1.5929863814
       0.437       1.59284624674
       0.438       1.59270716905
       0.439       1.59256913703
       0.44       1.59243213953
       0.441       1.59229616554
       0.442       1.59216120422
       0.443       1.59202724485
       0.444       1.59189427689
       0.445       1.59176228992
       0.446       1.59163127366
       0.447       1.59150121798
       0.448       1.59137211288
       0.449       1.59124394849
       0.45       1.59111671508
       0.451       1.59099040304
       0.452       1.5908650029
       0.453       1.5907405053
       0.454       1.590616901
       0.455       1.59049418091
       0.456       1.59037233603
       0.457       1.59025135749
       0.458       1.59013123653
       0.459       1.59001196451
       0.46       1.58989353288
       0.461       1.58977593324
       0.462       1.58965915726
       0.463       1.58954319674
       0.464       1.58942804357
       0.465       1.58931368975
       0.466       1.58920012738
       0.467       1.58908734866
       0.468       1.58897534589
       0.469       1.58886411146
       0.47       1.58875363786
       0.471       1.58864391768
       0.472       1.5885349436
       0.473       1.58842670837
       0.474       1.58831920486
       0.475       1.58821242601
       0.476       1.58810636486
       0.477       1.58800101451
       0.478       1.58789636816
       0.479       1.58779241912
       0.48       1.58768916073
       0.481       1.58758658644
       0.482       1.58748468978
       0.483       1.58738346435
       0.484       1.58728290383
       0.485       1.58718300198
       0.486       1.58708375263
       0.487       1.58698514967
       0.488       1.58688718709
       0.489       1.58678985893
       0.49       1.58669315932
       0.491       1.58659708243
       0.492       1.58650162252
       0.493       1.58640677392
       0.494       1.58631253102
       0.495       1.58621888826
       0.496       1.58612584017
       0.497       1.58603338133
       0.498       1.58594150638
       0.499       1.58585021004
       0.5       1.58575948706
       0.501       1.58566933228
       0.502       1.58557974059
       0.503       1.58549070692
       0.504       1.58540222628
       0.505       1.58531429373
       0.506       1.58522690438
       0.507       1.58514005341
       0.508       1.58505373604
       0.509       1.58496794754
       0.51       1.58488268325
       0.511       1.58479793856
       0.512       1.58471370888
       0.513       1.58462998972
       0.514       1.58454677661
       0.515       1.58446406512
       0.516       1.5843818509
       0.517       1.58430012963
       0.518       1.58421889703
       0.519       1.58413814887
       0.52       1.58405788099
       0.521       1.58397808925
       0.522       1.58389876956
       0.523       1.58381991787
       0.524       1.58374153019
       0.525       1.58366360255
       0.526       1.58358613106
       0.527       1.58350911182
       0.528       1.58343254102
       0.529       1.58335641485
       0.53       1.58328072958
       0.531       1.58320548149
       0.532       1.58313066691
       0.533       1.58305628221
       0.534       1.58298232379
       0.535       1.5829087881
       0.536       1.58283567162
       0.537       1.58276297088
       0.538       1.58269068241
       0.539       1.58261880283
       0.54       1.58254732874
       0.541       1.58247625681
       0.542       1.58240558374
       0.543       1.58233530626
       0.544       1.58226542113
       0.545       1.58219592515
       0.546       1.58212681515
       0.547       1.58205808798
       0.548       1.58198974055
       0.549       1.58192176977
       0.55       1.58185417261
       0.551       1.58178694605
       0.552       1.58172008711
       0.553       1.58165359285
       0.554       1.58158746032
       0.555       1.58152168666
       0.556       1.58145626898
       0.557       1.58139120446
       0.558       1.58132649028
       0.559       1.58126212368
       0.56       1.58119810189
       0.561       1.58113442219
       0.562       1.58107108189
       0.563       1.58100807832
       0.564       1.58094540883
       0.565       1.5808830708
       0.566       1.58082106163
       0.567       1.58075937878
       0.568       1.58069801968
       0.569       1.58063698182
       0.57       1.58057626271
       0.571       1.58051585989
       0.572       1.5804557709
       0.573       1.58039599332
       0.574       1.58033652475
       0.575       1.58027736283
       0.576       1.5802185052
       0.577       1.58015994952
       0.578       1.58010169349
       0.579       1.58004373482
       0.58       1.57998607126
       0.581       1.57992870055
       0.582       1.57987162049
       0.583       1.57981482885
       0.584       1.57975832347
       0.585       1.57970210219
       0.586       1.57964616287
       0.587       1.57959050339
       0.588       1.57953512165
       0.589       1.57948001557
       0.59       1.5794251831
       0.591       1.57937062218
       0.592       1.5793163308
       0.593       1.57926230696
       0.594       1.57920854866
       0.595       1.57915505395
       0.596       1.57910182088
       0.597       1.57904884751
       0.598       1.57899613194
       0.599       1.57894367226
       0.6       1.5788914666
       0.601       1.57883951309
       0.602       1.5787878099
       0.603       1.5787363552
       0.604       1.57868514717
       0.605       1.57863418402
       0.606       1.57858346398
       0.607       1.57853298527
       0.608       1.57848274616
       0.609       1.57843274491
       0.61       1.57838297981
       0.611       1.57833344915
       0.612       1.57828415126
       0.613       1.57823508446
       0.614       1.5781862471
       0.615       1.57813763753
       0.616       1.57808925413
       0.617       1.57804109529
       0.618       1.57799315942
       0.619       1.57794544492
       0.62       1.57789795022
       0.621       1.57785067379
       0.622       1.57780361406
       0.623       1.57775676951
       0.624       1.57771013863
       0.625       1.57766371991
       0.626       1.57761751186
       0.627       1.57757151301
       0.628       1.5775257219
       0.629       1.57748013707
       0.63       1.57743475708
       0.631       1.57738958051
       0.632       1.57734460594
       0.633       1.57729983198
       0.634       1.57725525722
       0.635       1.5772108803
       0.636       1.57716669985
       0.637       1.57712271451
       0.638       1.57707892294
       0.639       1.57703532381
       0.64       1.57699191579
       0.641       1.57694869758
       0.642       1.57690566787
       0.643       1.57686282539
       0.644       1.57682016885
       0.645       1.57677769699
       0.646       1.57673540855
       0.647       1.57669330229
       0.648       1.57665137697
       0.649       1.57660963136
       0.65       1.57656806426
       0.651       1.57652667446
       0.652       1.57648546076
       0.653       1.57644442198
       0.654       1.57640355694
       0.655       1.57636286449
       0.656       1.57632234346
       0.657       1.5762819927
       0.658       1.57624181109
       0.659       1.57620179749
       0.66       1.57616195079
       0.661       1.57612226987
       0.662       1.57608275364
       0.663       1.57604340101
       0.664       1.57600421088
       0.665       1.5759651822
       0.666       1.57592631388
       0.667       1.57588760489
       0.668       1.57584905416
       0.669       1.57581066066
       0.67       1.57577242336
       0.671       1.57573434123
       0.672       1.57569641327
       0.673       1.57565863846
       0.674       1.5756210158
       0.675       1.5755835443
       0.676       1.57554622298
       0.677       1.57550905087
       0.678       1.575472027
       0.679       1.5754351504
       0.68       1.57539842013
       0.681       1.57536183524
       0.682       1.57532539479
       0.683       1.57528909785
       0.684       1.5752529435
       0.685       1.57521693083
       0.686       1.57518105892
       0.687       1.57514532687
       0.688       1.57510973379
       0.689       1.57507427879
       0.69       1.575038961
       0.691       1.57500377953
       0.692       1.57496873352
       0.693       1.5749338221
       0.694       1.57489904444
       0.695       1.57486439967
       0.696       1.57482988695
       0.697       1.57479550546
       0.698       1.57476125436
       0.699       1.57472713284
       0.7       1.57469314007
       0.701       1.57465927525
       0.702       1.57462553757
       0.703       1.57459192624
       0.704       1.57455844047
       0.705       1.57452507946
       0.706       1.57449184245
       0.707       1.57445872866
       0.708       1.57442573731
       0.709       1.57439286766
       0.71       1.57436011894
       0.711       1.5743274904
       0.712       1.5742949813
       0.713       1.5742625909
       0.714       1.57423031846
       0.715       1.57419816326
       0.716       1.57416612457
       0.717       1.57413420167
       0.718       1.57410239386
       0.719       1.57407070043
       0.72       1.57403912067
       0.721       1.57400765389
       0.722       1.5739762994
       0.723       1.5739450565
       0.724       1.57391392452
       0.725       1.57388290279
       0.726       1.57385199063
       0.727       1.57382118737
       0.728       1.57379049235
       0.729       1.57375990491
       0.73       1.57372942441
       0.731       1.5736990502
       0.732       1.57366878163
       0.733       1.57363861806
       0.734       1.57360855886
       0.735       1.57357860341
       0.736       1.57354875107
       0.737       1.57351900123
       0.738       1.57348935327
       0.739       1.57345980658
       0.74       1.57343036055
       0.741       1.57340101459
       0.742       1.57337176809
       0.743       1.57334262045
       0.744       1.5733135711
       0.745       1.57328461944
       0.746       1.5732557649
       0.747       1.57322700689
       0.748       1.57319834484
       0.749       1.57316977818
       0.75       1.57314130635
       0.751       1.57311292879
       0.752       1.57308464494
       0.753       1.57305645424
       0.754       1.57302835615
       0.755       1.57300035012
       0.756       1.5729724356
       0.757       1.57294461207
       0.758       1.57291687899
       0.759       1.57288923582
       0.76       1.57286168204
       0.761       1.57283421712
       0.762       1.57280684055
       0.763       1.57277955181
       0.764       1.57275235039
       0.765       1.57272523577
       0.766       1.57269820746
       0.767       1.57267126495
       0.768       1.57264440774
       0.769       1.57261763533
       0.77       1.57259094724
       0.771       1.57256434298
       0.772       1.57253782206
       0.773       1.572511384
       0.774       1.57248502831
       0.775       1.57245875454
       0.776       1.57243256219
       0.777       1.57240645081
       0.778       1.57238041993
       0.779       1.57235446908
       0.78       1.57232859781
       0.781       1.57230280566
       0.782       1.57227709218
       0.783       1.57225145691
       0.784       1.57222589942
       0.785       1.57220041924
       0.786       1.57217501595
       0.787       1.57214968911
       0.788       1.57212443827
       0.789       1.57209926301
       0.79       1.57207416289
       0.791       1.5720491375
       0.792       1.5720241864
       0.793       1.57199930918
       0.794       1.57197450541
       0.795       1.57194977469
       0.796       1.57192511659
       0.797       1.57190053071
       0.798       1.57187601664
       0.799       1.57185157397
       0.8       1.57182720231
       0.801       1.57180290124
       0.802       1.57177867039
       0.803       1.57175450934
       0.804       1.57173041772
       0.805       1.57170639512
       0.806       1.57168244117
       0.807       1.57165855548
       0.808       1.57163473766
       0.809       1.57161098734
       0.81       1.57158730415
       0.811       1.5715636877
       0.812       1.57154013762
       0.813       1.57151665355
       0.814       1.57149323512
       0.815       1.57146988196
       0.816       1.57144659371
       0.817       1.57142337
       0.818       1.57140021049
       0.819       1.57137711482
       0.82       1.57135408263
       0.821       1.57133111357
       0.822       1.57130820729
       0.823       1.57128536345
       0.824       1.5712625817
       0.825       1.5712398617
       0.826       1.57121720311
       0.827       1.57119460559
       0.828       1.5711720688
       0.829       1.57114959241
       0.83       1.57112717609
       0.831       1.57110481951
       0.832       1.57108252235
       0.833       1.57106028427
       0.834       1.57103810495
       0.835       1.57101598407
       0.836       1.57099392132
       0.837       1.57097191637
       0.838       1.5709499689
       0.839       1.57092807862
       0.84       1.57090624519
       0.841       1.57088446833
       0.842       1.5708627477
       0.843       1.57084108302
       0.844       1.57081947397
       0.845       1.57079792026
       0.846       1.57077642158
       0.847       1.57075497764
       0.848       1.57073358814
       0.849       1.57071225278
       0.85       1.57069097127
       0.851       1.57066974332
       0.852       1.57064856864
       0.853       1.57062744694
       0.854       1.57060637795
       0.855       1.57058536136
       0.856       1.57056439691
       0.857       1.5705434843
       0.858       1.57052262327
       0.859       1.57050181353
       0.86       1.57048105481
       0.861       1.57046034683
       0.862       1.57043968932
       0.863       1.57041908202
       0.864       1.57039852464
       0.865       1.57037801693
       0.866       1.57035755862
       0.867       1.57033714944
       0.868       1.57031678914
       0.869       1.57029647744
       0.87       1.5702762141
       0.871       1.57025599885
       0.872       1.57023583143
       0.873       1.5702157116
       0.874       1.57019563909
       0.875       1.57017561366
       0.876       1.57015563506
       0.877       1.57013570303
       0.878       1.57011581733
       0.879       1.57009597772
       0.88       1.57007618394
       0.881       1.57005643576
       0.882       1.57003673293
       0.883       1.57001707522
       0.884       1.56999746238
       0.885       1.56997789418
       0.886       1.56995837038
       0.887       1.56993889074
       0.888       1.56991945504
       0.889       1.56990006304
       0.89       1.5698807145
       0.891       1.56986140921
       0.892       1.56984214694
       0.893       1.56982292744
       0.894       1.56980375051
       0.895       1.56978461592
       0.896       1.56976552344
       0.897       1.56974647285
       0.898       1.56972746393
       0.899       1.56970849647
       0.9       1.56968957024
       0.901       1.56967068503
       0.902       1.56965184063
       0.903       1.56963303682
       0.904       1.56961427338
       0.905       1.56959555011
       0.906       1.56957686679
       0.907       1.56955822323
       0.908       1.5695396192
       0.909       1.5695210545
       0.91       1.56950252893
       0.911       1.56948404228
       0.912       1.56946559434
       0.913       1.56944718493
       0.914       1.56942881383
       0.915       1.56941048084
       0.916       1.56939218578
       0.917       1.56937392843
       0.918       1.5693557086
       0.919       1.5693375261
       0.92       1.56931938074
       0.921       1.56930127232
       0.922       1.56928320064
       0.923       1.56926516552
       0.924       1.56924716677
       0.925       1.56922920419
       0.926       1.56921127761
       0.927       1.56919338683
       0.928       1.56917553166
       0.929       1.56915771193
       0.93       1.56913992745
       0.931       1.56912217804
       0.932       1.5691044635
       0.933       1.56908678368
       0.934       1.56906913838
       0.935       1.56905152742
       0.936       1.56903395063
       0.937       1.56901640783
       0.938       1.56899889885
       0.939       1.56898142351
       0.94       1.56896398164
       0.941       1.56894657306
       0.942       1.5689291976
       0.943       1.56891185509
       0.944       1.56889454536
       0.945       1.56887726825
       0.946       1.56886002357
       0.947       1.56884281118
       0.948       1.56882563089
       0.949       1.56880848255
       0.95       1.56879136599
       0.951       1.56877428104
       0.952       1.56875722755
       0.953       1.56874020534
       0.954       1.56872321427
       0.955       1.56870625416
       0.956       1.56868932487
       0.957       1.56867242623
       0.958       1.56865555808
       0.959       1.56863872027
       0.96       1.56862191264
       0.961       1.56860513503
       0.962       1.5685883873
       0.963       1.56857166929
       0.964       1.56855498084
       0.965       1.56853832181
       0.966       1.56852169203
       0.967       1.56850509138
       0.968       1.56848851968
       0.969       1.5684719768
       0.97       1.56845546258
       0.971       1.56843897688
       0.972       1.56842251956
       0.973       1.56840609046
       0.974       1.56838968945
       0.975       1.56837331637
       0.976       1.56835697109
       0.977       1.56834065347
       0.978       1.56832436335
       0.979       1.5683081006
       0.98       1.56829186509
       0.981       1.56827565666
       0.982       1.56825947518
       0.983       1.56824332052
       0.984       1.56822719254
       0.985       1.56821109109
       0.986       1.56819501604
       0.987       1.56817896727
       0.988       1.56816294462
       0.989       1.56814694798
       0.99       1.5681309772
       0.991       1.56811503216
       0.992       1.56809911272
       0.993       1.56808321875
       0.994       1.56806735012
       0.995       1.5680515067
       0.996       1.56803568836
       0.997       1.56801989497
       0.998       1.56800412641
       0.999       1.56798838255
       1.0       1.56797266326
       1.001       1.56795696842
       1.002       1.56794129789
       1.003       1.56792565156
       1.004       1.56791002931
       1.005       1.567894431
       1.006       1.56787885652
       1.007       1.56786330575
       1.008       1.56784777855
       1.009       1.56783227482
       1.01       1.56781679443
       1.011       1.56780133726
       1.012       1.5677859032
       1.013       1.56777049212
       1.014       1.56775510391
       1.015       1.56773973844
       1.016       1.56772439561
       1.017       1.5677090753
       1.018       1.56769377739
       1.019       1.56767850177
       1.02       1.56766324831
       1.021       1.56764801692
       1.022       1.56763280747
       1.023       1.56761761986
       1.024       1.56760245397
       1.025       1.56758730968
       1.026       1.5675721869
       1.027       1.5675570855
       1.028       1.56754200539
       1.029       1.56752694644
       1.03       1.56751190855
       1.031       1.56749689161
       1.032       1.56748189552
       1.033       1.56746692017
       1.034       1.56745196545
       1.035       1.56743703125
       1.036       1.56742211747
       1.037       1.56740722401
       1.038       1.56739235075
       1.039       1.5673774976
       1.04       1.56736266446
       1.041       1.56734785121
       1.042       1.56733305776
       1.043       1.567318284
       1.044       1.56730352984
       1.045       1.56728879517
       1.046       1.56727407989
       1.047       1.56725938391
       1.048       1.56724470711
       1.049       1.56723004941
       1.05       1.5672154107
       1.051       1.56720079089
       1.052       1.56718618988
       1.053       1.56717160757
       1.054       1.56715704387
       1.055       1.56714249867
       1.056       1.56712797189
       1.057       1.56711346343
       1.058       1.56709897318
       1.059       1.56708450107
       1.06       1.56707004699
       1.061       1.56705561086
       1.062       1.56704119257
       1.063       1.56702679203
       1.064       1.56701240916
       1.065       1.56699804387
       1.066       1.56698369605
       1.067       1.56696936562
       1.068       1.56695505249
       1.069       1.56694075657
       1.07       1.56692647777
       1.071       1.56691221601
       1.072       1.56689797118
       1.073       1.56688374321
       1.074       1.566869532
       1.075       1.56685533747
       1.076       1.56684115953
       1.077       1.5668269981
       1.078       1.56681285309
       1.079       1.5667987244
       1.08       1.56678461197
       1.081       1.5667705157
       1.082       1.5667564355
       1.083       1.5667423713
       1.084       1.56672832301
       1.085       1.56671429055
       1.086       1.56670027383
       1.087       1.56668627276
       1.088       1.56667228728
       1.089       1.56665831729
       1.09       1.56664436272
       1.091       1.56663042349
       1.092       1.5666164995
       1.093       1.56660259069
       1.094       1.56658869697
       1.095       1.56657481826
       1.096       1.56656095449
       1.097       1.56654710557
       1.098       1.56653327143
       1.099       1.56651945199
       1.1       1.56650564716
       1.101       1.56649185688
       1.102       1.56647808107
       1.103       1.56646431964
       1.104       1.56645057253
       1.105       1.56643683965
       1.106       1.56642312094
       1.107       1.56640941631
       1.108       1.56639572569
       1.109       1.566382049
       1.11       1.56636838618
       1.111       1.56635473715
       1.112       1.56634110183
       1.113       1.56632748015
       1.114       1.56631387203
       1.115       1.56630027742
       1.116       1.56628669622
       1.117       1.56627312838
       1.118       1.56625957381
       1.119       1.56624603245
       1.12       1.56623250423
       1.121       1.56621898907
       1.122       1.56620548691
       1.123       1.56619199768
       1.124       1.5661785213
       1.125       1.5661650577
       1.126       1.56615160683
       1.127       1.5661381686
       1.128       1.56612474295
       1.129       1.56611132981
       1.13       1.56609792912
       1.131       1.5660845408
       1.132       1.56607116479
       1.133       1.56605780102
       1.134       1.56604444943
       1.135       1.56603110994
       1.136       1.5660177825
       1.137       1.56600446703
       1.138       1.56599116348
       1.139       1.56597787177
       1.14       1.56596459184
       1.141       1.56595132362
       1.142       1.56593806706
       1.143       1.56592482209
       1.144       1.56591158864
       1.145       1.56589836665
       1.146       1.56588515605
       1.147       1.56587195679
       1.148       1.56585876881
       1.149       1.56584559203
       1.15       1.56583242639
       1.151       1.56581927185
       1.152       1.56580612832
       1.153       1.56579299576
       1.154       1.56577987409
       1.155       1.56576676327
       1.156       1.56575366323
       1.157       1.5657405739
       1.158       1.56572749524
       1.159       1.56571442717
       1.16       1.56570136964
       1.161       1.5656883226
       1.162       1.56567528597
       1.163       1.56566225971
       1.164       1.56564924375
       1.165       1.56563623804
       1.166       1.56562324251
       1.167       1.56561025712
       1.168       1.5655972818
       1.169       1.56558431649
       1.17       1.56557136115
       1.171       1.5655584157
       1.172       1.5655454801
       1.173       1.56553255429
       1.174       1.56551963821
       1.175       1.56550673181
       1.176       1.56549383503
       1.177       1.56548094781
       1.178       1.56546807011
       1.179       1.56545520186
       1.18       1.56544234302
       1.181       1.56542949352
       1.182       1.56541665331
       1.183       1.56540382235
       1.184       1.56539100057
       1.185       1.56537818792
       1.186       1.56536538435
       1.187       1.56535258981
       1.188       1.56533980424
       1.189       1.56532702758
       1.19       1.5653142598
       1.191       1.56530150084
       1.192       1.56528875063
       1.193       1.56527600914
       1.194       1.56526327631
       1.195       1.56525055209
       1.196       1.56523783643
       1.197       1.56522512928
       1.198       1.56521243058
       1.199       1.56519974029
       1.2       1.56518705836
       1.201       1.56517438473
       1.202       1.56516171936
       1.203       1.56514906219
       1.204       1.56513641319
       1.205       1.56512377229
       1.206       1.56511113945
       1.207       1.56509851462
       1.208       1.56508589776
       1.209       1.56507328881
       1.21       1.56506068772
       1.211       1.56504809445
       1.212       1.56503550895
       1.213       1.56502293117
       1.214       1.56501036107
       1.215       1.5649977986
       1.216       1.5649852437
       1.217       1.56497269634
       1.218       1.56496015647
       1.219       1.56494762404
       1.22       1.564935099
       1.221       1.56492258131
       1.222       1.56491007093
       1.223       1.5648975678
       1.224       1.56488507188
       1.225       1.56487258313
       1.226       1.5648601015
       1.227       1.56484762695
       1.228       1.56483515943
       1.229       1.56482269889
       1.23       1.5648102453
       1.231       1.5647977986
       1.232       1.56478535876
       1.233       1.56477292573
       1.234       1.56476049947
       1.235       1.56474807993
       1.236       1.56473566707
       1.237       1.56472326085
       1.238       1.56471086122
       1.239       1.56469846814
       1.24       1.56468608157
       1.241       1.56467370146
       1.242       1.56466132778
       1.243       1.56464896048
       1.244       1.56463659952
       1.245       1.56462424486
       1.246       1.56461189646
       1.247       1.56459955426
       1.248       1.56458721825
       1.249       1.56457488836
       1.25       1.56456256457
       1.251       1.56455024682
       1.252       1.56453793509
       1.253       1.56452562932
       1.254       1.56451332948
       1.255       1.56450103554
       1.256       1.56448874744
       1.257       1.56447646515
       1.258       1.56446418863
       1.259       1.56445191783
       1.26       1.56443965273
       1.261       1.56442739328
       1.262       1.56441513944
       1.263       1.56440289118
       1.264       1.56439064845
       1.265       1.56437841121
       1.266       1.56436617943
       1.267       1.56435395308
       1.268       1.5643417321
       1.269       1.56432951646
       1.27       1.56431730613
       1.271       1.56430510107
       1.272       1.56429290123
       1.273       1.56428070659
       1.274       1.5642685171
       1.275       1.56425633273
       1.276       1.56424415344
       1.277       1.56423197919
       1.278       1.56421980996
       1.279       1.56420764569
       1.28       1.56419548635
       1.281       1.56418333192
       1.282       1.56417118234
       1.283       1.56415903759
       1.284       1.56414689763
       1.285       1.56413476243
       1.286       1.56412263194
       1.287       1.56411050613
       1.288       1.56409838498
       1.289       1.56408626843
       1.29       1.56407415647
       1.291       1.56406204904
       1.292       1.56404994612
       1.293       1.56403784768
       1.294       1.56402575367
       1.295       1.56401366407
       1.296       1.56400157884
       1.297       1.56398949794
       1.298       1.56397742134
       1.299       1.56396534902
       1.3       1.56395328092
       1.301       1.56394121703
       1.302       1.5639291573
       1.303       1.56391710171
       1.304       1.56390505021
       1.305       1.56389300279
       1.306       1.56388095939
       1.307       1.56386892
       1.308       1.56385688458
       1.309       1.56384485309
       1.31       1.56383282551
       1.311       1.56382080179
       1.312       1.56380878192
       1.313       1.56379676585
       1.314       1.56378475355
       1.315       1.563772745
       1.316       1.56376074016
       1.317       1.563748739
       1.318       1.56373674148
       1.319       1.56372474759
       1.32       1.56371275727
       1.321       1.56370077051
       1.322       1.56368878727
       1.323       1.56367680753
       1.324       1.56366483124
       1.325       1.56365285838
       1.326       1.56364088893
       1.327       1.56362892284
       1.328       1.56361696009
       1.329       1.56360500065
       1.33       1.56359304448
       1.331       1.56358109157
       1.332       1.56356914187
       1.333       1.56355719535
       1.334       1.563545252
       1.335       1.56353331178
       1.336       1.56352137465
       1.337       1.5635094406
       1.338       1.56349750958
       1.339       1.56348558157
       1.34       1.56347365655
       1.341       1.56346173448
       1.342       1.56344981533
       1.343       1.56343789908
       1.344       1.5634259857
       1.345       1.56341407515
       1.346       1.56340216742
       1.347       1.56339026246
       1.348       1.56337836026
       1.349       1.56336646078
       1.35       1.563354564
       1.351       1.56334266988
       1.352       1.56333077841
       1.353       1.56331888955
       1.354       1.56330700328
       1.355       1.56329511956
       1.356       1.56328323837
       1.357       1.56327135969
       1.358       1.56325948348
       1.359       1.56324760972
       1.36       1.56323573839
       1.361       1.56322386944
       1.362       1.56321200287
       1.363       1.56320013863
       1.364       1.56318827671
       1.365       1.56317641708
       1.366       1.5631645597
       1.367       1.56315270456
       1.368       1.56314085163
       1.369       1.56312900089
       1.37       1.56311715229
       1.371       1.56310530583
       1.372       1.56309346147
       1.373       1.56308161919
       1.374       1.56306977896
       1.375       1.56305794076
       1.376       1.56304610456
       1.377       1.56303427033
       1.378       1.56302243805
       1.379       1.5630106077
       1.38       1.56299877925
       1.381       1.56298695267
       1.382       1.56297512794
       1.383       1.56296330504
       1.384       1.56295148393
       1.385       1.5629396646
       1.386       1.56292784702
       1.387       1.56291603116
       1.388       1.56290421701
       1.389       1.56289240453
       1.39       1.5628805937
       1.391       1.5628687845
       1.392       1.56285697691
       1.393       1.56284517089
       1.394       1.56283336643
       1.395       1.5628215635
       1.396       1.56280976207
       1.397       1.56279796213
       1.398       1.56278616365
       1.399       1.56277436661
       1.4       1.56276257098
       1.401       1.56275077674
       1.402       1.56273898386
       1.403       1.56272719233
       1.404       1.56271540211
       1.405       1.5627036132
       1.406       1.56269182555
       1.407       1.56268003916
       1.408       1.56266825399
       1.409       1.56265647003
       1.41       1.56264468724
       1.411       1.56263290562
       1.412       1.56262112514
       1.413       1.56260934576
       1.414       1.56259756748
       1.415       1.56258579027
       1.416       1.5625740141
       1.417       1.56256223896
       1.418       1.56255046482
       1.419       1.56253869167
       1.42       1.56252691946
       1.421       1.5625151482
       1.422       1.56250337785
       1.423       1.56249160839
       1.424       1.56247983981
       1.425       1.56246807207
       1.426       1.56245630516
       1.427       1.56244453906
       1.428       1.56243277374
       1.429       1.56242100919
       1.43       1.56240924537
       1.431       1.56239748228
       1.432       1.56238571989
       1.433       1.56237395818
       1.434       1.56236219712
       1.435       1.56235043671
       1.436       1.56233867691
       1.437       1.5623269177
       1.438       1.56231515907
       1.439       1.56230340099
       1.44       1.56229164344
       1.441       1.56227988641
       1.442       1.56226812987
       1.443       1.5622563738
       1.444       1.56224461819
       1.445       1.562232863
       1.446       1.56222110823
       1.447       1.56220935384
       1.448       1.56219759983
       1.449       1.56218584617
       1.45       1.56217409284
       1.451       1.56216233982
       1.452       1.5621505871
       1.453       1.56213883464
       1.454       1.56212708244
       1.455       1.56211533047
       1.456       1.56210357871
       1.457       1.56209182715
       1.458       1.56208007576
       1.459       1.56206832452
       1.46       1.56205657342
       1.461       1.56204482244
       1.462       1.56203307155
       1.463       1.56202132074
       1.464       1.56200956999
       1.465       1.56199781928
       1.466       1.56198606859
       1.467       1.56197431791
       1.468       1.5619625672
       1.469       1.56195081646
       1.47       1.56193906567
       1.471       1.5619273148
       1.472       1.56191556385
       1.473       1.56190381278
       1.474       1.56189206159
       1.475       1.56188031024
       1.476       1.56186855874
       1.477       1.56185680705
       1.478       1.56184505516
       1.479       1.56183330305
       1.48       1.5618215507
       1.481       1.5618097981
       1.482       1.56179804522
       1.483       1.56178629205
       1.484       1.56177453857
       1.485       1.56176278477
       1.486       1.56175103062
       1.487       1.56173927611
       1.488       1.56172752121
       1.489       1.56171576592
       1.49       1.56170401022
       1.491       1.56169225408
       1.492       1.56168049749
       1.493       1.56166874043
       1.494       1.56165698289
       1.495       1.56164522485
       1.496       1.56163346628
       1.497       1.56162170718
       1.498       1.56160994753
       1.499       1.5615981873
       1.5       1.56158642649
       1.501       1.56157466508
       1.502       1.56156290304
       1.503       1.56155114036
       1.504       1.56153937703
       1.505       1.56152761302
       1.506       1.56151584833
       1.507       1.56150408293
       1.508       1.56149231682
       1.509       1.56148054996
       1.51       1.56146878235
       1.511       1.56145701396
       1.512       1.56144524479
       1.513       1.56143347481
       1.514       1.56142170402
       1.515       1.56140993239
       1.516       1.5613981599
       1.517       1.56138638655
       1.518       1.56137461231
       1.519       1.56136283717
       1.52       1.56135106112
       1.521       1.56133928413
       1.522       1.56132750619
       1.523       1.56131572729
       1.524       1.56130394741
       1.525       1.56129216653
       1.526       1.56128038464
       1.527       1.56126860172
       1.528       1.56125681776
       1.529       1.56124503274
       1.53       1.56123324665
