
#lable  surface curvature       z step          aperture                
#        type    radius          
optics none 0.30  1.20  0.5   67527.59  1 1 0
L1      lens    0.0             0.0             177.8       46.407184   0.0  0.0 0.0 0.0       0.0     0.0 0.0 0.0 0.0 0.0 0.0 0.0 0.0 0.0 0.0 0.0  lenses.txt N_BK7.txt   none
L1e     lens    130000.0        -9.250689       177.837209  0.0         0.0  0.0 0.0 1.247e-13 2.0e-20 0.0 0.0 0.0 0.0 0.0 0.0 0.0 0.0 0.0 0.0 0.0  lenses.txt air         none
m1      mirror  1422.0          -555.0          180.833725  40.703032   0.0  0.0 0.0 0.0       0.0     0.0 0.0 0.0 0.0 0.0 0.0 0.0 0.0 0.0 0.0 0.0  none       air         none
m2      mirror  414.0           540.0           46.407184   0.0         0.0  0.0 0.0 0.0       0.0     0.0 0.0 0.0 0.0 0.0 0.0 0.0 0.0 0.0 0.0 0.0  none       air         none
L2      lens    -167.0          -622.0          40.703032   0.0         0.0  0.0 0.0 0.0       0.0     0.0 0.0 0.0 0.0 0.0 0.0 0.0 0.0 0.0 0.0 0.0  lenses.txt N_SK2.txt   none
L2e     lens    800.0           -13.876034      40.703032   0.0         0.0  0.0 0.0 0.0       0.0     0.0 0.0 0.0 0.0 0.0 0.0 0.0 0.0 0.0 0.0 0.0  lenses.txt air         none
L3      lens    -291.0          -1.638900       40.703032   0.0         0.0  0.0 0.0 0.0       0.0     0.0 0.0 0.0 0.0 0.0 0.0 0.0 0.0 0.0 0.0 0.0  lenses.txt N_BALF4.txt none
L3e     lens    -81.5           -9.250689       40.703032   0.0         0.0  0.0 0.0 0.0       0.0     0.0 0.0 0.0 0.0 0.0 0.0 0.0 0.0 0.0 0.0 0.0  lenses.txt air         none
D       det     0.0             -259.510835     23.621026   0.0         0.0  0.0 0.0 0.0       0.0     0.0 0.0 0.0 0.0 0.0 0.0 0.0 0.0 0.0 0.0 0.0  none  air none

