120 300.5 17.559 16.705 17.161 15.126 13.558 0.0    25.29   2.35e-08
130 386.2 17.046 16.134 16.821 14.440 13.433 0.0    24.15   7.67e-09
140 462.0 16.644 15.686 16.558 13.900 13.338 0.0    23.14   3.27e-09
150 518.2 16.315 15.317 16.349 13.452 13.267 0.0    22.24   1.67e-09
160 557.8 16.029 14.995 16.172 13.058 13.211 0.0    21.43   9.46e-10
180 607.5 15.526 14.426 15.869 12.357 13.122 0.0    20.03   3.67e-10
200 636.8 15.072 13.910 15.601 11.718 13.047 0.0    18.92   1.65e-10
250 673.5 14.030 12.723 14.995 10.242 12.886 0.0    17.15   3.16e-11
300 688.0 13.054 11.610 14.434 8.854 12.742  0.0    16.24   7.80e-12
350 694.0 12.111 10.533 13.894 7.511 12.606  0.0    15.53   2.17e-12
400 696.8 11.189 9.481  13.367 6.198 12.473  0.0    14.50   6.46e-13
500 698.8 9.395  7.431  12.341 0.0   12.216  11.559 10.02   6.99e-14
600 699.5 7.656  0.0    11.348 0.0   11.968  11.496 5.19    1.26e-14
800 699.8  0.0   0.0    9.446  0.0   11.492  11.376 2.77    2.54e-15
1000 699.9 0.0   0.0    7.649  0.0   11.042  11.263 2.13    1.04e-15
1500 700.0 0.0   0.0    0.0    0.0   10.018  11.005 1.29    2.39e-16
2000 700.0 0.0   0.0    0.0    0.0   9.117   10.778 1.07    1.09e-16
