120 267.1 17.536 16.672 17.169 15.073 13.579    0.0     25.10   2.25E-8
130 328.3 16.981 16.051 16.814 14.320 13.457    0.0     23.74   6.80E-9
140 378.8 16.531 15.545 16.530 13.704 13.363    0.0     22.51   2.67E-9
150 411.9 16.149 15.114 16.296 13.174 13.291    0.0     21.39   1.25E-9
160 433.1 15.804 14.723 16.089 12.691 13.231    0.0     20.40   6.51E-10
180 457.7 15.170 14.002 15.717 11.798 13.129    0.0     18.78   2.13E-10
200 471.4 14.576 13.325 15.372 10.956 13.038    0.0     17.62   8.13E-11
250 488.1 13.169 11.721 14.562 8.956  12.830    0.0     15.79   1.05E-11
300 494.6 11.823 10.184 13.791 7.039  12.635    0.0     13.30   1.72E-12
350 497.3 10.512 8.686  13.041 0.0    12.446    0.0     8.83    3.29E-13
400 498.5 9.226  7.218  12.306 0.0    12.262    0.0     3.82    8.10E-14
500 499.5 6.718  0.0    10.873 0.0    11.903    12.860  1.44    1.94E-14
600 499.8 0.0   0.0     9.484  0.0    11.555    12.772  1.19    1.24E-14
800 499.9 0.0   0.0     6.822  0.0    10.889    12.604  1.06    7.24E-15
1000 500.0 0.0  0.0     0.0    0.0    10.260    12.445  1.03    4.79E-15
1500 500.0 0.0  0.0     0.0    0.0    8.827     12.084  1.01    2.04E-15
2000 500.0 0.0  0.0     0.0    0.0    7.565     11.767  1.01    9.78E-16
