120 350.9 17.587 16.745 17.150 15.192 13.530    0.0 25.52 2.48e-08
130 473.8 17.119 16.229 16.827 14.580 13.401    0.0 24.61 8.82e-09
140 591.1 16.764 15.837 16.583 14.115 13.304    0.0 23.84 4.09e-09
150 693.3 16.481 15.524 16.391 13.741 13.231    0.0 23.17 2.24e-09
160 778.3 16.245 15.262 16.235 13.426 13.173    0.0 22.57 1.37e-09
180 905.0 15.857 14.828 15.985 12.901 13.087    0.0 21.54 6.28e-10
200 991.4 15.533 14.463 15.783 12.455 13.021    0.0 20.65 3.36e-10
250 1110.3 14.851 13.691 15.373 11.504 12.901   0.0 18.95 9.84e-11
300 1159.1 14.253 13.011 15.023 10.659 12.806   0.0 17.79 3.70e-11
350 1179.6 13.691 12.370 14.699 9.860  12.722   0.0 17.01 1.57e-11
400 1188.9 13.147 11.750 14.387 9.087  12.643   0.0 16.47 7.19e-12
500 1195.9 12.096 10.549 13.785 7.589  12.491 9.966 15.67 1.70e-12
600 1198.2 11.080 9.388  13.205 6.140  12.346 9.929 14.62 4.46e-13
800 1199.4 9.136 7.169   12.095 0.0    12.068 9.858 10.17 4.09e-14
1000 1199.8 7.300 0.0    11.046 0.0    11.806 9.792 5.74  7.21e-15
1500 1200.0 0.0   0.0    8.658  0.0    11.208 9.642 3.96  1.09e-15
2000 1200.0 0.0   0.0    6.557  0.0    10.682 9.509 3.82  3.25e-16
