120 313.5 17.567 16.716 17.158 15.145 13.550    0.0 25.35 2.39e-08
130 408.8 17.067 16.162 16.823 14.481 13.424    0.0 24.28 7.99e-09
140 495.1 16.680 15.731 16.566 13.964 13.329    0.0 23.35 3.50e-09
150 562.1 16.366 15.380 16.363 13.539 13.258    0.0 22.52 1.82e-09
160 611.3 16.096 15.078 16.194 13.171 13.202    0.0 21.77 1.06e-09
180 675.4 15.632 14.553 15.910 12.526 13.115    0.0 20.46 4.34e-10
200 714.4 15.218 14.084 15.664 11.948 13.044    0.0 19.39 2.06e-10
250 764.0 14.288 13.026 15.120 10.633 12.897    0.0 17.57 4.46e-11
300 783.7 13.427 12.043 14.623 9.410  12.769    0.0 16.59 1.25e-11
350 791.9 12.598 11.098 14.148 8.230  12.648    0.0 15.96 3.96e-12
400 795.6 11.791 10.175 13.686 7.079  12.532    0.0 15.33 1.34e-12
500 798.4 10.219 8.381  12.788 0.0    12.307 11.108 12.86 1.77e-13
600 799.3 8.697  6.642  11.918 0.0    12.089 11.053 8.43  3.04e-14
800 799.8 0.0    0.0    10.254 0.0    11.673 10.948 3.92  3.75e-15
1000 799.9 0.0   0.0    8.681  0.0    11.279 10.849 3.22  1.39e-15
1500 800.0 0.0   0.0    0.0    0.0    10.383 10.623 2.10  2.31e-16
2000 800.0 0.0   0.0    0.0    0.0    9.594  10.425 1.39  7.06e-17
