120 324.7 17.574 16.726 17.156 15.160 13.544 0.0    25.41  2.41e-8
130 428.4 17.084 16.184 16.825 14.513 13.417 0.0    24.39  8.24e-9
140 523.9 16.708 15.766 16.572 14.013 13.321 0.0    23.51  3.68e-9
150 600.9 16.404 15.428 16.373 13.606 13.249 0.0    22.73  1.95e-9
160 659.6 16.147 15.140 16.209 13.257 13.193 0.0    22.03  1.16e-9
180 738.9 15.710 14.648 15.938 12.654 13.107 0.0    20.81  4.93e-10
200 788.5 15.328 14.216 15.708 12.122 13.039 0.0    19.79  2.44e-10
250 852.9 14.483 13.255 15.211 10.931 12.902 0.0    17.97  5.83e-11
300 878.6 13.710 12.374 14.764 9.835 12.786  0.0    16.91  1.80e-11
350 889.3 12.971 11.530 14.339 8.783 12.678  0.0    16.26  6.29e-12
400 894.2 12.251 10.709 13.927 7.758 12.574  0.0    15.74  2.36e-12
500 897.9 10.853 9.112 13.128 0.0    12.373  10.741 14.22  3.76e-13
600 899.0 9.500 7.566 12.355  0.0    12.179  10.692 11.08  7.04e-14
800 899.7 6.910 0.0 10.876    0.0    11.809  10.599 5.03   6.35e-15
1000 899.9 0.0  0.0 9.478     0.0    11.459  10.511 3.81   2.05e-15
1500 900.0 0.0  0.0 6.294     0.0    10.663  10.310 3.08   3.40e-16
2000 900.0 0.0  0.0 0.0       0.0    9.962   10.133 2.21   8.36e-17
