120 364.1 17.593 16.754 17.147 15.207 13.523 0.0 25.57  2.51e-08
130 496.8 17.134 16.250 16.827 14.611 13.393 0.0 24.71  9.10e-09
140 625.2 16.789 15.869 16.587 14.160 13.296 0.0 23.99  4.29e-09
150 740.8 16.514 15.566 16.398 13.800 13.222 0.0 23.36  2.38e-09
160 841.0 16.286 15.313 16.245 13.498 13.163 0.0 22.81  1.48e-09
180 998.5 15.916 14.901 16.001 13.003 13.075 0.0 21.86  6.93e-10
200 1111.9 15.613 14.562 15.809 12.591 13.009 0.0 21.05 3.82e-10
250 1274.4 14.998 13.867 15.431 11.738 12.893 0.0 19.45 1.22e-10
300 1342.6 14.473 13.271 15.122 10.999 12.807 0.0 18.30 5.00e-11
350 1371.4 13.986 12.716 14.840 10.309 12.733 0.0 17.48 2.32e-11
400 1384.4 13.518 12.182 14.571 9.643 12.664 0.0  16.89 1.15e-11
500 1394.3 12.614 11.151 14.054 8.346 12.534 9.621 16.09 3.23e-12
600 1397.4 11.743 10.155 13.555 7.113 12.409 9.588 15.39 9.98e-13
800 1399.2 10.077 8.252 12.603  0.0   12.171 9.528 12.79 1.17e-13
1000 1399.7 8.503 6.454 11.704  0.0   11.946 9.471 8.37  1.93e-14
1500 1399.9 0.0   0.0   9.658   0.0   11.434 9.342 4.18  1.93e-15
2000 1400.0 0.0   0.0   7.856   0.0   10.983 9.229 3.96  6.44e-16
