120 285.2 17.549 16.690 17.165 15.103 13.567 0.0 25.21 2.30e-08
130 359.6 17.018 16.098 16.818 14.389 13.443 0.0 23.98 7.29e-09
140 423.6 16.597 15.627 16.547 13.817 13.349 0.0 22.87 3.00e-09
150 468.4 16.246 15.232 16.328 13.336 13.278 0.0 21.89 1.48e-09
160 498.6 15.937 14.883 16.140 12.906 13.221 0.0 20.99 8.10e-10
180 534.9 15.381 14.252 15.809 12.127 13.127 0.0 19.49 2.93e-10
200 555.8 14.869 13.670 15.510 11.404 13.046 0.0 18.35 1.23e-10
250 581.6 13.676 12.310 14.820 9.711  12.866 0.0 16.67 1.99e-11
300 591.6 12.546 11.021 14.171 8.103  12.701 0.0 15.72 4.15e-12
350 595.8 11.450 9.769 13.544 6.541   12.543 0.0 14.41 9.69e-13
400 597.7 10.377 8.543 12.931 0.0     12.389 0.0 11.79 2.46e-13
500 599.2 8.285 6.154 11.735  0.0     12.090 12.126 4.81 2.49e-14
600 599.6 6.257 0.0   10.577  0.0     11.800 12.053 2.37 7.08e-15
800 599.9 0.0   0.0   8.359   0.0     11.245 11.913 1.54 2.54e-15
1000 600.0 0.0  0.0   6.262   0.0     10.720 11.780 1.25 1.36e-15
1500 600.0 0.0  0.0   0.0     0.0     9.525  11.484 1.04 5.27e-16
2000 600.0 0.0  0.0   0.0     0.0     8.474  11.215 1.01 2.76e-16
