120 334.5 17.579 16.733 17.154 15.172 13.539    0.0 25.45 2.44e-08
130 445.4 17.098 16.202 16.826 14.539 13.411    0.0 24.48 8.47e-09
140 549.0 16.730 15.794 16.577 14.053 13.315    0.0 23.64 3.84e-09
150 635.2 16.435 15.467 16.381 13.660 13.242    0.0 22.91 2.06e-09
160 703.1 16.187 15.189 16.220 13.325 13.186    0.0 22.25 1.24e-09
180 798.1 15.770 14.721 15.959 12.755 13.100    0.0 21.20 5.44e-10
200 859.3 15.413 14.317 15.741 12.258 13.034    0.0 20.13 2.78e-10
250 940.2 14.634 13.434 15.279 11.164 12.904    0.0 18.33 7.21e-11
300 972.8 13.932 12.633 14.872 10.169 12.796    0.0 17.21 2.40e-11
350 986.5 13.263 11.871 14.488 9.219  12.698    0.0 16.52 9.09e-12
400 992.6 12.614 11.130 14.116 8.294  12.604    0.0 16.02 3.69e-12
500 997.3 11.355 9.692  13.396 6.499  12.423 10.438 14.94 6.89e-13
600 998.8 10.173 8.300  12.699 0.0    12.249 10.393 12.85 1.45e-13
800 999.6 7.805  0.0    11.368 0.0    11.915 10.309 6.55  1.17e-14
1000 999.9 0.0   0.0    10.109 0.0    11.601 10.229 4.24  3.02e-15
1500 1000.0 0.0  0.0    7.244  0.0    10.884 10.049 3.62  5.28e-16
2000 1000.0 0.0  0.0    0.0    0.0    10.253 9.890  3.10  1.32e-16
