120 375.4 17.598 16.762 17.144 15.219 13.518 0.0 25.62 2.53E-08
130 516.4 17.147 16.266 16.827 14.635 13.387 0.0 24.79 9.32E-09
140 654.1 16.808 15.894 16.590 14.196 13.290 0.0 24.10 4.45E-09
150 781.1 16.540 15.598 16.404 13.846 13.215 0.0 23.51 2.50E-09
160 894.6 16.318 15.353 16.252 13.554 13.155 0.0 23.00 1.56E-09
180 1081.3 15.960 14.956 16.012 13.080 13.065 0.0 22.11 7.46E-10
200 1222.4 15.672 14.635 15.825 12.692 12.998 0.0 21.36 4.20E-10
250 1433.1 15.103 13.995 15.470 11.910 12.884 0.0 19.87 1.43E-10
300 1523.5 14.633 13.461 15.190 11.250 12.804 0.0 18.75 6.27E-11
350 1561.9 14.201 12.970 14.939 10.640 12.737 0.0 17.91 3.10E-11
400 1579.2 13.790 12.500 14.702 10.055 12.676 0.0 17.28 1.64E-11
500 1592.4 12.997 11.596 14.248 8.926 12.561  9.361 16.43 5.21E-12
600 1596.5 12.234 10.724 13.811  7.838 12.452 9.333 15.82 1.82E-12
800 1599.0 10.776 9.059 12.978 0.0     12.243 9.280 14.21 2.67E-13
1000 1599.6 9.398 7.485 12.192 0.0     12.046 9.230 11.01 4.88E-14
1500 1599.9 6.263 0.0   10.401 0.0     11.598 9.117 4.71 3.30E-15
2000 1600.0 0.0   0.0   8.824  0.0     11.204 9.018 4.03 1.08E-15
