0.00 1.010E+03 287.2 2.549E+19 1.19E+04 2.41E-02 3.10E-01 1.50E-01 1.70E+00
1.00 8.960E+02 281.7 2.305E+19 8.70E+03 2.94E-02 3.10E-01 1.45E-01 1.70E+00
2.00 7.929E+02 276.3 2.080E+19 6.75E+03 3.38E-02 3.10E-01 1.40E-01 1.70E+00
3.00 7.000E+02 270.9 1.873E+19 4.62E+03 3.89E-02 3.10E-01 1.35E-01 1.70E+00
4.00 6.160E+02 265.5 1.682E+19 3.38E+03 4.48E-02 3.08E-01 1.31E-01 1.70E+00
5.00 5.410E+02 260.1 1.508E+19 2.22E+03 5.33E-02 3.02E-01 1.30E-01 1.69E+00
6.00 4.740E+02 253.1 1.357E+19 1.33E+03 6.56E-02 2.91E-01 1.29E-01 1.67E+00
7.00 4.130E+02 246.1 1.216E+19 7.97E+02 7.74E-02 2.82E-01 1.25E-01 1.65E+00
8.00 3.590E+02 239.2 1.088E+19 4.00E+02 9.11E-02 2.76E-01 1.19E-01 1.63E+00
9.00 3.108E+02 232.2 9.701E+18 1.30E+02 1.42E-01 2.70E-01 1.09E-01 1.62E+00
10.00 2.677E+02 225.2 8.616E+18 4.24E+01 1.89E-01 2.65E-01 9.96E-02 1.50E+00
11.00 2.300E+02 225.2 7.402E+18 1.33E+01 3.05E-01 2.60E-01 8.96E-02 1.54E+00
12.00 1.977E+02 225.2 6.363E+18 6.00E+00 4.10E-01 2.55E-01 7.81E-02 1.51E+00
13.00 1.700E+02 225.2 5.471E+18 4.45E+00 5.00E-01 2.49E-01 6.37E-02 1.47E+00
14.00 1.460E+02 225.2 4.699E+18 4.00E+00 6.00E-01 2.43E-01 5.03E-02 1.43E+00
15.00 1.260E+02 225.2 4.055E+18 4.00E+00 7.00E-01 2.36E-01 3.94E-02 1.391+00
16.00 1.080E+02 225.2 3.476E+18 4.00E+00 8.50E-01 2.28E-01 3.07E-02 1.34E+00
17.00 9.280E+01 225.2 2.987E+18 4.05E+00 1.00E+00 2.18E-01 2.49E-02 1.29E+00
18.00 7.980E+01 225.2 2.568E+18 4.30E+00 1.30E+00 2.04E-01 1.97E-02 1.23E+00
19.00 6.860E+01 225.2 2.208E+18 4.50E+00 1.70E+00 1.82E-01 1.55E-02 1.16E+00
20.00 5.900E+01 225.2 1.899E+18 4.60E+00 2.10E+00 1.57E-01 1.33E-02 1.07E+00
21.00 5.070E+01 225.2 1.632E+18 4.70E+00 2.70E+00 1.35E-01 1.23E-02 9.90E-01
22.00 4.360E+01 225.2 1.403E+18 4.80E+00 3.30E+00 1.22E-01 1.23E-02 9.17E-01
23.00 3.750E+01 225.2 1.207E+18 4.83E+00 3.70E+00 1.10E-01 1.31E-02 8.57E-01
24.00 3.228E+01 226.6 1.033E+18 4.85E+00 4.20E+00 9.89E-02 1.40E-02 8.01E-01
25.00 2.780E+01 228.1 8.834E+17 4.90E+00 4.50E+00 8.78E-02 1.51E-02 7.48E-01
27.50 1.923E+01 231.0 6.034E+17 4.95E+00 5.30E+00 7.33E-02 1.65E-02 6.96E-01
30.00 1.340E+01 235.1 4.131E+17 5.00E+00 5.70E+00 5.94E-02 1.81E-02 6.44E-01
32.50 9.400E+00 240.0 2.839E+17 5.00E+00 6.90E+00 4.15E-02 2.00E-02 5.89E-01
35.00 6.610E+00 247.2 1.938E+17 5.00E+00 7.70E+00 3.03E-02 2.18E-02 5.24E-01
37.50 4.720E+00 254.6 1.344E+17 5.00E+00 7.80E+00 1.95E-02 2.34E-02 4.51E-01
40.00 3.400E+00 262.1 9.402E+16 5.00E+00 7.00E+00 1.27E-02 2.60E-02 3.71E-01
42.50 2.480E+00 269.5 6.670E+16 5.00E+00 5.40E+00 9.00E-03 2.65E-02 2.99E-01
45.00 1.820E+00 273.8 4.821E+16 5.00E+00 4.20E+00 6.29E-03 2.81E-02 2.45E-01
47.50 1.340E+00 276.2 3.516E+16 5.00E+00 3.20E+00 4.56E-03 3.00E-02 2.00E-01
50.00 9.870E-01 277.2 2.581E+16 4.95E+00 2.50E+00 2.80E-03 3.22E-02 1.66E-01
55.00 5.370E-01 274.0 1.421E+16 4.85E+00 1.70E+00 1.77E-03 3.65E-02 1.50E-01
60.00 2.880E-01 262.7 7.946E+15 4.50E+00 1.20E+00 1.21E-03 4.59E-02 1.50E-01
65.00 1.470E-01 239.7 4.445E+15 4.00E+00 8.00E-01 8.87E-04 6.38E-02 1.50E-01
70.00 7.100E-02 216.6 2.376E+15 3.30E+00 4.00E-01 6.76E-04 1.18E-01 1.50E-01
75.00 3.200E-02 193.6 1.198E+15 2.70E+00 2.00E-01 5.54E-04 3.03E-01 1.50E-01
80.00 1.250E-02 170.6 5.311E+14 2.00E+00 1.80E-01 4.65E-04 7.89E-01 1.50E-01
85.00 4.510E-03 161.7 2.022E+14 1.33E+00 6.50E-01 3.98E-04 1.82E+00 1.50E-01
90.00 1.610E-03 181.6 7.221E+13 8.50E-01 9.00E-01 3.46E-04 3.40E+00 1.40E-01
95.00 6.060E-04 176.8 2.484E+13 5.40E-01 8.00E-01 3.05E-04 5.92E+00 1.30E-01
100.00 2.480E-04 190.4 9.441E+12 4.00E-01 4.00E-01 2.71E-04 1.04E+01 1.20E-01
105.00 1.130E-04 226.0 3.624E+12 3.40E-01 2.00E-01 2.44E-04 1.88E+01 1.10E-01
110.00 6.000E-05 270.1 1.610E+12 2.80E-01 5.00E-02 2.21E-04 2.87E+01 9.50E-02
115.00 3.540E-05 322.7 7.951E+11 2.40E-01 5.00E-03 2.02E-04 3.89E+01 6.00E-02
120.00 2.260E-05 380.0 4.311E+11 2.00E-01 5.00E-04 1.85E-04 5.00E+01 3.00E-02
