0.00 1.013E+03 299.7 2.450E+19 2.59E+04 2.97E-02 3.20E-01 1.50E-01 1.70E+00
1.00 9.040E+02 293.7 2.231E+19 1.25E+04 3.15E-02 3.20E-01 1.45E-01 1.70E+00
2.00 8.050e+02 287.7 2.028e+19 1.53e+04 3.34e-02 3.20e-01 1.40e-01 1.70e+00
3.00 7.150e+02 283.7 1.827e+19 8.60e+03 3.50e-02 3.20E-01 1.35e-01 1.70e+O0
4.00 6.330e+02 277.0 1.561e+19 4.44e+03 3.56e-02 3.20e-01 1.31e-01 1.70e+00
5.00 5.590E+02 270.3 1.499E+19 3.35E+03 3.77e-02 3.20e-01 1.30e-01 1.70E+00
6.00 4.920E+02 263.6 1.353e+19 2.10E+03 3.99E-02 3.20E-01 1.29E-01 1.70E+00
7.00 4.320e+02 257.0 1.218e+19 1.29E+03 4.22E-02 3.20E-01 1.25e-01 1.70E+00
8.00 3.780E+02 250.3 1.095E+19 7.64e+02 4.47E-02 3.20E-01 1.19E-01 1.70E+00
9.00 3.290e+02 243.6 9.789E+18 4.10e+02 5.00e-02 3.20E-01 1.09e-01 1.69E+00
10.00 2.860e+02 237.0 8.747e+18 1.91E+02 5.60E-02 3.18e-01 9.96E-02 1.69e+00
11.00 2.470e+02 230.1 7.780E+18 7.31e+01 6.61E-02 3.14E-01 6.96e-02 1.68E+00
12.00 2.130e+02 223.6 6.904E+18 2.91E+01 7.82E-02 3.10E-01 7.81E-02 1.66e+00
13.00 1.820e+02 217.0 6.079E+18 9.00E+00 9.29e-02 3.05e-01 6.37e-02 1.65e+00
14.00 1.560e+02 210.3 5.377E+18 6.22E+00 1.05e-01 3.00e-01 5.03e-02 1.61e+00
15.00 1.320E+02 203.7 4.697e+18 4.00e+00 1.26e-01 2.94e-01 3.94e-02 1.58e+00
16.00 1.110e+02 197.0 4.084E+18 3.00e+00 1.44E-01 2.81e-01 3.07E-02 1.58e+00
17.00 9.370e+01 194.8 3.486E+18 2.901+00 2.50e-01 2.78e-01 2.49E-02 1.55E+00
18.00 7.890e+01 198.8 2.877E+18 2.75E+00 5.00e-01 2.67E-01 1.97E-02 1.52E+00
19.00 6.660e+01 202.7 2.381E+18 2.60E+00 9.50E-01 2.53E-01 1.55E-02 1.48E+00
20.00 5.650E+01 206.7 1.981E+18 2.601+00 1.40E+00 2.37E-01 1.33E-02 1.42E+00
21.00 4.800E+01 210.7 1.651E+18 2.65E+00 1.80e+00 2.19e-01 1.23E-02 1.36E+00
22.00 4.090E+01 214.6 1.381E+18 2.80E+00 2.40E+00 2.05E-01 1.23E-02 1.27E+00
23.00 3.500E+01 217.0 1.169E+18 2.90E+00 3.40E+00 1.97E-01 1.31E-02 1.19e+00
24.00 3.000e+01 219.2 9.920E+17 3.20E+00 4.30E+00 1.88e-01 1.40e-02 1.12E+00
25.00 2.570E+01 221.4 8.413E+17 3.25E+00 5.40E+00 1.76e-01 1.52E-02 1.06E+00
27.50 1.763e+01 227.0 5.629E+17 3.60E+00 7.80e+00 1.59E-01 1.72E-02 9.17E-01
30.00 1.220e+01 232.3 3.807E+17 4.00e+00 9.30E+00 1.42e-01 2.00e-02 9.14e-01
32.50 8.520E+00 237.7 2.598E+17 4.30E+00 9.85E+00 1.17e-01 2.27E-02 8.30E-01
35.00 6.000e+00 243.1 1.789E+17 4.60E+00 9.70E+00 9.28E-02 2.49e-02 7.46E-01
37.50 4.260E+00 248.5 1.243E+17 4.90e+00 8.80E+00 6.69E-02 2.74E-02 6.62e-01
40.00 3.050E+00 254.0 8.703e+16 5.20E+00 7.50E+00 4.51E-02 3.10e-02 5.64E-01
42.50 2.200E+00 259.4 6.147E+16 5.50E+00 5.90E+00 2.75E-02 3.51E-02 4.61E-01
45.00 1.590E+00 264.8 4.352E+16 5.70E+00 4.50E+00 1.59e-02 3.99E-02 3.63E-01
47.50 1.160E+00 269.6 3.119E+16 5.90E+00 3.45E+00 9.38E-03 4.48E-02 2.77E-01
50.00 8.540E-01 270.2 2.291E+16 6.00e+00 2.80E+00 4.75E-03 5.09e-02 2.10E-01
55.00 4.560E-01 263.4 1.255E+16 6.00E+00 1.80e+00 3.00e-03 5.99E-02 1.65E-01
60.00 2.390E-01 253.1 6.844e+15 6.00e+00 1.10e+00 2.07E-03 6.96E-02 1.50E-01
65.00 1.210e-01 236.0 3.716E+15 5.40E+00 6.50E-01 1.51E-03 9.19E-02 1.50e-01
70.00 5.800e-02 218.9 1.920e+15 4.50E+00 3.00E-01 1.15e-03 1.04E-01 1.50E-01
75.00 2.600E-02 201.8 9.338E+14 3.30E+00 1.80E-01 8.89e-04 5.69E-01 1.50e-01
80.00 1.100e-02 184.8 4.314E+14 2.101+00 3.30E-01 7.06e-04 1.55E+00 1.50E-01
85.00 4.400E-03 177.1 1.801e+14 1.301+00 5.00e-01 5.72E-04 3.85E+00 1.50E-01
90.00 1.720E-03 177.0 7.043E+13 8.50E-01 5.20E-01 4.71E-04 6.59E+00 1.40E-01
95.00 6.880e-04 184.3 2.706E+13 5.40E-01 5.00e-01 3.93E-04 1.04e+01 1.30E-01
100.00 2.890E-04 190.7 1.098e+13 4.00e-01 4.00e-01 3.32E-04 1.71e+01 1.20E-01
105.00 1.300E-04 212.0 4.445E+12 3.40E-01 2.00e-01 2.84E-04 2.47E+01 1.10e-01
110.00 6.470E-05 241.6 1.941E+12 2.80e-01 5.00e-02 2.44E-04 3.36e+01 9.50e-02
115.00 3.600E-05 299.7 8.706E+11 2.40E-01 5.00e-03 2.12E-04 4.15E+01 6.00e-02
120.00 2.250E-05 380.0 4.225E+11 2.00e-01 5.00e-04 1.85E-04 5.00E+01 3.00e-02
