0.0 7.81E+05 1.70E-04 7.00E-04 2.00E-04 3.00E-04 2.00E-03 1.00E-14
1.0 7.81E+05 1.66E-04 6.70E-04 1.95E-04 1.72E-04 2.00E-03 1.00E-14
2.0 7.81E+05 1.63E-04 6.43E-04 1.92E-04 9.57E-05 2.00E-03 1.00E-14
3.0 7.81E+05 1.61E-04 6.22E-04 1.89E-04 6.74E-05 2.00E-03 1.00E-14
4.0 7.81E+05 1.60E-04 6.07E-04 1.84E-04 5.07E-05 1.96E-03 1.00E-14
5.0 7.81E+05 1.60E-04 6.02E-04 1.77E-04 3.99E-05 1.95E-03 1.00E-14
6.0 7.81E+05 1.60E-04 6.00E-04 1.66E-04 3.19E-05 1.90E-03 1.00E-14
7.0 7.81E+05 1.60E-04 6.00E-04 1.49E-04 2.80E-05 1.85E-03 1.00E-14
8.0 7.81E+05 1.60E-04 5.98E-04 1.23E-04 2.55E-05 1.79E-03 1.00E-14
9.0 7.81E+05 1.60E-04 5.94E-04 9.09E-05 2.40E-05 1.72E-03 1.00E-14
10.0 7.81E+05 1.60E-04 5.68E-04 5.79E-05 2.27E-05 1.58E-03 1.00E-14
11.0 7.81E+05 1.60E-04 5.79E-04 3.43E-05 2.08E-05 1.30E-03 1.00E-14
12.0 7.81E+05 1.60E-04 5.66E-04 1.95E-05 1.76E-05 9.66E-04 1.00E-14
13.0 7.81E+05 1.59E-04 5.48E-04 1.08E-05 1.23E-05 7.22E-04 1.00E-14
14.0 7.81E+05 1.57E-04 5.28E-04 6.59E-06 7.32E-06 4.96E-04 1.00E-14
15.0 7.81E+05 1.55E-04 5.03E-04 4.20E-06 4.52E-06 3.35E-04 1.00E-14
16.0 7.81E+05 1.52E-04 4.77E-04 2.94E-06 2.59E-06 2.14E-04 1.00E-14
17.0 7.81E+05 1.49E-04 4.49E-04 2.30E-06 1.55E-06 1.49E-04 1.00E-14
18.0 7.81E+05 1.45E-04 4.21E-04 2.24E-06 8.63E-07 1.05E-04 1.00E-14
19.0 7.81E+05 1.41E-04 3.95E-04 2.68E-06 6.30E-07 7.96E-05 1.00E-14
20.0 7.81E+05 1.37E-04 3.69E-04 3.68E-06 3.10E-07 6.01E-05 1.00E-14
21.0 7.81E+05 1.34E-04 3.43E-04 5.62E-06 1.89E-07 4.57E-05 1.00E-14
22.0 7.81E+05 1.30E-04 3.17E-04 1.03E-05 1.04E-07 3.40E-05 1.00E-14
23.0 7.81E+05 1.25E-04 2.86E-04 1.97E-05 5.75E-08 2.60E-05 1.00E-14
24.0 7.81E+05 1.19E-04 2.48E-04 3.70E-05 2.23E-08 1.89E-05 1.00E-14
25.0 7.81E+05 1.13E-04 1.91E-04 6.20E-05 8.51E-09 1.22E-05 1.00E-14
27.5 7.81E+05 1.05E-04 1.10E-04 1.03E-04 4.09E-09 5.74E-06 1.00E-14
30.0 7.81E+05 9.73E-05 4.72E-05 1.36E-04 2.52E-09 2.14E-06 1.00E-14
32.5 7.81E+05 9.04E-05 1.79E-05 1.36E-04 1.86E-09 8.49E-07 1.00E-14
35.0 7.81E+05 8.46E-05 7.35E-06 1.13E-04 1.52E-09 3.42E-07 1.00E-14
37.5 7.81E+05 8.02E-05 3.03E-06 8.51E-05 1.32E-09 1.34E-07 1.00E-14
40.0 7.81E+05 7.63E-05 1.32E-06 6.37E-05 1.18E-09 5.39E-08 1.00E-14
42.5 7.81E+05 7.30E-05 8.69E-07 5.17E-05 1.08E-09 2.25E-08 1.00E-14
45.0 7.81E+05 7.00E-05 6.68E-07 4.44E-05 9.97E-10 1.04E-08 1.00E-14
47.5 7.81E+05 6.70E-05 5.60E-07 3.80E-05 9.34E-10 6.57E-09 1.00E-14
50.0 7.81E+05 6.43E-05 4.94E-07 3.48E-05 8.83E-10 4.74E-09 1.00E-14
55.0 7.81E+05 6.21E-05 4.56E-07 3.62E-05 8.43E-10 3.79E-09 1.00E-14
60.0 7.81E+05 6.02E-05 4.32E-07 5.25E-05 8.10E-10 3.28E-09 1.00E-14
65.0 7.81E+05 5.88E-05 4.17E-07 1.26E-04 7.83E-10 2.98E-09 1.00E-14
70.0 7.81E+05 5.75E-05 4.05E-07 3.77E-04 7.60E-10 2.79E-09 1.00E-14
75.0 7.81E+05 5.62E-05 3.96E-07 1.12E-03 7.40E-10 2.66E-09 1.00E-14
80.0 7.81E+05 5.50E-05 3.89E-07 2.00E-03 7.23E-10 2.56E-09 1.00E-14
85.0 7.81E+05 5.37E-05 3.83E-07 1.68E-03 7.07E-10 2.49E-09 1.00E-14
90.0 7.80E+05 5.25E-05 3.78E-07 4.31E-04 6.94E-10 2.43E-09 1.00E-14
95.0 7.79E+05 5.12E-05 3.73E-07 4.98E-05 6.81E-10 2.37E-09 1.00E-14
100.0 7.77E+05 5.00E-05 3.69E-07 6.76E-06 6.70E-10 2.33E-09 1.00E-14
105.0 7.74E+05 4.87E-05 3.66E-07 8.38E-07 6.59E-10 2.29E-09 1.00E-14
110.0 7.70E+05 4.75E-05 3.62E-07 9.56E-08 6.49E-10 2.25E-09 1.00E-14
115.0 7.65E+05 4.62E-05 3.59E-07 1.00E-08 6.40E-10 2.22E-09 1.00E-14
120.0 7.60E+05 4.50E-05 3.56E-07 1.00E-09 6.32E-10 2.19E-09 1.00E-14
