0.0 3.00E-04 3.00E-04 2.30E-05 5.00E-04 5.00E-05 4.40E-08 1.00E-08
1.0 3.00E-04 2.74E-04 2.30E-05 5.00E-04 5.96E-05 4.40E-08 1.00E-08
2.0 3.00E-04 2.36E-04 2.30E-05 4.63E-04 6.93E-05 4.40E-08 1.23E-08
3.0 3.00E-04 1.90E-04 2.30E-05 3.80E-04 7.91E-05 4.40E-08 1.97E-08
4.0 3.00E-04 1.46E-04 2.30E-05 2.81E-04 8.97E-05 4.40E-08 3.18E-08
5.0 3.00E-04 1.18E-04 2.30E-05 2.04E-04 9.75E-05 4.40E-08 5.63E-08
6.0 3.00E-04 9.71E-05 2.30E-05 1.46E-04 1.11E-04 4.40E-08 9.18E-08
7.0 3.00E-04 8.30E-05 2.30E-05 9.86E-05 1.26E-04 4.41E-08 1.53E-07
8.0 3.00E-04 7.21E-05 2.30E-05 6.48E-05 1.39E-04 4.45E-08 2.41E-07
9.0 3.00E-04 6.56E-05 2.32E-05 3.77E-05 1.53E-04 4.56E-08 4.04E-07
10.0 3.00E-04 6.08E-05 2.38E-05 2.03E-05 1.74E-04 4.68E-08 6.57E-07
11.0 3.00E-04 5.79E-05 2.62E-05 1.09E-05 2.02E-04 4.80E-08 1.20E-06
12.0 3.00E-04 5.60E-05 3.15E-05 6.30E-06 2.41E-04 4.94E-08 1.96E-06
13.0 2.99E-04 5.59E-05 4.45E-05 3.12E-06 2.76E-04 5.19E-08 3.12E-06
14.0 2.95E-04 5.64E-05 7.48E-05 1.11E-06 3.33E-04 5.65E-08 4.62E-06
15.0 2.83E-04 5.75E-05 1.71E-04 4.47E-07 4.52E-04 6.75E-08 7.09E-06
16.0 2.68E-04 5.75E-05 3.19E-04 2.11E-07 7.37E-04 8.25E-08 1.05E-05
17.0 2.52E-04 5.37E-05 5.19E-04 1.10E-07 1.31E-03 1.04E-07 1.69E-05
18.0 2.40E-04 4.78E-05 7.71E-04 6.70E-08 2.11E-03 1.30E-07 2.57E-05
19.0 2.44E-04 3.97E-05 1.06E-03 3.97E-08 3.17E-03 1.64E-07 4.02E-05
20.0 2.55E-04 3.19E-05 1.39E-03 2.41E-08 4.20E-03 2.16E-07 5.77E-05
21.0 2.77E-04 2.67E-05 1.76E-03 1.92E-08 4.94E-03 3.40E-07 7.77E-05
22.0 3.07E-04 2.28E-05 2.16E-03 1.72E-08 5.46E-03 5.09E-07 9.90E-05
23.0 3.60E-04 2.07E-05 2.58E-03 1.59E-08 5.74E-03 7.59E-07 1.23E-04
24.0 4.51E-04 1.90E-05 3.06E-03 1.44E-08 5.84E-03 1.16E-06 1.50E-04
25.0 6.85E-04 1.75E-05 3.74E-03 1.23E-08 5.61E-03 2.18E-06 1.82E-04
27.5 1.28E-03 1.54E-05 4.81E-03 9.37E-09 4.82E-03 5.00E-06 2.30E-04
30.0 2.45E-03 1.34E-05 6.16E-03 6.35E-09 3.74E-03 1.17E-05 2.83E-04
32.5 4.53E-03 1.21E-05 7.21E-03 3.68E-09 2.59E-03 3.40E-05 3.20E-04
35.0 7.14E-03 1.16E-05 7.28E-03 1.82E-09 1.64E-03 8.35E-05 3.48E-04
37.5 9.34E-03 1.21E-05 6.26E-03 9.26E-10 9.68E-04 1.70E-04 3.72E-04
40.0 1.12E-02 1.36E-05 4.03E-03 2.94E-10 5.33E-04 2.85E-04 3.95E-04
42.5 1.19E-02 1.65E-05 2.17E-03 9.72E-11 2.52E-04 4.06E-04 4.10E-04
45.0 1.17E-02 2.10E-05 1.15E-03 2.98E-11 1.21E-04 5.11E-04 4.21E-04
47.5 1.10E-02 2.77E-05 6.66E-04 1.30E-11 7.70E-05 5.79E-04 4.24E-04
50.0 1.03E-02 3.56E-05 4.43E-04 7.13E-12 5.55E-05 6.75E-04 4.25E-04
55.0 1.01E-02 4.59E-05 3.39E-04 4.80E-12 4.46E-05 9.53E-04 4.25E-04
60.0 1.01E-02 5.15E-05 2.85E-04 3.66E-12 3.84E-05 1.76E-03 4.25E-04
65.0 1.03E-02 5.11E-05 2.53E-04 3.00E-12 3.49E-05 3.74E-03 4.25E-04
70.0 1.15E-02 4.32E-05 2.31E-04 2.57E-12 3.27E-05 7.19E-03 4.25E-04
75.0 1.61E-02 2.83E-05 2.15E-04 2.27E-12 3.12E-05 1.12E-02 4.25E-04
80.0 2.68E-02 1.33E-05 2.02E-04 2.04E-12 3.01E-05 1.13E-02 4.25E-04
85.0 7.01E-02 5.56E-06 1.92E-04 1.85E-12 2.92E-05 6.10E-03 4.25E-04
90.0 2.13E-01 2.24E-06 1.83E-04 1.71E-12 2.84E-05 1.51E-03 4.25E-04
95.0 7.12E-01 8.96E-07 1.76E-04 1.59E-12 2.78E-05 2.42E-04 4.25E-04
100.0 2.08E+00 3.58E-07 1.70E-04 1.48E-12 2.73E-05 4.47E-05 4.25E-04
105.0 4.50E+00 1.43E-07 1.64E-04 1.40E-12 2.68E-05 1.77E-05 4.25E-04
110.0 7.98E+00 5.73E-08 1.59E-04 1.32E-12 2.64E-05 1.19E-05 4.25E-04
115.0 1.00E+01 2.29E-08 1.55E-04 1.25E-12 2.60E-05 1.35E-05 4.25E-04
120.0 1.00E+01 9.17E-09 1.51E-04 1.19E-12 2.57E-05 2.20E-05 4.25E-04
