  0.0  9.65E+03  0.00E+00  1.88E+01  1.18E+00
  1.0  9.65E+03  0.00E+00  1.88E+01  1.18E+00
  2.0  9.65E+03  0.00E+00  1.88E+01  1.18E+00
  3.0  9.65E+03  0.00E+00  1.88E+01  1.18E+00
  4.0  9.65E+03  0.00E+00  1.88E+01  1.18E+00
  5.0  9.65E+03  0.00E+00  1.88E+01  1.18E+00
  6.0  9.65E+03  0.00E+00  1.88E+01  1.18E+00
  7.0  9.65E+03  0.00E+00  1.88E+01  1.18E+00
  8.0  9.65E+03  0.00E+00  1.88E+01  1.18E+00
  9.0  9.65E+03  0.00E+00  1.88E+01  1.18E+00
 10.0  9.65E+03  0.00E+00  1.88E+01  1.18E+00
 11.0  9.65E+03  0.00E+00  1.88E+01  1.18E+00
 12.0  9.65E+03  0.00E+00  1.88E+01  1.18E+00
 13.0  9.65E+03  0.00E+00  1.88E+01  1.18E+00
 14.0  9.65E+03  0.00E+00  1.88E+01  1.18E+00
 15.0  9.65E+03  0.00E+00  1.88E+01  1.18E+00
 16.0  9.65E+03  0.00E+00  1.88E+01  1.18E+00
 17.0  9.65E+03  0.00E+00  1.88E+01  1.18E+00
 18.0  9.65E+03  0.00E+00  1.88E+01  1.18E+00
 19.0  9.65E+03  0.00E+00  1.88E+01  1.18E+00
 20.0  9.65E+03  0.00E+00  1.88E+01  1.18E+00
 21.0  9.65E+03  0.00E+00  1.88E+01  1.18E+00
 22.0  9.64E+03  0.00E+00  1.88E+01  1.18E+00
 23.0  9.64E+03  0.00E+00  1.88E+01  1.18E+00
 24.0  9.64E+03  0.00E+00  1.88E+01  1.18E+00
 25.0  9.64E+03  0.00E+00  1.88E+01  1.18E+00
 27.5  9.64E+03  0.00E+00  1.88E+01  1.18E+00
 30.0  9.64E+03  0.00E+00  1.88E+01  1.18E+00
 32.5  9.64E+03  0.00E+00  1.88E+01  1.18E+00
 35.0  9.64E+03  0.00E+00  1.88E+01  1.18E+00
 37.5  9.64E+03  0.00E+00  1.88E+01  1.18E+00
 40.0  9.64E+03  0.00E+00  1.88E+01  1.18E+00
 42.5  9.64E+03  0.00E+00  1.88E+01  1.18E+00
 45.0  9.64E+03  0.00E+00  1.88E+01  1.18E+00
 47.5  9.65E+03  0.00E+00  1.88E+01  1.18E+00
 50.0  9.65E+03  0.00E+00  1.88E+01  1.18E+00
 55.0  9.65E+03  0.00E+00  1.88E+01  1.18E+00
 60.0  9.65E+03  0.00E+00  1.88E+01  1.18E+00
 65.0  9.65E+03  0.00E+00  1.88E+01  1.18E+00
 70.0  9.65E+03  0.00E+00  1.88E+01  1.18E+00
 75.0  9.65E+03  0.00E+00  1.88E+01  1.18E+00
 80.0  9.66E+03  0.00E+00  1.88E+01  1.18E+00
 85.0  8.77E+03  9.89E+03  1.71E+01  1.07E+00
 90.0  7.89E+03  2.18E+04  1.53E+01  9.62E-01
 95.0  7.00E+03  3.37E+04  1.36E+01  8.54E-01
100.0  6.11E+03  5.67E+04  1.19E+01  7.46E-01
105.0  5.23E+03  8.06E+04  1.02E+01  6.38E-01
110.0  4.34E+03  1.06E+05  8.45E+00  5.30E-01
115.0  3.45E+03  1.37E+05  6.72E+00  4.22E-01
120.0  2.57E+03  1.65E+05  5.00E+00  3.13E-01
