0.0 1.00E-03 1.70E-06 3.00E-06 1.00E-08 6.00E-04 2.40E-03 7.70E-06
1.0 7.49E-04 1.70E-06 3.00E-06 1.00E-08 5.90E-04 1.07E-03 1.06E-05
2.0 5.61E-04 1.70E-06 3.00E-06 1.00E-08 5.80E-04 4.04E-04 1.22E-05
3.0 4.22E-04 1.70E-06 3.00E-06 1.00E-08 5.70E-04 2.27E-04 1.14E-05
4.0 3.19E-04 1.70E-06 3.00E-06 1.00E-08 5.62E-04 1.40E-04 9.80E-06
5.0 2.39E-04 1.70E-06 3.00E-06 1.00E-08 5.66E-04 1.00E-04 8.01E-06
6.0 1.79E-04 1.70E-06 3.00E-06 1.00E-08 5.48E-04 7.44E-05 6.42E-06
7.0 1.32E-04 1.70E-06 3.00E-06 1.00E-08 5.40E-04 6.04E-05 5.42E-06
8.0 9.96E-05 1.70E-06 3.00E-06 1.01E-08 5.32E-04 5.01E-05 4.70E-06
9.0 7.48E-05 1.70E-06 3.00E-06 1.05E-08 5.25E-04 4.22E-05 4.41E-06
10.0 5.68E-05 1.70E-06 3.00E-06 1.21E-08 5.18E-04 3.63E-05 4.34E-06
11.0 4.59E-05 1.70E-06 3.00E-06 1.87E-08 5.09E-04 3.43E-05 4.65E-06
12.0 4.36E-05 1.70E-06 3.00E-06 3.18E-08 4.98E-04 3.39E-05 5.01E-06
13.0 6.51E-05 1.70E-06 3.00E-06 5.61E-08 4.82E-04 3.50E-05 5.22E-06
14.0 1.01E-04 1.70E-06 3.00E-06 9.99E-08 4.60E-04 3.62E-05 5.60E-06
15.0 1.63E-04 1.70E-06 3.00E-06 1.78E-07 4.26E-04 3.62E-05 6.86E-06
16.0 2.37E-04 1.70E-06 3.00E-06 3.16E-07 3.88E-04 3.58E-05 8.77E-06
17.0 3.13E-04 1.70E-06 3.00E-06 5.65E-07 3.48E-04 3.50E-05 1.20E-05
18.0 3.85E-04 1.70E-06 3.00E-06 1.04E-06 3.09E-04 3.42E-05 1.63E-05
19.0 4.42E-04 1.70E-06 3.00E-06 2.04E-06 2.74E-04 3.39E-05 2.26E-05
20.0 4.89E-04 1.70E-06 3.00E-06 4.64E-06 2.41E-04 3.43E-05 3.07E-05
21.0 5.22E-04 1.70E-06 3.00E-06 8.15E-06 2.14E-04 3.68E-05 4.29E-05
22.0 5.49E-04 1.70E-06 3.00E-06 1.07E-05 1.88E-04 4.03E-05 5.76E-05
23.0 5.75E-04 1.70E-06 3.00E-06 1.52E-05 1.64E-04 4.50E-05 7.65E-05
24.0 6.04E-04 1.70E-06 3.00E-06 2.24E-05 1.37E-04 5.06E-05 9.92E-05
25.0 6.51E-04 1.71E-06 3.00E-06 3.97E-05 1.08E-04 5.82E-05 1.31E-04
27.5 7.51E-04 1.76E-06 3.00E-06 8.48E-05 6.70E-05 7.21E-05 1.84E-04
30.0 9.88E-04 1.90E-06 3.00E-06 1.85E-04 2.96E-05 8.73E-05 2.45E-04
32.5 1.28E-03 2.26E-06 3.00E-06 3.57E-04 1.21E-05 1.01E-04 2.96E-04
35.0 1.57E-03 2.82E-06 3.00E-06 5.08E-04 4.31E-06 1.11E-04 3.21E-04
37.5 1.69E-03 3.69E-06 3.00E-06 6.07E-04 1.60E-06 1.13E-04 3.04E-04
40.0 1.74E-03 4.91E-06 3.00E-06 5.95E-04 6.71E-07 1.03E-04 2.48E-04
42.0 1.76E-03 6.13E-06 3.00E-06 4.33E-04 4.35E-07 7.95E-05 1.64E-04
45.0 1.79E-03 6.85E-06 3.00E-06 2.51E-04 3.34E-07 4.82E-05 9.74E-05
47.5 1.80E-03 7.08E-06 3.00E-06 1.56E-04 2.80E-07 1.63E-05 4.92E-05
50.0 1.80E-03 7.14E-06 3.00E-06 1.04E-04 2.47E-07 5.10E-06 2.53E-05
55.0 1.80E-03 7.15E-06 3.00E-06 7.69E-05 2.28E-07 2.76E-06 1.50E-05
60.0 1.80E-03 7.15E-06 3.00E-06 6.30E-05 2.16E-07 1.05E-06 1.05E-05
65.0 1.80E-03 7.15E-06 3.00E-06 5.52E-05 2.08E-07 6.86E-07 8.34E-06
70.0 1.80E-03 7.15E-06 3.00E-06 5.04E-05 2.03E-07 5.14E-07 7.11E-06
75.0 1.80E-03 7.15E-06 3.00E-06 4.72E-05 1.98E-07 4.16E-07 6.33E-06
80.0 1.80E-03 7.15E-06 3.00E-06 4.49E-05 1.95E-07 3.53E-07 5.78E-06
85.0 1.80E-03 7.15E-06 3.00E-06 4.30E-05 1.92E-07 3.09E-07 5.37E-06
90.0 1.80E-03 7.15E-06 3.00E-06 4.16E-05 1.89E-07 2.76E-07 5.05E-06
95.0 1.80E-03 7.15E-06 3.00E-06 4.03E-05 1.87E-07 2.50E-07 4.78E-06
100.0 1.80E-03 7.15E-06 3.00E-06 3.93E-05 1.85E-07 2.30E-07 4.56E-06
105.0 1.80E-03 7.15E-06 3.00E-06 3.83E-05 1.83E-07 2.13E-07 4.37E-06
110.0 1.80E-03 7.15E-06 3.00E-06 3.75E-05 1.81E-07 1.98E-07 4.21E-06
115.0 1.80E-03 7.15E-06 3.00E-06 3.68E-05 1.80E-07 1.86E-07 4.06E-06
120.0 1.80E-03 7.15E-06 3.00E-06 3.61E-05 1.78E-07 1.75E-07 3.93E-06
