      0.00000  7.00000e-01      0.00000      1.00000
      0.00000  7.10000e-01    0.0240000     0.976000
      0.00000  7.20000e-01     0.232000     0.768000
      0.00000  7.30000e-01     0.555000     0.445000
      0.00000  7.40000e-01     0.785000     0.215000
      0.00000  7.50000e-01     0.910000    0.0900000
      0.00000  7.60000e-01     0.965000    0.0350000
      0.00000  7.70000e-01     0.985000    0.0150000
      0.00000  7.80000e-01     0.990000   0.00999999
      0.00000  7.90000e-01     0.995000   0.00500000
      0.00000  8.00000e-01      1.00000      0.00000
      0.00000  8.10000e-01      1.00000      0.00000
      0.00000  8.20000e-01     0.990000   0.00999999
      0.00000  8.30000e-01     0.980000    0.0200000
      0.00000  8.40000e-01     0.950000    0.0500000
      0.00000  8.50000e-01     0.910000    0.0900000
      0.00000  8.60000e-01     0.860000     0.140000
      0.00000  8.70000e-01     0.750000     0.250000
      0.00000  8.80000e-01     0.560000     0.440000
      0.00000  8.90000e-01     0.330000     0.670000
      0.00000  9.00000e-01     0.150000     0.850000
      0.00000  9.10000e-01    0.0300000     0.970000
      0.00000  9.20000e-01      0.00000      1.00000
