      0.00000  5.50000e-01      0.00000      1.00000
      0.00000  5.60000e-01     0.230000     0.770000
      0.00000  5.70000e-01     0.740000     0.260000
      0.00000  5.80000e-01     0.910000    0.0900000
      0.00000  5.90000e-01     0.980000    0.0200000
      0.00000  6.00000e-01      1.00000      0.00000
      0.00000  6.10000e-01     0.980000    0.0200000
      0.00000  6.20000e-01     0.960000    0.0400000
      0.00000  6.30000e-01     0.930000    0.0700000
      0.00000  6.40000e-01     0.900000     0.100000
      0.00000  6.50000e-01     0.860000     0.140000
      0.00000  6.60000e-01     0.810000     0.190000
      0.00000  6.70000e-01     0.780000     0.220000
      0.00000  6.80000e-01     0.720000     0.280000
      0.00000  6.90000e-01     0.670000     0.330000
      0.00000  7.00000e-01     0.610000     0.390000
      0.00000  7.10000e-01     0.560000     0.440000
      0.00000  7.20000e-01     0.510000     0.490000
      0.00000  7.30000e-01     0.460000     0.540000
      0.00000  7.40000e-01     0.400000     0.600000
      0.00000  7.50000e-01     0.350000     0.650000
      0.00000  8.00000e-01     0.140000     0.860000
      0.00000  8.50000e-01    0.0300000     0.970000
      0.00000  9.00000e-01      0.00000      1.00000
