      0.00000  3.00000e-01      0.00000      1.00000
      0.00000  3.05000e-01    0.0160000     0.984000
      0.00000  3.10000e-01    0.0680000     0.932000
      0.00000  3.15000e-01     0.167000     0.833000
      0.00000  3.20000e-01     0.287000     0.713000
      0.00000  3.25000e-01     0.423000     0.577000
      0.00000  3.30000e-01     0.560000     0.440000
      0.00000  3.35000e-01     0.673000     0.327000
      0.00000  3.40000e-01     0.772000     0.228000
      0.00000  3.45000e-01     0.841000     0.159000
      0.00000  3.50000e-01     0.905000    0.0950000
      0.00000  3.55000e-01     0.943000    0.0570000
      0.00000  3.60000e-01     0.981000    0.0190000
      0.00000  3.65000e-01     0.993000   0.00700003
      0.00000  3.70000e-01      1.00000      0.00000
      0.00000  3.75000e-01     0.989000    0.0110000
      0.00000  3.80000e-01     0.916000    0.0840000
      0.00000  3.85000e-01     0.804000     0.196000
      0.00000  3.90000e-01     0.625000     0.375000
      0.00000  3.95000e-01     0.423000     0.577000
      0.00000  4.00000e-01     0.238000     0.762000
      0.00000  4.05000e-01     0.114000     0.886000
      0.00000  4.10000e-01    0.0510000     0.949000
      0.00000  4.15000e-01    0.0190000     0.981000
      0.00000  4.20000e-01      0.00000      1.00000
