      0.00000  4.70000e-01      0.00000      1.00000
      0.00000  4.80000e-01    0.0300000     0.970000
      0.00000  4.90000e-01     0.163000     0.837000
      0.00000  5.00000e-01     0.458000     0.542000
      0.00000  5.10000e-01     0.780000     0.220000
      0.00000  5.20000e-01     0.967000    0.0330000
      0.00000  5.30000e-01      1.00000      0.00000
      0.00000  5.40000e-01     0.973000    0.0270000
      0.00000  5.50000e-01     0.898000     0.102000
      0.00000  5.60000e-01     0.792000     0.208000
      0.00000  5.70000e-01     0.684000     0.316000
      0.00000  5.80000e-01     0.574000     0.426000
      0.00000  5.90000e-01     0.461000     0.539000
      0.00000  6.00000e-01     0.359000     0.641000
      0.00000  6.10000e-01     0.270000     0.730000
      0.00000  6.20000e-01     0.197000     0.803000
      0.00000  6.30000e-01     0.135000     0.865000
      0.00000  6.40000e-01    0.0810000     0.919000
      0.00000  6.50000e-01    0.0450000     0.955000
      0.00000  6.60000e-01    0.0250000     0.975000
      0.00000  6.70000e-01    0.0170000     0.983000
      0.00000  6.80000e-01    0.0130000     0.987000
      0.00000  6.90000e-01   0.00900000     0.991000
      0.00000  7.00000e-01      0.00000      1.00000
