      0.00000     0.294000      0.00000      1.00000
      0.00000     0.296000      0.00000      1.00000
      0.00000     0.298000      0.00000      1.00000
      0.00000     0.300000      0.00000      1.00000
      0.00000     0.302000      0.00000      1.00000
      0.00000     0.304000      0.00000      1.00000
      0.00000     0.306000      0.00000      1.00000
      0.00000     0.308000      0.00000      1.00000
      0.00000     0.310000      0.00000      1.00000
      0.00000     0.312000      0.00000      1.00000
      0.00000     0.314000      0.00000      1.00000
      0.00000     0.316000      0.00000      1.00000
      0.00000     0.318000      0.00000      1.00000
      0.00000     0.320000      0.00000      1.00000
      0.00000     0.322000      0.00000      1.00000
      0.00000     0.324000      0.00000      1.00000
      0.00000     0.326000      0.00000      1.00000
      0.00000     0.328000      0.00000      1.00000
      0.00000     0.330000      0.00000      1.00000
      0.00000     0.332000      0.00000      1.00000
      0.00000     0.334000      0.00000      1.00000
      0.00000     0.336000      0.00000      1.00000
      0.00000     0.338000      0.00000      1.00000
      0.00000     0.340000      0.00000      1.00000
      0.00000     0.342000      0.00000      1.00000
      0.00000     0.344000      0.00000      1.00000
      0.00000     0.346000      0.00000      1.00000
      0.00000     0.348000      0.00000      1.00000
      0.00000     0.350000      0.00000      1.00000
      0.00000     0.352000      0.00000      1.00000
      0.00000     0.354000      0.00000      1.00000
      0.00000     0.356000      0.00000      1.00000
      0.00000     0.358000      0.00000      1.00000
      0.00000     0.360000      0.00000      1.00000
      0.00000     0.362000      0.00000      1.00000
      0.00000     0.364000      0.00000      1.00000
      0.00000     0.366000      0.00000      1.00000
      0.00000     0.368000      0.00000      1.00000
      0.00000     0.370000      0.00000      1.00000
      0.00000     0.372000      0.00000      1.00000
      0.00000     0.374000      0.00000      1.00000
      0.00000     0.376000      0.00000      1.00000
      0.00000     0.378000      0.00000      1.00000
      0.00000     0.380000      0.00000      1.00000
      0.00000     0.382000      0.00000      1.00000
      0.00000     0.384000      0.00000      1.00000
      0.00000     0.386000      0.00000      1.00000
      0.00000     0.388000      0.00000      1.00000
      0.00000     0.390000      0.00000      1.00000
      0.00000     0.392000      0.00000      1.00000
      0.00000     0.394000      0.00000      1.00000
      0.00000     0.396000      0.00000      1.00000
      0.00000     0.398000      0.00000      1.00000
      0.00000     0.400000      0.00000      1.00000
      0.00000     0.402000      0.00000      1.00000
      0.00000     0.404000      0.00000      1.00000
      0.00000     0.406000      0.00000      1.00000
      0.00000     0.408000      0.00000      1.00000
      0.00000     0.410000      0.00000      1.00000
      0.00000     0.412000      0.00000      1.00000
      0.00000     0.414000      0.00000      1.00000
      0.00000     0.416000      0.00000      1.00000
      0.00000     0.418000      0.00000      1.00000
      0.00000     0.420000      0.00000      1.00000
      0.00000     0.422000      0.00000      1.00000
      0.00000     0.424000      0.00000      1.00000
      0.00000     0.426000      0.00000      1.00000
      0.00000     0.428000      0.00000      1.00000
      0.00000     0.430000      0.00000      1.00000
      0.00000     0.432000      0.00000      1.00000
      0.00000     0.434000      0.00000      1.00000
      0.00000     0.436000      0.00000      1.00000
      0.00000     0.438000      0.00000      1.00000
      0.00000     0.440000      0.00000      1.00000
      0.00000     0.442000      0.00000      1.00000
      0.00000     0.444000      0.00000      1.00000
      0.00000     0.446000      0.00000      1.00000
      0.00000     0.448000      0.00000      1.00000
      0.00000     0.450000      0.00000      1.00000
      0.00000     0.452000      0.00000      1.00000
      0.00000     0.454000      0.00000      1.00000
      0.00000     0.456000      0.00000      1.00000
      0.00000     0.458000      0.00000      1.00000
      0.00000     0.460000      0.00000      1.00000
      0.00000     0.462000      0.00000      1.00000
      0.00000     0.464000      0.00000      1.00000
      0.00000     0.466000      0.00000      1.00000
      0.00000     0.468000      0.00000      1.00000
      0.00000     0.470000      0.00000      1.00000
      0.00000     0.472000      0.00000      1.00000
      0.00000     0.474000      0.00000      1.00000
      0.00000     0.476000      0.00000      1.00000
      0.00000     0.478000      0.00000      1.00000
      0.00000     0.480000      0.00000      1.00000
      0.00000     0.482000      0.00000      1.00000
      0.00000     0.484000      0.00000      1.00000
      0.00000     0.486000      0.00000      1.00000
      0.00000     0.488000      0.00000      1.00000
      0.00000     0.490000      0.00000      1.00000
      0.00000     0.492000      0.00000      1.00000
      0.00000     0.494000      0.00000      1.00000
      0.00000     0.496000      0.00000      1.00000
      0.00000     0.498000      0.00000      1.00000
      0.00000     0.500000      0.00000      1.00000
      0.00000     0.502000      0.00000      1.00000
      0.00000     0.504000      0.00000      1.00000
      0.00000     0.506000      0.00000      1.00000
      0.00000     0.508000      0.00000      1.00000
      0.00000     0.510000      0.00000      1.00000
      0.00000     0.512000      0.00000      1.00000
      0.00000     0.514000      0.00000      1.00000
      0.00000     0.516000      0.00000      1.00000
      0.00000     0.518000      0.00000      1.00000
      0.00000     0.520000      0.00000      1.00000
      0.00000     0.522000      0.00000      1.00000
      0.00000     0.524000      0.00000      1.00000
      0.00000     0.526000      0.00000      1.00000
      0.00000     0.528000      0.00000      1.00000
      0.00000     0.530000      0.00000      1.00000
      0.00000     0.532000      0.00000      1.00000
      0.00000     0.534000      0.00000      1.00000
      0.00000     0.536000      0.00000      1.00000
      0.00000     0.538000      0.00000      1.00000
      0.00000     0.540000      0.00000      1.00000
      0.00000     0.542000      0.00000      1.00000
      0.00000     0.544000      0.00000      1.00000
      0.00000     0.546000      0.00000      1.00000
      0.00000     0.548000      0.00000      1.00000
      0.00000     0.550000      0.00000      1.00000
      0.00000     0.552000      0.00000      1.00000
      0.00000     0.554000      0.00000      1.00000
      0.00000     0.556000      0.00000      1.00000
      0.00000     0.558000      0.00000      1.00000
      0.00000     0.560000      0.00000      1.00000
      0.00000     0.562000      0.00000      1.00000
      0.00000     0.564000      0.00000      1.00000
      0.00000     0.566000      0.00000      1.00000
      0.00000     0.568000      0.00000      1.00000
      0.00000     0.570000      0.00000      1.00000
      0.00000     0.572000      0.00000      1.00000
      0.00000     0.574000      0.00000      1.00000
      0.00000     0.576000      0.00000      1.00000
      0.00000     0.578000      0.00000      1.00000
      0.00000     0.580000      0.00000      1.00000
      0.00000     0.582000      0.00000      1.00000
      0.00000     0.584000      0.00000      1.00000
      0.00000     0.586000      0.00000      1.00000
      0.00000     0.588000      0.00000      1.00000
      0.00000     0.590000      0.00000      1.00000
      0.00000     0.592000      0.00000      1.00000
      0.00000     0.594000      0.00000      1.00000
      0.00000     0.596000      0.00000      1.00000
      0.00000     0.598000      0.00000      1.00000
      0.00000     0.600000      0.00000      1.00000
      0.00000     0.602000      0.00000      1.00000
      0.00000     0.604000      0.00000      1.00000
      0.00000     0.606000      0.00000      1.00000
      0.00000     0.608000      0.00000      1.00000
      0.00000     0.610000      0.00000      1.00000
      0.00000     0.612000      0.00000      1.00000
      0.00000     0.614000      0.00000      1.00000
      0.00000     0.616000      0.00000      1.00000
      0.00000     0.618000      0.00000      1.00000
      0.00000     0.620000      0.00000      1.00000
      0.00000     0.622000      0.00000      1.00000
      0.00000     0.624000      0.00000      1.00000
      0.00000     0.626000      0.00000      1.00000
      0.00000     0.628000      0.00000      1.00000
      0.00000     0.630000      0.00000      1.00000
      0.00000     0.632000      0.00000      1.00000
      0.00000     0.634000      0.00000      1.00000
      0.00000     0.636000      0.00000      1.00000
      0.00000     0.638000      0.00000      1.00000
      0.00000     0.640000      0.00000      1.00000
      0.00000     0.642000      0.00000      1.00000
      0.00000     0.644000      0.00000      1.00000
      0.00000     0.646000      0.00000      1.00000
      0.00000     0.648000      0.00000      1.00000
      0.00000     0.650000      0.00000      1.00000
      0.00000     0.652000      0.00000      1.00000
      0.00000     0.654000      0.00000      1.00000
      0.00000     0.656000      0.00000      1.00000
      0.00000     0.658000      0.00000      1.00000
      0.00000     0.660000      0.00000      1.00000
      0.00000     0.662000      0.00000      1.00000
      0.00000     0.664000      0.00000      1.00000
      0.00000     0.666000      0.00000      1.00000
      0.00000     0.668000      0.00000      1.00000
      0.00000     0.670000      0.00000      1.00000
      0.00000     0.672000      0.00000      1.00000
      0.00000     0.674000      0.00000      1.00000
      0.00000     0.676000      0.00000      1.00000
      0.00000     0.678000      0.00000      1.00000
      0.00000     0.680000      0.00000      1.00000
      0.00000     0.682000      0.00000      1.00000
      0.00000     0.684000      0.00000      1.00000
      0.00000     0.686000      0.00000      1.00000
      0.00000     0.688000      0.00000      1.00000
      0.00000     0.690000      0.00000      1.00000
      0.00000     0.692000      0.00000      1.00000
      0.00000     0.694000      0.00000      1.00000
      0.00000     0.696000      0.00000      1.00000
      0.00000     0.698000      0.00000      1.00000
      0.00000     0.700000      0.00000      1.00000
      0.00000     0.702000      0.00000      1.00000
      0.00000     0.704000      0.00000      1.00000
      0.00000     0.706000      0.00000      1.00000
      0.00000     0.708000      0.00000      1.00000
      0.00000     0.710000      0.00000      1.00000
      0.00000     0.712000      0.00000      1.00000
      0.00000     0.714000      0.00000      1.00000
      0.00000     0.716000      0.00000      1.00000
      0.00000     0.718000      0.00000      1.00000
      0.00000     0.720000      0.00000      1.00000
      0.00000     0.722000      0.00000      1.00000
      0.00000     0.724000      0.00000      1.00000
      0.00000     0.726000      0.00000      1.00000
      0.00000     0.728000      0.00000      1.00000
      0.00000     0.730000      0.00000      1.00000
      0.00000     0.732000      0.00000      1.00000
      0.00000     0.734000      0.00000      1.00000
      0.00000     0.736000      0.00000      1.00000
      0.00000     0.738000      0.00000      1.00000
      0.00000     0.740000      0.00000      1.00000
      0.00000     0.742000      0.00000      1.00000
      0.00000     0.744000      0.00000      1.00000
      0.00000     0.746000      0.00000      1.00000
      0.00000     0.748000      0.00000      1.00000
      0.00000     0.750000      0.00000      1.00000
      0.00000     0.752000      0.00000      1.00000
      0.00000     0.754000      0.00000      1.00000
      0.00000     0.756000      0.00000      1.00000
      0.00000     0.758000      0.00000      1.00000
      0.00000     0.760000      0.00000      1.00000
      0.00000     0.762000      0.00000      1.00000
      0.00000     0.764000      0.00000      1.00000
      0.00000     0.766000      0.00000      1.00000
      0.00000     0.768000      0.00000      1.00000
      0.00000     0.770000      0.00000      1.00000
      0.00000     0.772000  0.000100000     0.999900
      0.00000     0.774000  0.000100000     0.999900
      0.00000     0.776000  0.000100000     0.999900
      0.00000     0.778000  0.000100000     0.999900
      0.00000     0.780000  0.000200000     0.999800
      0.00000     0.782000  0.000200000     0.999800
      0.00000     0.784000  0.000200000     0.999800
      0.00000     0.786000  0.000300000     0.999700
      0.00000     0.788000  0.000400000     0.999600
      0.00000     0.790000  0.000600000     0.999400
      0.00000     0.792000  0.000800000     0.999200
      0.00000     0.794000   0.00100000     0.999000
      0.00000     0.796000   0.00120000     0.998800
      0.00000     0.798000   0.00160000     0.998400
      0.00000     0.800000   0.00230000     0.997700
      0.00000     0.802000   0.00300000     0.997000
      0.00000     0.804000   0.00440000     0.995600
      0.00000     0.806000   0.00590000     0.994100
      0.00000     0.808000   0.00780000     0.992200
      0.00000     0.810000    0.0105000     0.989500
      0.00000     0.812000    0.0132000     0.986800
      0.00000     0.814000    0.0171000     0.982900
      0.00000     0.816000    0.0212000     0.978800
      0.00000     0.818000    0.0257000     0.974300
      0.00000     0.820000    0.0309000     0.969100
      0.00000     0.822000    0.0362000     0.963800
      0.00000     0.824000    0.0415000     0.958500
      0.00000     0.826000    0.0467000     0.953300
      0.00000     0.828000    0.0519000     0.948100
      0.00000     0.830000    0.0570000     0.943000
      0.00000     0.832000    0.0621000     0.937900
      0.00000     0.834000    0.0664000     0.933600
      0.00000     0.836000    0.0705000     0.929500
      0.00000     0.838000    0.0742000     0.925800
      0.00000     0.840000    0.0773000     0.922700
      0.00000     0.842000    0.0803000     0.919700
      0.00000     0.844000    0.0824000     0.917600
      0.00000     0.846000    0.0845000     0.915500
      0.00000     0.848000    0.0861000     0.913900
      0.00000     0.850000    0.0871000     0.912900
      0.00000     0.852000    0.0882000     0.911800
      0.00000     0.854000    0.0893000     0.910700
      0.00000     0.856000    0.0904000     0.909600
      0.00000     0.858000    0.0911000     0.908900
      0.00000     0.860000    0.0912000     0.908800
      0.00000     0.862000    0.0913000     0.908700
      0.00000     0.864000    0.0915000     0.908500
      0.00000     0.866000    0.0917000     0.908300
      0.00000     0.868000    0.0914000     0.908600
      0.00000     0.870000    0.0906000     0.909400
      0.00000     0.872000    0.0898000     0.910200
      0.00000     0.874000    0.0889000     0.911100
      0.00000     0.876000    0.0881000     0.911900
      0.00000     0.878000    0.0869000     0.913100
      0.00000     0.880000    0.0854000     0.914600
      0.00000     0.882000    0.0838000     0.916200
      0.00000     0.884000    0.0822000     0.917800
      0.00000     0.886000    0.0806000     0.919400
      0.00000     0.888000    0.0790000     0.921000
      0.00000     0.890000    0.0772000     0.922800
      0.00000     0.892000    0.0755000     0.924500
      0.00000     0.894000    0.0738000     0.926200
      0.00000     0.896000    0.0720000     0.928000
      0.00000     0.898000    0.0704000     0.929600
      0.00000     0.900000    0.0688000     0.931200
      0.00000     0.902000    0.0672000     0.932800
      0.00000     0.904000    0.0656000     0.934400
      0.00000     0.906000    0.0640000     0.936000
      0.00000     0.908000    0.0625000     0.937500
      0.00000     0.910000    0.0612000     0.938800
      0.00000     0.912000    0.0598000     0.940200
      0.00000     0.914000    0.0585000     0.941500
      0.00000     0.916000    0.0571000     0.942900
      0.00000     0.918000    0.0559000     0.944100
      0.00000     0.920000    0.0547000     0.945300
      0.00000     0.922000    0.0535000     0.946500
      0.00000     0.924000    0.0523000     0.947700
      0.00000     0.926000    0.0511000     0.948900
      0.00000     0.928000    0.0499000     0.950100
      0.00000     0.930000    0.0487000     0.951300
      0.00000     0.932000    0.0475000     0.952500
      0.00000     0.934000    0.0463000     0.953700
      0.00000     0.936000    0.0451000     0.954900
      0.00000     0.938000    0.0440000     0.956000
      0.00000     0.940000    0.0430000     0.957000
      0.00000     0.942000    0.0420000     0.958000
      0.00000     0.944000    0.0410000     0.959000
      0.00000     0.946000    0.0400000     0.960000
      0.00000     0.948000    0.0390000     0.961000
      0.00000     0.950000    0.0379000     0.962100
      0.00000     0.952000    0.0369000     0.963100
      0.00000     0.954000    0.0358000     0.964200
      0.00000     0.956000    0.0347000     0.965300
      0.00000     0.958000    0.0337000     0.966300
      0.00000     0.960000    0.0327000     0.967300
      0.00000     0.962000    0.0317000     0.968300
      0.00000     0.964000    0.0307000     0.969300
      0.00000     0.966000    0.0297000     0.970300
      0.00000     0.968000    0.0287000     0.971300
      0.00000     0.970000    0.0276000     0.972400
      0.00000     0.972000    0.0266000     0.973400
      0.00000     0.974000    0.0256000     0.974400
      0.00000     0.976000    0.0245000     0.975500
      0.00000     0.978000    0.0235000     0.976500
      0.00000     0.980000    0.0226000     0.977400
      0.00000     0.982000    0.0216000     0.978400
      0.00000     0.984000    0.0206000     0.979400
      0.00000     0.986000    0.0196000     0.980400
      0.00000     0.988000    0.0186000     0.981400
      0.00000     0.990000    0.0176000     0.982400
      0.00000     0.992000    0.0166000     0.983400
      0.00000     0.994000    0.0156000     0.984400
      0.00000     0.996000    0.0147000     0.985300
      0.00000     0.998000    0.0138000     0.986200
      0.00000      1.00000    0.0132000     0.986800
      0.00000      1.00200    0.0125000     0.987500
      0.00000      1.00400    0.0119000     0.988100
      0.00000      1.00600    0.0113000     0.988700
      0.00000      1.00800    0.0106000     0.989400
      0.00000      1.01000   0.00990000     0.990100
      0.00000      1.01200   0.00930000     0.990700
      0.00000      1.01400   0.00860000     0.991400
      0.00000      1.01600   0.00800000     0.992000
      0.00000      1.01800   0.00740000     0.992600
      0.00000      1.02000   0.00700000     0.993000
      0.00000      1.02200   0.00650000     0.993500
      0.00000      1.02400   0.00610000     0.993900
      0.00000      1.02600   0.00560000     0.994400
      0.00000      1.02800   0.00520000     0.994800
      0.00000      1.03000   0.00470000     0.995300
      0.00000      1.03200   0.00420000     0.995800
      0.00000      1.03400   0.00380000     0.996200
      0.00000      1.03600   0.00330000     0.996700
      0.00000      1.03800   0.00300000     0.997000
      0.00000      1.04000   0.00290000     0.997100
      0.00000      1.04200   0.00270000     0.997300
      0.00000      1.04400   0.00260000     0.997400
      0.00000      1.04600   0.00240000     0.997600
      0.00000      1.04800   0.00220000     0.997800
      0.00000      1.05000   0.00210000     0.997900
      0.00000      1.05200   0.00190000     0.998100
      0.00000      1.05400   0.00180000     0.998200
      0.00000      1.05600   0.00160000     0.998400
      0.00000      1.05800   0.00150000     0.998500
      0.00000      1.06000   0.00140000     0.998600
      0.00000      1.06200   0.00130000     0.998700
      0.00000      1.06400   0.00120000     0.998800
      0.00000      1.06600   0.00120000     0.998800
      0.00000      1.06800   0.00110000     0.998900
      0.00000      1.07000   0.00100000     0.999000
      0.00000      1.07200  0.000900000     0.999100
      0.00000      1.07400  0.000800000     0.999200
      0.00000      1.07600  0.000700000     0.999300
      0.00000      1.07800  0.000700000     0.999300
      0.00000      1.08000  0.000700000     0.999300
      0.00000      1.08200  0.000600000     0.999400
      0.00000      1.08400  0.000600000     0.999400
      0.00000      1.08600  0.000600000     0.999400
      0.00000      1.08800  0.000500000     0.999500
      0.00000      1.09000  0.000500000     0.999500
      0.00000      1.09200  0.000500000     0.999500
      0.00000      1.09400  0.000400000     0.999600
      0.00000      1.09600  0.000400000     0.999600
      0.00000      1.09800  0.000400000     0.999600
      0.00000      1.10000  0.000300000     0.999700
      0.00000      1.10200  0.000300000     0.999700
      0.00000      1.10400  0.000200000     0.999800
      0.00000      1.10600  0.000200000     0.999800
      0.00000      1.10800  0.000200000     0.999800
      0.00000      1.11000  0.000100000     0.999900
      0.00000      1.11200  0.000100000     0.999900
      0.00000      1.11400  0.000100000     0.999900
      0.00000      1.11600      0.00000      1.00000
