      0.00000     0.294000      0.00000      1.00000
      0.00000     0.296000      0.00000      1.00000
      0.00000     0.298000      0.00000      1.00000
      0.00000     0.300000      0.00000      1.00000
      0.00000     0.302000      0.00000      1.00000
      0.00000     0.304000      0.00000      1.00000
      0.00000     0.306000      0.00000      1.00000
      0.00000     0.308000      0.00000      1.00000
      0.00000     0.310000      0.00000      1.00000
      0.00000     0.312000      0.00000      1.00000
      0.00000     0.314000      0.00000      1.00000
      0.00000     0.316000      0.00000      1.00000
      0.00000     0.318000      0.00000      1.00000
      0.00000     0.320000      0.00000      1.00000
      0.00000     0.322000      0.00000      1.00000
      0.00000     0.324000      0.00000      1.00000
      0.00000     0.326000      0.00000      1.00000
      0.00000     0.328000      0.00000      1.00000
      0.00000     0.330000      0.00000      1.00000
      0.00000     0.332000      0.00000      1.00000
      0.00000     0.334000      0.00000      1.00000
      0.00000     0.336000      0.00000      1.00000
      0.00000     0.338000      0.00000      1.00000
      0.00000     0.340000      0.00000      1.00000
      0.00000     0.342000      0.00000      1.00000
      0.00000     0.344000      0.00000      1.00000
      0.00000     0.346000      0.00000      1.00000
      0.00000     0.348000      0.00000      1.00000
      0.00000     0.350000      0.00000      1.00000
      0.00000     0.352000      0.00000      1.00000
      0.00000     0.354000      0.00000      1.00000
      0.00000     0.356000      0.00000      1.00000
      0.00000     0.358000      0.00000      1.00000
      0.00000     0.360000      0.00000      1.00000
      0.00000     0.362000      0.00000      1.00000
      0.00000     0.364000      0.00000      1.00000
      0.00000     0.366000      0.00000      1.00000
      0.00000     0.368000      0.00000      1.00000
      0.00000     0.370000      0.00000      1.00000
      0.00000     0.372000      0.00000      1.00000
      0.00000     0.374000      0.00000      1.00000
      0.00000     0.376000      0.00000      1.00000
      0.00000     0.378000      0.00000      1.00000
      0.00000     0.380000      0.00000      1.00000
      0.00000     0.382000      0.00000      1.00000
      0.00000     0.384000      0.00000      1.00000
      0.00000     0.386000      0.00000      1.00000
      0.00000     0.388000      0.00000      1.00000
      0.00000     0.390000      0.00000      1.00000
      0.00000     0.392000      0.00000      1.00000
      0.00000     0.394000      0.00000      1.00000
      0.00000     0.396000      0.00000      1.00000
      0.00000     0.398000      0.00000      1.00000
      0.00000     0.400000      0.00000      1.00000
      0.00000     0.402000      0.00000      1.00000
      0.00000     0.404000      0.00000      1.00000
      0.00000     0.406000      0.00000      1.00000
      0.00000     0.408000      0.00000      1.00000
      0.00000     0.410000      0.00000      1.00000
      0.00000     0.412000      0.00000      1.00000
      0.00000     0.414000      0.00000      1.00000
      0.00000     0.416000      0.00000      1.00000
      0.00000     0.418000      0.00000      1.00000
      0.00000     0.420000      0.00000      1.00000
      0.00000     0.422000      0.00000      1.00000
      0.00000     0.424000      0.00000      1.00000
      0.00000     0.426000      0.00000      1.00000
      0.00000     0.428000      0.00000      1.00000
      0.00000     0.430000      0.00000      1.00000
      0.00000     0.432000      0.00000      1.00000
      0.00000     0.434000      0.00000      1.00000
      0.00000     0.436000      0.00000      1.00000
      0.00000     0.438000      0.00000      1.00000
      0.00000     0.440000      0.00000      1.00000
      0.00000     0.442000      0.00000      1.00000
      0.00000     0.444000      0.00000      1.00000
      0.00000     0.446000      0.00000      1.00000
      0.00000     0.448000      0.00000      1.00000
      0.00000     0.450000      0.00000      1.00000
      0.00000     0.452000      0.00000      1.00000
      0.00000     0.454000      0.00000      1.00000
      0.00000     0.456000      0.00000      1.00000
      0.00000     0.458000      0.00000      1.00000
      0.00000     0.460000      0.00000      1.00000
      0.00000     0.462000      0.00000      1.00000
      0.00000     0.464000      0.00000      1.00000
      0.00000     0.466000      0.00000      1.00000
      0.00000     0.468000      0.00000      1.00000
      0.00000     0.470000      0.00000      1.00000
      0.00000     0.472000      0.00000      1.00000
      0.00000     0.474000      0.00000      1.00000
      0.00000     0.476000      0.00000      1.00000
      0.00000     0.478000      0.00000      1.00000
      0.00000     0.480000      0.00000      1.00000
      0.00000     0.482000      0.00000      1.00000
      0.00000     0.484000      0.00000      1.00000
      0.00000     0.486000      0.00000      1.00000
      0.00000     0.488000      0.00000      1.00000
      0.00000     0.490000      0.00000      1.00000
      0.00000     0.492000      0.00000      1.00000
      0.00000     0.494000      0.00000      1.00000
      0.00000     0.496000      0.00000      1.00000
      0.00000     0.498000      0.00000      1.00000
      0.00000     0.500000      0.00000      1.00000
      0.00000     0.502000      0.00000      1.00000
      0.00000     0.504000      0.00000      1.00000
      0.00000     0.506000      0.00000      1.00000
      0.00000     0.508000      0.00000      1.00000
      0.00000     0.510000      0.00000      1.00000
      0.00000     0.512000      0.00000      1.00000
      0.00000     0.514000      0.00000      1.00000
      0.00000     0.516000      0.00000      1.00000
      0.00000     0.518000      0.00000      1.00000
      0.00000     0.520000      0.00000      1.00000
      0.00000     0.522000      0.00000      1.00000
      0.00000     0.524000      0.00000      1.00000
      0.00000     0.526000      0.00000      1.00000
      0.00000     0.528000      0.00000      1.00000
      0.00000     0.530000      0.00000      1.00000
      0.00000     0.532000      0.00000      1.00000
      0.00000     0.534000      0.00000      1.00000
      0.00000     0.536000      0.00000      1.00000
      0.00000     0.538000      0.00000      1.00000
      0.00000     0.540000      0.00000      1.00000
      0.00000     0.542000      0.00000      1.00000
      0.00000     0.544000      0.00000      1.00000
      0.00000     0.546000      0.00000      1.00000
      0.00000     0.548000      0.00000      1.00000
      0.00000     0.550000      0.00000      1.00000
      0.00000     0.552000      0.00000      1.00000
      0.00000     0.554000      0.00000      1.00000
      0.00000     0.556000      0.00000      1.00000
      0.00000     0.558000      0.00000      1.00000
      0.00000     0.560000      0.00000      1.00000
      0.00000     0.562000      0.00000      1.00000
      0.00000     0.564000      0.00000      1.00000
      0.00000     0.566000      0.00000      1.00000
      0.00000     0.568000      0.00000      1.00000
      0.00000     0.570000      0.00000      1.00000
      0.00000     0.572000      0.00000      1.00000
      0.00000     0.574000      0.00000      1.00000
      0.00000     0.576000      0.00000      1.00000
      0.00000     0.578000      0.00000      1.00000
      0.00000     0.580000      0.00000      1.00000
      0.00000     0.582000      0.00000      1.00000
      0.00000     0.584000      0.00000      1.00000
      0.00000     0.586000      0.00000      1.00000
      0.00000     0.588000      0.00000      1.00000
      0.00000     0.590000      0.00000      1.00000
      0.00000     0.592000      0.00000      1.00000
      0.00000     0.594000      0.00000      1.00000
      0.00000     0.596000      0.00000      1.00000
      0.00000     0.598000      0.00000      1.00000
      0.00000     0.600000      0.00000      1.00000
      0.00000     0.602000      0.00000      1.00000
      0.00000     0.604000      0.00000      1.00000
      0.00000     0.606000      0.00000      1.00000
      0.00000     0.608000      0.00000      1.00000
      0.00000     0.610000      0.00000      1.00000
      0.00000     0.612000      0.00000      1.00000
      0.00000     0.614000      0.00000      1.00000
      0.00000     0.616000      0.00000      1.00000
      0.00000     0.618000      0.00000      1.00000
      0.00000     0.620000      0.00000      1.00000
      0.00000     0.622000      0.00000      1.00000
      0.00000     0.624000      0.00000      1.00000
      0.00000     0.626000      0.00000      1.00000
      0.00000     0.628000      0.00000      1.00000
      0.00000     0.630000      0.00000      1.00000
      0.00000     0.632000      0.00000      1.00000
      0.00000     0.634000      0.00000      1.00000
      0.00000     0.636000      0.00000      1.00000
      0.00000     0.638000      0.00000      1.00000
      0.00000     0.640000      0.00000      1.00000
      0.00000     0.642000      0.00000      1.00000
      0.00000     0.644000      0.00000      1.00000
      0.00000     0.646000      0.00000      1.00000
      0.00000     0.648000      0.00000      1.00000
      0.00000     0.650000      0.00000      1.00000
      0.00000     0.652000      0.00000      1.00000
      0.00000     0.654000      0.00000      1.00000
      0.00000     0.656000      0.00000      1.00000
      0.00000     0.658000      0.00000      1.00000
      0.00000     0.660000  0.000200000     0.999800
      0.00000     0.662000  0.000800000     0.999200
      0.00000     0.664000   0.00120000     0.998800
      0.00000     0.666000   0.00170000     0.998300
      0.00000     0.668000   0.00260000     0.997400
      0.00000     0.670000   0.00460000     0.995400
      0.00000     0.672000   0.00800000     0.992000
      0.00000     0.674000    0.0131000     0.986900
      0.00000     0.676000    0.0226000     0.977400
      0.00000     0.678000    0.0365000     0.963500
      0.00000     0.680000    0.0560000     0.944000
      0.00000     0.682000    0.0834000     0.916600
      0.00000     0.684000     0.116200     0.883800
      0.00000     0.686000     0.155300     0.844700
      0.00000     0.688000     0.195200     0.804800
      0.00000     0.690000     0.237700     0.762300
      0.00000     0.692000     0.283900     0.716100
      0.00000     0.694000     0.322200     0.677800
      0.00000     0.696000     0.356500     0.643500
      0.00000     0.698000     0.386900     0.613100
      0.00000     0.700000     0.410400     0.589600
      0.00000     0.702000     0.430100     0.569900
      0.00000     0.704000     0.445800     0.554200
      0.00000     0.706000     0.456500     0.543500
      0.00000     0.708000     0.464800     0.535200
      0.00000     0.710000     0.470600     0.529400
      0.00000     0.712000     0.476400     0.523600
      0.00000     0.714000     0.479100     0.520900
      0.00000     0.716000     0.481400     0.518600
      0.00000     0.718000     0.482300     0.517700
      0.00000     0.720000     0.481500     0.518500
      0.00000     0.722000     0.480600     0.519400
      0.00000     0.724000     0.477100     0.522900
      0.00000     0.726000     0.473200     0.526800
      0.00000     0.728000     0.469400     0.530600
      0.00000     0.730000     0.465500     0.534500
      0.00000     0.732000     0.461700     0.538300
      0.00000     0.734000     0.457800     0.542200
      0.00000     0.736000     0.453900     0.546100
      0.00000     0.738000     0.450500     0.549500
      0.00000     0.740000     0.447700     0.552300
      0.00000     0.742000     0.444900     0.555100
      0.00000     0.744000     0.442100     0.557900
      0.00000     0.746000     0.439300     0.560700
      0.00000     0.748000     0.436400     0.563600
      0.00000     0.750000     0.433500     0.566500
      0.00000     0.752000     0.430600     0.569400
      0.00000     0.754000     0.426400     0.573600
      0.00000     0.756000     0.422000     0.578000
      0.00000     0.758000     0.417600     0.582400
      0.00000     0.760000     0.413200     0.586800
      0.00000     0.762000     0.408800     0.591200
      0.00000     0.764000     0.404200     0.595800
      0.00000     0.766000     0.399600     0.600400
      0.00000     0.768000     0.395100     0.604900
      0.00000     0.770000     0.390500     0.609500
      0.00000     0.772000     0.386000     0.614000
      0.00000     0.774000     0.381500     0.618500
      0.00000     0.776000     0.377000     0.623000
      0.00000     0.778000     0.372500     0.627500
      0.00000     0.780000     0.368000     0.632000
      0.00000     0.782000     0.363600     0.636400
      0.00000     0.784000     0.361000     0.639000
      0.00000     0.786000     0.358600     0.641400
      0.00000     0.788000     0.356200     0.643800
      0.00000     0.790000     0.353900     0.646100
      0.00000     0.792000     0.351500     0.648500
      0.00000     0.794000     0.349200     0.650800
      0.00000     0.796000     0.346900     0.653100
      0.00000     0.798000     0.344900     0.655100
      0.00000     0.800000     0.343200     0.656800
      0.00000     0.802000     0.341100     0.658900
      0.00000     0.804000     0.338800     0.661200
      0.00000     0.806000     0.336200     0.663800
      0.00000     0.808000     0.332800     0.667200
      0.00000     0.810000     0.327900     0.672100
      0.00000     0.812000     0.321500     0.678500
      0.00000     0.814000     0.304300     0.695700
      0.00000     0.816000     0.276300     0.723700
      0.00000     0.818000     0.237900     0.762100
      0.00000     0.820000     0.185700     0.814300
      0.00000     0.822000     0.135500     0.864500
      0.00000     0.824000    0.0874000     0.912600
      0.00000     0.826000    0.0578000     0.942200
      0.00000     0.828000    0.0360000     0.964000
      0.00000     0.830000    0.0212000     0.978800
      0.00000     0.832000    0.0144000     0.985600
      0.00000     0.834000   0.00940000     0.990600
      0.00000     0.836000   0.00610000     0.993900
      0.00000     0.838000   0.00200000     0.998000
      0.00000     0.840000      0.00000      1.00000
      0.00000     0.842000      0.00000      1.00000
      0.00000     0.844000      0.00000      1.00000
      0.00000     0.846000      0.00000      1.00000
      0.00000     0.848000      0.00000      1.00000
      0.00000     0.850000      0.00000      1.00000
      0.00000     0.852000      0.00000      1.00000
      0.00000     0.854000      0.00000      1.00000
      0.00000     0.856000      0.00000      1.00000
      0.00000     0.858000      0.00000      1.00000
      0.00000     0.860000      0.00000      1.00000
      0.00000     0.862000      0.00000      1.00000
      0.00000     0.864000      0.00000      1.00000
      0.00000     0.866000      0.00000      1.00000
      0.00000     0.868000      0.00000      1.00000
      0.00000     0.870000      0.00000      1.00000
      0.00000     0.872000      0.00000      1.00000
      0.00000     0.874000      0.00000      1.00000
      0.00000     0.876000      0.00000      1.00000
      0.00000     0.878000      0.00000      1.00000
      0.00000     0.880000      0.00000      1.00000
      0.00000     0.882000      0.00000      1.00000
      0.00000     0.884000      0.00000      1.00000
      0.00000     0.886000      0.00000      1.00000
      0.00000     0.888000      0.00000      1.00000
      0.00000     0.890000      0.00000      1.00000
      0.00000     0.892000      0.00000      1.00000
      0.00000     0.894000      0.00000      1.00000
      0.00000     0.896000      0.00000      1.00000
      0.00000     0.898000      0.00000      1.00000
      0.00000     0.900000      0.00000      1.00000
      0.00000     0.902000      0.00000      1.00000
      0.00000     0.904000      0.00000      1.00000
      0.00000     0.906000      0.00000      1.00000
      0.00000     0.908000      0.00000      1.00000
      0.00000     0.910000      0.00000      1.00000
      0.00000     0.912000      0.00000      1.00000
      0.00000     0.914000      0.00000      1.00000
      0.00000     0.916000      0.00000      1.00000
      0.00000     0.918000      0.00000      1.00000
      0.00000     0.920000      0.00000      1.00000
      0.00000     0.922000      0.00000      1.00000
      0.00000     0.924000      0.00000      1.00000
      0.00000     0.926000      0.00000      1.00000
      0.00000     0.928000      0.00000      1.00000
      0.00000     0.930000      0.00000      1.00000
      0.00000     0.932000      0.00000      1.00000
      0.00000     0.934000      0.00000      1.00000
      0.00000     0.936000      0.00000      1.00000
      0.00000     0.938000      0.00000      1.00000
      0.00000     0.940000      0.00000      1.00000
      0.00000     0.942000      0.00000      1.00000
      0.00000     0.944000      0.00000      1.00000
      0.00000     0.946000      0.00000      1.00000
      0.00000     0.948000      0.00000      1.00000
      0.00000     0.950000      0.00000      1.00000
      0.00000     0.952000      0.00000      1.00000
      0.00000     0.954000      0.00000      1.00000
      0.00000     0.956000      0.00000      1.00000
      0.00000     0.958000      0.00000      1.00000
      0.00000     0.960000      0.00000      1.00000
      0.00000     0.962000      0.00000      1.00000
      0.00000     0.964000      0.00000      1.00000
      0.00000     0.966000      0.00000      1.00000
      0.00000     0.968000      0.00000      1.00000
      0.00000     0.970000      0.00000      1.00000
      0.00000     0.972000      0.00000      1.00000
      0.00000     0.974000      0.00000      1.00000
      0.00000     0.976000      0.00000      1.00000
      0.00000     0.978000      0.00000      1.00000
      0.00000     0.980000      0.00000      1.00000
      0.00000     0.982000      0.00000      1.00000
      0.00000     0.984000      0.00000      1.00000
      0.00000     0.986000      0.00000      1.00000
      0.00000     0.988000      0.00000      1.00000
      0.00000     0.990000      0.00000      1.00000
      0.00000     0.992000      0.00000      1.00000
      0.00000     0.994000      0.00000      1.00000
      0.00000     0.996000      0.00000      1.00000
      0.00000     0.998000      0.00000      1.00000
      0.00000      1.00000      0.00000      1.00000
      0.00000      1.00200      0.00000      1.00000
      0.00000      1.00400      0.00000      1.00000
      0.00000      1.00600      0.00000      1.00000
      0.00000      1.00800      0.00000      1.00000
      0.00000      1.01000      0.00000      1.00000
      0.00000      1.01200      0.00000      1.00000
      0.00000      1.01400      0.00000      1.00000
      0.00000      1.01600      0.00000      1.00000
      0.00000      1.01800      0.00000      1.00000
      0.00000      1.02000      0.00000      1.00000
      0.00000      1.02200      0.00000      1.00000
      0.00000      1.02400      0.00000      1.00000
      0.00000      1.02600      0.00000      1.00000
      0.00000      1.02800      0.00000      1.00000
      0.00000      1.03000      0.00000      1.00000
      0.00000      1.03200      0.00000      1.00000
      0.00000      1.03400      0.00000      1.00000
      0.00000      1.03600      0.00000      1.00000
      0.00000      1.03800      0.00000      1.00000
      0.00000      1.04000      0.00000      1.00000
      0.00000      1.04200      0.00000      1.00000
      0.00000      1.04400      0.00000      1.00000
      0.00000      1.04600      0.00000      1.00000
      0.00000      1.04800      0.00000      1.00000
      0.00000      1.05000      0.00000      1.00000
      0.00000      1.05200      0.00000      1.00000
      0.00000      1.05400      0.00000      1.00000
      0.00000      1.05600      0.00000      1.00000
      0.00000      1.05800      0.00000      1.00000
      0.00000      1.06000      0.00000      1.00000
      0.00000      1.06200      0.00000      1.00000
      0.00000      1.06400      0.00000      1.00000
      0.00000      1.06600      0.00000      1.00000
      0.00000      1.06800      0.00000      1.00000
      0.00000      1.07000      0.00000      1.00000
      0.00000      1.07200      0.00000      1.00000
      0.00000      1.07400      0.00000      1.00000
      0.00000      1.07600      0.00000      1.00000
      0.00000      1.07800      0.00000      1.00000
      0.00000      1.08000      0.00000      1.00000
      0.00000      1.08200      0.00000      1.00000
      0.00000      1.08400      0.00000      1.00000
      0.00000      1.08600      0.00000      1.00000
      0.00000      1.08800      0.00000      1.00000
      0.00000      1.09000      0.00000      1.00000
      0.00000      1.09200      0.00000      1.00000
      0.00000      1.09400      0.00000      1.00000
      0.00000      1.09600      0.00000      1.00000
      0.00000      1.09800      0.00000      1.00000
      0.00000      1.10000      0.00000      1.00000
      0.00000      1.10200      0.00000      1.00000
      0.00000      1.10400      0.00000      1.00000
      0.00000      1.10600      0.00000      1.00000
      0.00000      1.10800      0.00000      1.00000
      0.00000      1.11000      0.00000      1.00000
      0.00000      1.11200      0.00000      1.00000
      0.00000      1.11400      0.00000      1.00000
      0.00000      1.11600      0.00000      1.00000
