      0.00000     0.294000      0.00000      1.00000
      0.00000     0.296000      0.00000      1.00000
      0.00000     0.298000      0.00000      1.00000
      0.00000     0.300000      0.00000      1.00000
      0.00000     0.302000      0.00000      1.00000
      0.00000     0.304000      0.00000      1.00000
      0.00000     0.306000      0.00000      1.00000
      0.00000     0.308000      0.00000      1.00000
      0.00000     0.310000      0.00000      1.00000
      0.00000     0.312000      0.00000      1.00000
      0.00000     0.314000      0.00000      1.00000
      0.00000     0.316000      0.00000      1.00000
      0.00000     0.318000      0.00000      1.00000
      0.00000     0.320000      0.00000      1.00000
      0.00000     0.322000      0.00000      1.00000
      0.00000     0.324000      0.00000      1.00000
      0.00000     0.326000      0.00000      1.00000
      0.00000     0.328000      0.00000      1.00000
      0.00000     0.330000      0.00000      1.00000
      0.00000     0.332000      0.00000      1.00000
      0.00000     0.334000      0.00000      1.00000
      0.00000     0.336000      0.00000      1.00000
      0.00000     0.338000      0.00000      1.00000
      0.00000     0.340000      0.00000      1.00000
      0.00000     0.342000      0.00000      1.00000
      0.00000     0.344000      0.00000      1.00000
      0.00000     0.346000      0.00000      1.00000
      0.00000     0.348000      0.00000      1.00000
      0.00000     0.350000      0.00000      1.00000
      0.00000     0.352000      0.00000      1.00000
      0.00000     0.354000      0.00000      1.00000
      0.00000     0.356000      0.00000      1.00000
      0.00000     0.358000      0.00000      1.00000
      0.00000     0.360000      0.00000      1.00000
      0.00000     0.362000      0.00000      1.00000
      0.00000     0.364000      0.00000      1.00000
      0.00000     0.366000      0.00000      1.00000
      0.00000     0.368000      0.00000      1.00000
      0.00000     0.370000      0.00000      1.00000
      0.00000     0.372000      0.00000      1.00000
      0.00000     0.374000      0.00000      1.00000
      0.00000     0.376000      0.00000      1.00000
      0.00000     0.378000      0.00000      1.00000
      0.00000     0.380000      0.00000      1.00000
      0.00000     0.382000      0.00000      1.00000
      0.00000     0.384000      0.00000      1.00000
      0.00000     0.386000      0.00000      1.00000
      0.00000     0.388000      0.00000      1.00000
      0.00000     0.390000      0.00000      1.00000
      0.00000     0.392000      0.00000      1.00000
      0.00000     0.394000      0.00000      1.00000
      0.00000     0.396000      0.00000      1.00000
      0.00000     0.398000      0.00000      1.00000
      0.00000     0.400000      0.00000      1.00000
      0.00000     0.402000      0.00000      1.00000
      0.00000     0.404000      0.00000      1.00000
      0.00000     0.406000      0.00000      1.00000
      0.00000     0.408000      0.00000      1.00000
      0.00000     0.410000      0.00000      1.00000
      0.00000     0.412000      0.00000      1.00000
      0.00000     0.414000      0.00000      1.00000
      0.00000     0.416000      0.00000      1.00000
      0.00000     0.418000      0.00000      1.00000
      0.00000     0.420000      0.00000      1.00000
      0.00000     0.422000      0.00000      1.00000
      0.00000     0.424000      0.00000      1.00000
      0.00000     0.426000      0.00000      1.00000
      0.00000     0.428000      0.00000      1.00000
      0.00000     0.430000      0.00000      1.00000
      0.00000     0.432000      0.00000      1.00000
      0.00000     0.434000      0.00000      1.00000
      0.00000     0.436000      0.00000      1.00000
      0.00000     0.438000      0.00000      1.00000
      0.00000     0.440000      0.00000      1.00000
      0.00000     0.442000      0.00000      1.00000
      0.00000     0.444000      0.00000      1.00000
      0.00000     0.446000      0.00000      1.00000
      0.00000     0.448000      0.00000      1.00000
      0.00000     0.450000      0.00000      1.00000
      0.00000     0.452000      0.00000      1.00000
      0.00000     0.454000      0.00000      1.00000
      0.00000     0.456000      0.00000      1.00000
      0.00000     0.458000      0.00000      1.00000
      0.00000     0.460000      0.00000      1.00000
      0.00000     0.462000      0.00000      1.00000
      0.00000     0.464000      0.00000      1.00000
      0.00000     0.466000      0.00000      1.00000
      0.00000     0.468000      0.00000      1.00000
      0.00000     0.470000      0.00000      1.00000
      0.00000     0.472000      0.00000      1.00000
      0.00000     0.474000      0.00000      1.00000
      0.00000     0.476000      0.00000      1.00000
      0.00000     0.478000      0.00000      1.00000
      0.00000     0.480000      0.00000      1.00000
      0.00000     0.482000      0.00000      1.00000
      0.00000     0.484000      0.00000      1.00000
      0.00000     0.486000      0.00000      1.00000
      0.00000     0.488000      0.00000      1.00000
      0.00000     0.490000      0.00000      1.00000
      0.00000     0.492000      0.00000      1.00000
      0.00000     0.494000      0.00000      1.00000
      0.00000     0.496000      0.00000      1.00000
      0.00000     0.498000      0.00000      1.00000
      0.00000     0.500000      0.00000      1.00000
      0.00000     0.502000      0.00000      1.00000
      0.00000     0.504000      0.00000      1.00000
      0.00000     0.506000      0.00000      1.00000
      0.00000     0.508000      0.00000      1.00000
      0.00000     0.510000      0.00000      1.00000
      0.00000     0.512000      0.00000      1.00000
      0.00000     0.514000      0.00000      1.00000
      0.00000     0.516000      0.00000      1.00000
      0.00000     0.518000      0.00000      1.00000
      0.00000     0.520000      0.00000      1.00000
      0.00000     0.522000      0.00000      1.00000
      0.00000     0.524000      0.00000      1.00000
      0.00000     0.526000      0.00000      1.00000
      0.00000     0.528000      0.00000      1.00000
      0.00000     0.530000      0.00000      1.00000
      0.00000     0.532000      0.00000      1.00000
      0.00000     0.534000      0.00000      1.00000
      0.00000     0.536000      0.00000      1.00000
      0.00000     0.538000  0.000200000     0.999800
      0.00000     0.540000   0.00180000     0.998200
      0.00000     0.542000   0.00500000     0.995000
      0.00000     0.544000    0.0105000     0.989500
      0.00000     0.546000    0.0225000     0.977500
      0.00000     0.548000    0.0452000     0.954800
      0.00000     0.550000    0.0751000     0.924900
      0.00000     0.552000     0.117500     0.882500
      0.00000     0.554000     0.164100     0.835900
      0.00000     0.556000     0.211800     0.788200
      0.00000     0.558000     0.256700     0.743300
      0.00000     0.560000     0.297900     0.702100
      0.00000     0.562000     0.336800     0.663200
      0.00000     0.564000     0.372400     0.627600
      0.00000     0.566000     0.404200     0.595800
      0.00000     0.568000     0.432700     0.567300
      0.00000     0.570000     0.453100     0.546900
      0.00000     0.572000     0.466700     0.533300
      0.00000     0.574000     0.477400     0.522600
      0.00000     0.576000     0.486800     0.513200
      0.00000     0.578000     0.494900     0.505100
      0.00000     0.580000     0.501900     0.498100
      0.00000     0.582000     0.506800     0.493200
      0.00000     0.584000     0.511800     0.488200
      0.00000     0.586000     0.516200     0.483800
      0.00000     0.588000     0.518700     0.481300
      0.00000     0.590000     0.521200     0.478800
      0.00000     0.592000     0.523700     0.476300
      0.00000     0.594000     0.526200     0.473800
      0.00000     0.596000     0.528700     0.471300
      0.00000     0.598000     0.530900     0.469100
      0.00000     0.600000     0.532300     0.467700
      0.00000     0.602000     0.533600     0.466400
      0.00000     0.604000     0.534900     0.465100
      0.00000     0.606000     0.536200     0.463800
      0.00000     0.608000     0.537000     0.463000
      0.00000     0.610000     0.536100     0.463900
      0.00000     0.612000     0.535200     0.464800
      0.00000     0.614000     0.534200     0.465800
      0.00000     0.616000     0.533300     0.466700
      0.00000     0.618000     0.533300     0.466700
      0.00000     0.620000     0.535800     0.464200
      0.00000     0.622000     0.538300     0.461700
      0.00000     0.624000     0.540900     0.459100
      0.00000     0.626000     0.543400     0.456600
      0.00000     0.628000     0.545400     0.454600
      0.00000     0.630000     0.546200     0.453800
      0.00000     0.632000     0.547000     0.453000
      0.00000     0.634000     0.547700     0.452300
      0.00000     0.636000     0.548500     0.451500
      0.00000     0.638000     0.548800     0.451200
      0.00000     0.640000     0.548000     0.452000
      0.00000     0.642000     0.547200     0.452800
      0.00000     0.644000     0.546400     0.453600
      0.00000     0.646000     0.545500     0.454500
      0.00000     0.648000     0.544900     0.455100
      0.00000     0.650000     0.545000     0.455000
      0.00000     0.652000     0.545000     0.455000
      0.00000     0.654000     0.544700     0.455300
      0.00000     0.656000     0.543500     0.456500
      0.00000     0.658000     0.542300     0.457700
      0.00000     0.660000     0.539400     0.460600
      0.00000     0.662000     0.532400     0.467600
      0.00000     0.664000     0.519000     0.481000
      0.00000     0.666000     0.499200     0.500800
      0.00000     0.668000     0.468300     0.531700
      0.00000     0.670000     0.423000     0.577000
      0.00000     0.672000     0.368500     0.631500
      0.00000     0.674000     0.303000     0.697000
      0.00000     0.676000     0.234400     0.765600
      0.00000     0.678000     0.172400     0.827600
      0.00000     0.680000     0.121200     0.878800
      0.00000     0.682000    0.0842000     0.915800
      0.00000     0.684000    0.0556000     0.944400
      0.00000     0.686000    0.0370000     0.963000
      0.00000     0.688000    0.0273000     0.972700
      0.00000     0.690000    0.0201000     0.979900
      0.00000     0.692000    0.0130000     0.987000
      0.00000     0.694000   0.00970000     0.990300
      0.00000     0.696000   0.00760000     0.992400
      0.00000     0.698000   0.00540000     0.994600
      0.00000     0.700000   0.00360000     0.996400
      0.00000     0.702000   0.00190000     0.998100
      0.00000     0.704000  0.000300000     0.999700
      0.00000     0.706000      0.00000      1.00000
      0.00000     0.708000      0.00000      1.00000
      0.00000     0.710000      0.00000      1.00000
      0.00000     0.712000      0.00000      1.00000
      0.00000     0.714000      0.00000      1.00000
      0.00000     0.716000      0.00000      1.00000
      0.00000     0.718000      0.00000      1.00000
      0.00000     0.720000      0.00000      1.00000
      0.00000     0.722000      0.00000      1.00000
      0.00000     0.724000      0.00000      1.00000
      0.00000     0.726000      0.00000      1.00000
      0.00000     0.728000      0.00000      1.00000
      0.00000     0.730000      0.00000      1.00000
      0.00000     0.732000      0.00000      1.00000
      0.00000     0.734000      0.00000      1.00000
      0.00000     0.736000      0.00000      1.00000
      0.00000     0.738000      0.00000      1.00000
      0.00000     0.740000      0.00000      1.00000
      0.00000     0.742000      0.00000      1.00000
      0.00000     0.744000      0.00000      1.00000
      0.00000     0.746000      0.00000      1.00000
      0.00000     0.748000      0.00000      1.00000
      0.00000     0.750000      0.00000      1.00000
      0.00000     0.752000      0.00000      1.00000
      0.00000     0.754000      0.00000      1.00000
      0.00000     0.756000      0.00000      1.00000
      0.00000     0.758000      0.00000      1.00000
      0.00000     0.760000      0.00000      1.00000
      0.00000     0.762000      0.00000      1.00000
      0.00000     0.764000      0.00000      1.00000
      0.00000     0.766000      0.00000      1.00000
      0.00000     0.768000      0.00000      1.00000
      0.00000     0.770000      0.00000      1.00000
      0.00000     0.772000      0.00000      1.00000
      0.00000     0.774000      0.00000      1.00000
      0.00000     0.776000      0.00000      1.00000
      0.00000     0.778000      0.00000      1.00000
      0.00000     0.780000      0.00000      1.00000
      0.00000     0.782000      0.00000      1.00000
      0.00000     0.784000      0.00000      1.00000
      0.00000     0.786000      0.00000      1.00000
      0.00000     0.788000      0.00000      1.00000
      0.00000     0.790000      0.00000      1.00000
      0.00000     0.792000      0.00000      1.00000
      0.00000     0.794000      0.00000      1.00000
      0.00000     0.796000      0.00000      1.00000
      0.00000     0.798000      0.00000      1.00000
      0.00000     0.800000      0.00000      1.00000
      0.00000     0.802000      0.00000      1.00000
      0.00000     0.804000      0.00000      1.00000
      0.00000     0.806000      0.00000      1.00000
      0.00000     0.808000      0.00000      1.00000
      0.00000     0.810000      0.00000      1.00000
      0.00000     0.812000      0.00000      1.00000
      0.00000     0.814000      0.00000      1.00000
      0.00000     0.816000      0.00000      1.00000
      0.00000     0.818000      0.00000      1.00000
      0.00000     0.820000      0.00000      1.00000
      0.00000     0.822000      0.00000      1.00000
      0.00000     0.824000      0.00000      1.00000
      0.00000     0.826000      0.00000      1.00000
      0.00000     0.828000      0.00000      1.00000
      0.00000     0.830000      0.00000      1.00000
      0.00000     0.832000      0.00000      1.00000
      0.00000     0.834000      0.00000      1.00000
      0.00000     0.836000      0.00000      1.00000
      0.00000     0.838000      0.00000      1.00000
      0.00000     0.840000      0.00000      1.00000
      0.00000     0.842000      0.00000      1.00000
      0.00000     0.844000      0.00000      1.00000
      0.00000     0.846000      0.00000      1.00000
      0.00000     0.848000      0.00000      1.00000
      0.00000     0.850000      0.00000      1.00000
      0.00000     0.852000      0.00000      1.00000
      0.00000     0.854000      0.00000      1.00000
      0.00000     0.856000      0.00000      1.00000
      0.00000     0.858000      0.00000      1.00000
      0.00000     0.860000      0.00000      1.00000
      0.00000     0.862000      0.00000      1.00000
      0.00000     0.864000      0.00000      1.00000
      0.00000     0.866000      0.00000      1.00000
      0.00000     0.868000      0.00000      1.00000
      0.00000     0.870000      0.00000      1.00000
      0.00000     0.872000      0.00000      1.00000
      0.00000     0.874000      0.00000      1.00000
      0.00000     0.876000      0.00000      1.00000
      0.00000     0.878000      0.00000      1.00000
      0.00000     0.880000      0.00000      1.00000
      0.00000     0.882000      0.00000      1.00000
      0.00000     0.884000      0.00000      1.00000
      0.00000     0.886000      0.00000      1.00000
      0.00000     0.888000      0.00000      1.00000
      0.00000     0.890000      0.00000      1.00000
      0.00000     0.892000      0.00000      1.00000
      0.00000     0.894000      0.00000      1.00000
      0.00000     0.896000      0.00000      1.00000
      0.00000     0.898000      0.00000      1.00000
      0.00000     0.900000      0.00000      1.00000
      0.00000     0.902000      0.00000      1.00000
      0.00000     0.904000      0.00000      1.00000
      0.00000     0.906000      0.00000      1.00000
      0.00000     0.908000      0.00000      1.00000
      0.00000     0.910000      0.00000      1.00000
      0.00000     0.912000      0.00000      1.00000
      0.00000     0.914000      0.00000      1.00000
      0.00000     0.916000      0.00000      1.00000
      0.00000     0.918000      0.00000      1.00000
      0.00000     0.920000      0.00000      1.00000
      0.00000     0.922000      0.00000      1.00000
      0.00000     0.924000      0.00000      1.00000
      0.00000     0.926000      0.00000      1.00000
      0.00000     0.928000      0.00000      1.00000
      0.00000     0.930000      0.00000      1.00000
      0.00000     0.932000      0.00000      1.00000
      0.00000     0.934000      0.00000      1.00000
      0.00000     0.936000      0.00000      1.00000
      0.00000     0.938000      0.00000      1.00000
      0.00000     0.940000      0.00000      1.00000
      0.00000     0.942000      0.00000      1.00000
      0.00000     0.944000      0.00000      1.00000
      0.00000     0.946000      0.00000      1.00000
      0.00000     0.948000      0.00000      1.00000
      0.00000     0.950000      0.00000      1.00000
      0.00000     0.952000      0.00000      1.00000
      0.00000     0.954000      0.00000      1.00000
      0.00000     0.956000      0.00000      1.00000
      0.00000     0.958000      0.00000      1.00000
      0.00000     0.960000      0.00000      1.00000
      0.00000     0.962000      0.00000      1.00000
      0.00000     0.964000      0.00000      1.00000
      0.00000     0.966000      0.00000      1.00000
      0.00000     0.968000      0.00000      1.00000
      0.00000     0.970000      0.00000      1.00000
      0.00000     0.972000      0.00000      1.00000
      0.00000     0.974000      0.00000      1.00000
      0.00000     0.976000      0.00000      1.00000
      0.00000     0.978000      0.00000      1.00000
      0.00000     0.980000      0.00000      1.00000
      0.00000     0.982000      0.00000      1.00000
      0.00000     0.984000      0.00000      1.00000
      0.00000     0.986000      0.00000      1.00000
      0.00000     0.988000      0.00000      1.00000
      0.00000     0.990000      0.00000      1.00000
      0.00000     0.992000      0.00000      1.00000
      0.00000     0.994000      0.00000      1.00000
      0.00000     0.996000      0.00000      1.00000
      0.00000     0.998000      0.00000      1.00000
      0.00000      1.00000      0.00000      1.00000
      0.00000      1.00200      0.00000      1.00000
      0.00000      1.00400      0.00000      1.00000
      0.00000      1.00600      0.00000      1.00000
      0.00000      1.00800      0.00000      1.00000
      0.00000      1.01000      0.00000      1.00000
      0.00000      1.01200      0.00000      1.00000
      0.00000      1.01400      0.00000      1.00000
      0.00000      1.01600      0.00000      1.00000
      0.00000      1.01800      0.00000      1.00000
      0.00000      1.02000      0.00000      1.00000
      0.00000      1.02200      0.00000      1.00000
      0.00000      1.02400      0.00000      1.00000
      0.00000      1.02600      0.00000      1.00000
      0.00000      1.02800      0.00000      1.00000
      0.00000      1.03000      0.00000      1.00000
      0.00000      1.03200      0.00000      1.00000
      0.00000      1.03400      0.00000      1.00000
      0.00000      1.03600      0.00000      1.00000
      0.00000      1.03800      0.00000      1.00000
      0.00000      1.04000      0.00000      1.00000
      0.00000      1.04200      0.00000      1.00000
      0.00000      1.04400      0.00000      1.00000
      0.00000      1.04600      0.00000      1.00000
      0.00000      1.04800      0.00000      1.00000
      0.00000      1.05000      0.00000      1.00000
      0.00000      1.05200      0.00000      1.00000
      0.00000      1.05400      0.00000      1.00000
      0.00000      1.05600      0.00000      1.00000
      0.00000      1.05800      0.00000      1.00000
      0.00000      1.06000      0.00000      1.00000
      0.00000      1.06200      0.00000      1.00000
      0.00000      1.06400      0.00000      1.00000
      0.00000      1.06600      0.00000      1.00000
      0.00000      1.06800      0.00000      1.00000
      0.00000      1.07000      0.00000      1.00000
      0.00000      1.07200      0.00000      1.00000
      0.00000      1.07400      0.00000      1.00000
      0.00000      1.07600      0.00000      1.00000
      0.00000      1.07800      0.00000      1.00000
      0.00000      1.08000      0.00000      1.00000
      0.00000      1.08200      0.00000      1.00000
      0.00000      1.08400      0.00000      1.00000
      0.00000      1.08600      0.00000      1.00000
      0.00000      1.08800      0.00000      1.00000
      0.00000      1.09000      0.00000      1.00000
      0.00000      1.09200      0.00000      1.00000
      0.00000      1.09400      0.00000      1.00000
      0.00000      1.09600      0.00000      1.00000
      0.00000      1.09800      0.00000      1.00000
      0.00000      1.10000      0.00000      1.00000
      0.00000      1.10200      0.00000      1.00000
      0.00000      1.10400      0.00000      1.00000
      0.00000      1.10600      0.00000      1.00000
      0.00000      1.10800      0.00000      1.00000
      0.00000      1.11000      0.00000      1.00000
      0.00000      1.11200      0.00000      1.00000
      0.00000      1.11400      0.00000      1.00000
      0.00000      1.11600      0.00000      1.00000
