optics none  0.30  1.20  0.5  69813.0  1 1 0
M1		mirror	6060.694	0.0     	643.89	304	-1.637	0.0 0.0	0.0			0.0	0.0		0.0	0.0	0.0	0.0	0.0 0.0 0.0 0.0 0.0 0.0 none	air none
M2		mirror	6060.694	1766.489684033	304	0.0	-35.782	0.0 0.0	0.0			0.0	2.97378e-19 	0.0	0.0	0.0	0.0	0.0 0.0 0.0 0.0 0.0 0.0 none	air none
corrector1	lens	0.0 		-1781.67265697	118.11	0.0	0.0 0.0	0.0	1.546893891493e-12	0.0	0.0		0.0	0.0	0.0	0.0	0.0 0.0 0.0 0.0 0.0 0.0 none	silica_dispersion.txt none
corrector2	lens	0.0		-4.572	 	118.11	0.0	0.0	0.0 0.0	1.747817592938e-12	0.0	0.0		0.0	0.0	0.0	0.0	0.0 0.0 0.0 0.0 0.0 0.0 none	air	none
filter1		filter	0.0		-317.353827063	76.2	0.0	0.0 0.0	0.0	0.0			0.0	0.0		0.0	0.0	0.0	0.0	0.0 0.0 0.0 0.0 0.0 0.0 none	silica_dispersion.txt none
filter2		filter	0.0		-9.906		76.2	0.0	0.0	0.0 0.0	0.0			0.0	0.0		0.0	0.0	0.0	0.0	0.0 0.0 0.0 0.0 0.0 0.0 none	air	none
window1		lens	0.0		-34.925		50.8	0.0	0.0	0.0 0.0	0.0			0.0	0.0		0.0	0.0	0.0	0.0	0.0 0.0 0.0 0.0 0.0 0.0 none	silica_dispersion.txt none
window2		lens	0.0		-16.51		50.8	0.0	0.0	0.0 0.0	0.0			0.0	0.0		0.0	0.0	0.0	0.0	0.0 0.0 0.0 0.0 0.0 0.0 none	air none
det		det	0.0		-13.89		1	0.0	0.0	0.0	0.0 0.0			0.0	0.0		0.0	0.0	0.0	0.0	0.0 0.0 0.0 0.0 0.0 0.0 none	air none
