0.3250	1.544915851089         6.071419e-08
0.3330	1.542888557847         5.471955e-08
0.3409	1.541020900089         3.572884e-08
0.3489	1.539295855190         1.617055e-08
0.3569	1.537698656584         9.766545e-09
0.3648	1.536216437438         7.024486e-09
0.3728	1.534837939302         5.948469e-09
0.3808	1.533553272398         5.787731e-09
0.3888	1.532353717189         2.939629e-09
0.3967	1.531231559220         2.528173e-09
0.4047	1.530179950910         2.578961e-09
0.4127	1.529192795340         2.629748e-09
0.4206	1.528264648058         2.680536e-09
0.4286	1.527390633759         2.731323e-09
0.4366	1.526566375283         2.782111e-09
0.4445	1.525787932864         2.832898e-09
0.4525	1.525051751967         2.883686e-09
0.4605	1.524354618321         2.934473e-09
0.4685	1.523693619045         2.985261e-09
0.4764	1.523066108905         3.036048e-09
0.4844	1.522469680965         3.086835e-09
0.4924	1.521902140951         3.137623e-09
0.5003	1.521361484825         3.188410e-09
0.5083	1.520845879092         3.239198e-09
0.5163	1.520353643476         3.289985e-09
0.5242	1.519883235627         3.340773e-09
0.5322	1.519433237610         3.391560e-09
0.5402	1.519002343920         3.442348e-09
0.5482	1.518589350835         3.493135e-09
0.5561	1.518193146947         3.543923e-09
0.5641	1.517812704704         3.594710e-09
0.5721	1.517447072856         3.645498e-09
0.5800	1.517095369694         3.696285e-09
0.5880	1.516756776973         3.747073e-09
0.5960	1.516430534462         3.797860e-09
0.6039	1.516115935033         3.848648e-09
0.6119	1.515812320225         3.899435e-09
0.6199	1.515519076255         3.950222e-09
0.6278	1.515235630387         4.001010e-09
0.6358	1.514961447663         4.051797e-09
0.6438	1.514696027919         4.102585e-09
0.6518	1.514438903090         4.153372e-09
0.6597	1.514189634745         4.204160e-09
0.6677	1.513947811848         4.254947e-09
0.6757	1.513713048713         4.305735e-09
0.6836	1.513484983137         4.356522e-09
0.6916	1.513263274694         4.407310e-09
0.6996	1.513047603167         4.458097e-09
0.7075	1.512837667120         4.508885e-09
0.7155	1.512633182578         4.559672e-09
0.7235	1.512433881823         4.610460e-09
0.7315	1.512239512277         4.661247e-09
0.7394	1.512049835486         4.712035e-09
0.7474	1.511864626168         4.762822e-09
0.7554	1.511683671353         4.813609e-09
0.7633	1.511506769571         4.864397e-09
0.7713	1.511333730116         4.915184e-09
0.7793	1.511164372354         4.965972e-09
0.7872	1.510998525093         5.016759e-09
0.7952	1.510836025986         5.067547e-09
0.8032	1.510676720992         5.118334e-09
0.8112	1.510520463865         5.169122e-09
0.8191	1.510367115680         5.219909e-09
0.8271	1.510216544400         5.270697e-09
0.8351	1.510068624465         5.321484e-09
0.8430	1.509923236411         5.372272e-09
0.8510	1.509780266520         5.423059e-09
0.8590	1.509639606486         5.473847e-09
0.8669	1.509501153109         5.524634e-09
0.8749	1.509364808005         5.575422e-09
0.8829	1.509230477340         5.626209e-09
0.8908	1.509098071578         5.676996e-09
0.8988	1.508967505242         5.727784e-09
0.9068	1.508838696699         5.778571e-09
0.9148	1.508711567950         5.829359e-09
0.9227	1.508586044436         5.880146e-09
0.9307	1.508462054860         5.930934e-09
0.9387	1.508339531011         5.981721e-09
0.9466	1.508218407609         6.032509e-09
0.9546	1.508098622152         6.083296e-09
0.9626	1.507980114774         6.134084e-09
0.9705	1.507862828113         6.184871e-09
0.9785	1.507746707186         6.235659e-09
0.9865	1.507631699268         6.286446e-09
0.9945	1.507517753785         6.337234e-09
1.0024	1.507404822206         6.388021e-09
1.0104	1.507292857944         6.438809e-09
1.0184	1.507181816266         6.489596e-09
1.0263	1.507071654200         6.540383e-09
1.0343	1.506962330456         6.591171e-09
1.0423	1.506853805343         6.641958e-09
1.0502	1.506746040698         6.692746e-09
1.0582	1.506638999815         6.743533e-09
1.0662	1.506532647376         7.825391e-09
1.0742	1.506426949391         9.223559e-09
1.0821	1.506321873137         1.064214e-08
1.0901	1.506217387099         1.208113e-08
1.0981	1.506113460920         1.354056e-08
1.1060	1.506010065349         1.502044e-08
1.1140	1.505907172189         1.652077e-08
