0.3340	1.588342434694         4.888462e-07
0.3541	1.582878598466         1.728286e-07
0.3742	1.578401384749         6.557008e-08
0.3943	1.574676224690         2.879213e-08
0.4144	1.571536211187         2.169169e-08
0.4346	1.568859371886         1.828001e-08
0.4547	1.566554563536         1.547035e-08
0.4748	1.564552376734         1.234114e-08
0.4949	1.562799081437         8.892863e-09
0.5150	1.561252486100         6.972936e-09
0.5351	1.559879038808         5.529889e-09
0.5552	1.558651756270         4.882484e-09
0.5753	1.557548717540         6.903260e-09
0.5954	1.556551950925         9.053716e-09
0.6156	1.555646599677         9.806681e-09
0.6357	1.554820288553         1.012708e-08
0.6558	1.554062637259         1.044748e-08
0.6759	1.553364882743         1.076788e-08
0.6960	1.552719583104         1.108828e-08
0.7161	1.552120383409         1.048880e-08
0.7362	1.551561828931         9.603066e-09
0.7563	1.551039215059         8.653097e-09
0.7764	1.550548465819         7.638907e-09
0.7966	1.550086034897         6.560518e-09
0.8167	1.549648824486         7.586391e-09
0.8368	1.549234118371         9.114083e-09
0.8569	1.548839526435         1.070651e-08
0.8770	1.548462938410         1.236368e-08
0.8971	1.548102485144         1.408562e-08
0.9172	1.547756506003         1.461266e-08
0.9373	1.547423521329         1.493306e-08
0.9574	1.547102209068         1.525346e-08
0.9776	1.546791384851         1.557386e-08
0.9977	1.546489984970         1.589426e-08
1.0178	1.546197051763         1.693606e-08
1.0379	1.545911721030         1.810301e-08
1.0580	1.545633211161         1.930230e-08
1.0781	1.545360813718         2.053393e-08
1.0982	1.545093885241         2.179792e-08
1.1183	1.544831840117         2.309425e-08
1.1384	1.544574144339         2.442295e-08
1.1586	1.544320310036         2.578401e-08
1.1787	1.544069890676         2.717745e-08
1.1988	1.543822476833         2.860325e-08
1.2189	1.543577692454         3.465712e-08
1.2390	1.543335191557         4.120070e-08
1.2591	1.543094655299         4.794182e-08
1.2792	1.542855789378         5.488067e-08
1.2993	1.542618321716         6.201742e-08
1.3194	1.542382000390         6.935225e-08
1.3396	1.542146591786         7.688536e-08
1.3597	1.541911878948         8.461691e-08
1.3798	1.541677660094         9.254709e-08
1.3999	1.541443747281         1.006761e-07
1.4200	1.541209965209         9.988013e-08
1.4401	1.540976150140         9.896974e-08
1.4602	1.540742148920         9.799489e-08
1.4803	1.540507818099         9.695561e-08
1.5004	1.540273023132         9.585190e-08
1.5206	1.540037637653         9.468380e-08
1.5407	1.539801542817         9.345131e-08
1.5608	1.539564626706         9.215447e-08
1.5809	1.539326783779         9.079328e-08
1.6010	1.539087914379         9.007345e-08
1.6211	1.538847924276         1.029680e-07
1.6412	1.538606724259         1.161652e-07
1.6613	1.538364229750         1.296656e-07
1.6814	1.538120360462         1.434696e-07
1.7016	1.537875040078         1.575775e-07
1.7217	1.537628195957         1.719899e-07
1.7418	1.537379758871         1.867071e-07
1.7619	1.537129662749         2.017295e-07
1.7820	1.536877844458         2.170577e-07
1.8021	1.536624243587         2.438248e-07
1.8222	1.536368802254         3.676789e-07
1.8423	1.536111464928         4.952385e-07
1.8624	1.535852178265         6.265551e-07
1.8826	1.535590890948         7.616813e-07
1.9027	1.535327553553         9.006713e-07
1.9228	1.535062118410         1.043580e-06
1.9429	1.534794539486         1.190465e-06
1.9630	1.534524772267         1.341384e-06
1.9831	1.534252773655         1.496395e-06
2.0032	1.533978501868         1.655561e-06
2.0233	1.533701916347         1.818944e-06
2.0434	1.533422977675         1.986608e-06
2.0636	1.533141647491         2.158618e-06
2.0837	1.532857888418         2.335043e-06
2.1038	1.532571663996         2.515952e-06
2.1239	1.532282938610         2.701415e-06
2.1440	1.531991677436         2.891507e-06
2.1641	1.531697846377         3.086301e-06
2.1842	1.531401412015         3.285876e-06
2.2043	1.531102341555         3.490310e-06
2.2244	1.530800602781         3.699685e-06
2.2446	1.530496164011         3.914085e-06
2.2647	1.530188994053         4.133597e-06
2.2848	1.529879062165         4.358308e-06
2.3049	1.529566338021         4.588310e-06
2.3250	1.529250791671         4.823698e-06
