0.3340	1.588358244574         4.888462e-07
0.3541	1.582897266206         1.728286e-07
0.3742	1.578420300626         6.557008e-08
0.3943	1.574694439138         2.879213e-08
0.4144	1.571553482851         2.169169e-08
0.4346	1.568875749676         1.828001e-08
0.4547	1.566570200800         1.547035e-08
0.4748	1.564567449604         1.234114e-08
0.4949	1.562813754810         8.892863e-09
0.5150	1.561266901423         6.972936e-09
0.5351	1.559893311678         5.529889e-09
0.5552	1.558665978158         4.882484e-09
0.5753	1.557562959007         6.903260e-09
0.5954	1.556566265123         9.053716e-09
0.6156	1.555661025596         9.806681e-09
0.6357	1.554834853849         1.012708e-08
0.6558	1.554077360625         1.044748e-08
0.6759	1.553379775842         1.076788e-08
0.6960	1.552734652136         1.108828e-08
0.7161	1.552135630362         1.048880e-08
0.7362	1.551577252582         9.603066e-09
0.7563	1.551054811759         8.653097e-09
0.7764	1.550564230121         7.638907e-09
0.7966	1.550101960047         6.560518e-09
0.8167	1.549664902810         7.586391e-09
0.8368	1.549250341576         9.114083e-09
0.8569	1.548855885848         1.070651e-08
0.8770	1.548479425163         1.236368e-08
0.8971	1.548119090313         1.408562e-08
0.9172	1.547773220722         1.461266e-08
0.9373	1.547440336875         1.493306e-08
0.9574	1.547119116919         1.525346e-08
0.9776	1.546808376739         1.557386e-08
0.9977	1.546507052915         1.589426e-08
1.0178	1.546214188097         1.693606e-08
1.0379	1.545928918414         1.810301e-08
1.0580	1.545650462599         1.930230e-08
1.0781	1.545378112558         2.053393e-08
1.0982	1.545111225184         2.179792e-08
1.1183	1.544849215214         2.309425e-08
1.1384	1.544591548986         2.442295e-08
1.1586	1.544337738978         2.578401e-08
1.1787	1.544087338995         2.717745e-08
1.1988	1.543839939947         2.860325e-08
1.2189	1.543595166110         3.465712e-08
1.2390	1.543352671824         4.120070e-08
1.2591	1.543112138563         4.794182e-08
1.2792	1.542873272337         5.488067e-08
1.2993	1.542635801370         6.201742e-08
1.3194	1.542399474037         6.935225e-08
1.3396	1.542164057020         7.688536e-08
1.3597	1.541929333648         8.461691e-08
1.3798	1.541695102421         9.254709e-08
1.3999	1.541461175675         1.006761e-07
1.4200	1.541227378383         9.988013e-08
1.4401	1.540993547075         9.896974e-08
1.4602	1.540759528863         9.799489e-08
1.4803	1.540525180560         9.695561e-08
1.5004	1.540290367879         9.585190e-08
1.5206	1.540054964710         9.468380e-08
1.5407	1.539818852464         9.345131e-08
1.5608	1.539581919473         9.215447e-08
1.5809	1.539344060447         9.079328e-08
1.6010	1.539105175976         9.007345e-08
1.6211	1.538865172080         1.029680e-07
1.6412	1.538623959792         1.161652e-07
1.6613	1.538381454782         1.296656e-07
1.6814	1.538137577007         1.434696e-07
1.7016	1.537892250395         1.575775e-07
1.7217	1.537645402552         1.719899e-07
1.7418	1.537396964494         1.867071e-07
1.7619	1.537146870398         2.017295e-07
1.7820	1.536895057375         2.170577e-07
1.8021	1.536641465264         2.438248e-07
1.8222	1.536386036431         3.676789e-07
1.8423	1.536128715596         4.952385e-07
1.8624	1.535869449665         6.265551e-07
1.8826	1.535608187575         7.616813e-07
1.9027	1.535344880157         9.006713e-07
1.9228	1.535079479999         1.043580e-06
1.9429	1.534811941325         1.190465e-06
1.9630	1.534542219885         1.341384e-06
1.9831	1.534270272842         1.496395e-06
2.0032	1.533996058683         1.655561e-06
2.0233	1.533719537117         1.818944e-06
2.0434	1.533440668999         1.986608e-06
2.0636	1.533159416243         2.158618e-06
2.0837	1.532875741751         2.335043e-06
2.1038	1.532589609343         2.515952e-06
2.1239	1.532300983691         2.701415e-06
2.1440	1.532009830257         2.891507e-06
2.1641	1.531716115238         3.086301e-06
2.1842	1.531419805510         3.285876e-06
2.2043	1.531120868580         3.490310e-06
2.2244	1.530819272535         3.699685e-06
2.2446	1.530514986001         3.914085e-06
2.2647	1.530207978097         4.133597e-06
2.2848	1.529898218400         4.358308e-06
2.3049	1.529585676904         4.588310e-06
2.3250	1.529270323986         4.823698e-06
