0.3650	1.580345728558         0.000000e+00
0.3812	1.577027087993         0.000000e+00
0.3974	1.574154274540         0.000000e+00
0.4136	1.571647200616         0.000000e+00
0.4299	1.569443399371         0.000000e+00
0.4461	1.567493460956         0.000000e+00
0.4623	1.565757818427         0.000000e+00
0.4785	1.564204437762         0.000000e+00
0.4947	1.562807127809         0.000000e+00
0.5109	1.561544284064         0.000000e+00
0.5271	1.560397941616         0.000000e+00
0.5433	1.559353052039         0.000000e+00
0.5596	1.558396924861         0.000000e+00
0.5758	1.557518791621         0.000000e+00
0.5920	1.556709462313         0.000000e+00
0.6082	1.555961052255         0.000000e+00
0.6244	1.555266763161         0.000000e+00
0.6406	1.554620706344         0.000000e+00
0.6568	1.554017758936         0.000000e+00
0.6730	1.553453446198         0.000000e+00
0.6893	1.552923844590         0.000000e+00
0.7055	1.552425501489         0.000000e+00
0.7217	1.551955368346         0.000000e+00
0.7379	1.551510744729         0.000000e+00
0.7541	1.551089231281         0.000000e+00
0.7703	1.550688689982         0.000000e+00
0.7865	1.550307210431         0.000000e+00
0.8028	1.549943081143         0.000000e+00
0.8190	1.549594764999         0.000000e+00
0.8352	1.549260878178         0.000000e+00
0.8514	1.548940172029         0.000000e+00
0.8676	1.548631517393         0.000000e+00
0.8838	1.548333891031         0.000000e+00
0.9000	1.548046363817         0.000000e+00
0.9162	1.547768090447         0.000000e+00
0.9325	1.547498300449         0.000000e+00
0.9487	1.547236290292         0.000000e+00
0.9649	1.546981416462         0.000000e+00
0.9811	1.546733089359         0.000000e+00
0.9973	1.546490767906         0.000000e+00
1.0135	1.546253954784         0.000000e+00
1.0297	1.546022192198         0.000000e+00
1.0460	1.545795058125         0.000000e+00
1.0622	1.545572162960         0.000000e+00
1.0784	1.545353146533         0.000000e+00
1.0946	1.545137675440         0.000000e+00
1.1108	1.544925440649         0.000000e+00
1.1270	1.544716155355         0.000000e+00
1.1432	1.544509553054         0.000000e+00
1.1594	1.544305385806         0.000000e+00
1.1757	1.544103422668         0.000000e+00
1.1919	1.543903448285         0.000000e+00
1.2081	1.543705261609         0.000000e+00
1.2243	1.543508674741         0.000000e+00
1.2405	1.543313511882         0.000000e+00
1.2567	1.543119608380         0.000000e+00
1.2729	1.542926809859         0.000000e+00
1.2891	1.542734971435         0.000000e+00
1.3054	1.542543956990         0.000000e+00
1.3216	1.542353638518         0.000000e+00
1.3378	1.542163895522         0.000000e+00
1.3540	1.541974614465         0.000000e+00
1.3702	1.541785688265         0.000000e+00
1.3864	1.541597015835         0.000000e+00
1.4026	1.541408501655         0.000000e+00
1.4189	1.541220055384         0.000000e+00
1.4351	1.541031591504         0.000000e+00
1.4513	1.540843028982         0.000000e+00
1.4675	1.540654290973         0.000000e+00
1.4837	1.540465304535         0.000000e+00
1.4999	1.540276000367         0.000000e+00
1.5161	1.540086312574         0.000000e+00
1.5323	1.539896178442         0.000000e+00
1.5486	1.539705538230         0.000000e+00
1.5648	1.539514334984         0.000000e+00
1.5810	1.539322514356         0.000000e+00
1.5972	1.539130024440         0.000000e+00
1.6134	1.538936815623         0.000000e+00
1.6296	1.538742840437         0.000000e+00
1.6458	1.538548053432         0.000000e+00
1.6621	1.538352411049         0.000000e+00
1.6783	1.538155871507         0.000000e+00
1.6945	1.537958394697         0.000000e+00
1.7107	1.537759942078         0.000000e+00
1.7269	1.537560476590         0.000000e+00
1.7431	1.537359962559         0.000000e+00
1.7593	1.537158365621         0.000000e+00
1.7755	1.536955652643         0.000000e+00
1.7918	1.536751791653         0.000000e+00
1.8080	1.536546751770         0.000000e+00
1.8242	1.536340503143         0.000000e+00
1.8404	1.536133016893         0.000000e+00
1.8566	1.535924265055         0.000000e+00
1.8728	1.535714220527         0.000000e+00
1.8890	1.535502857019         0.000000e+00
1.9052	1.535290149012         0.000000e+00
1.9215	1.535076071707         0.000000e+00
1.9377	1.534860600990         0.000000e+00
1.9539	1.534643713392         0.000000e+00
1.9701	1.534425386050         0.000000e+00
