0.3000	1.552244769751         2.795993e-06
0.3212	1.545570656088         6.241979e-07
0.3424	1.540284746778         1.489995e-07
0.3636	1.536010899781         3.919806e-08
0.3848	1.532495631863         2.020494e-08
0.4061	1.529561901208         1.069084e-08
0.4273	1.527082419166         1.486939e-08
0.4485	1.524963437765         1.788941e-08
0.4697	1.523134488407         1.691463e-08
0.4909	1.521541662559         1.565746e-08
0.5121	1.520143083594         1.435064e-08
0.5333	1.518905779131         1.133280e-08
0.5545	1.517803473937         9.236701e-09
0.5758	1.516815002846         1.153827e-08
0.5970	1.515923150304         1.398425e-08
0.6182	1.515113789061         1.478019e-08
0.6394	1.514375232261         1.528735e-08
0.6606	1.513697740046         1.467617e-08
0.6818	1.513073139648         1.283965e-08
0.7030	1.512494529854         1.120028e-08
0.7242	1.511956048947         1.153822e-08
0.7455	1.511452690908         1.187616e-08
0.7667	1.510980158673         1.221410e-08
0.7879	1.510534746084         1.255204e-08
0.8091	1.510113242280         1.347650e-08
0.8303	1.509712853744         1.523446e-08
0.8515	1.509331140361         1.706449e-08
0.8727	1.508965962670         1.896663e-08
0.8939	1.508615438111         2.094089e-08
0.9152	1.508277904552         2.298729e-08
0.9364	1.507951889740         2.510586e-08
0.9576	1.507636085584         2.729663e-08
0.9788	1.507329326436         2.955960e-08
1.0000	1.507030570647         3.189482e-08
1.0212	1.506738884867         3.343679e-08
1.0424	1.506453430608         3.501481e-08
1.0636	1.506173452723         3.662888e-08
1.0848	1.505898269485         3.827900e-08
1.1061	1.505627264014         3.996519e-08
1.1273	1.505359876852         4.168745e-08
1.1485	1.505095599509         4.344579e-08
1.1697	1.504833968842         4.524020e-08
1.1909	1.504574562136         4.707070e-08
1.2121	1.504316992803         5.599065e-08
1.2333	1.504060906597         7.059090e-08
1.2545	1.503805978283         8.567892e-08
1.2758	1.503551908703         1.012557e-07
1.2970	1.503298422171         1.173224e-07
1.3182	1.503045264172         1.338799e-07
1.3394	1.502792199315         1.509294e-07
1.3606	1.502539009510         1.684718e-07
1.3818	1.502285492343         1.865082e-07
1.4030	1.502031459623         2.012497e-07
1.4242	1.501776736087         1.932824e-07
1.4455	1.501521158229         1.849979e-07
1.4667	1.501264573254         1.763967e-07
1.4879	1.501006838139         1.674794e-07
1.5091	1.500747818780         1.582463e-07
1.5303	1.500487389227         1.486979e-07
1.5515	1.500225430990         1.388347e-07
1.5727	1.499961832414         1.286571e-07
1.5939	1.499696488105         1.181655e-07
1.6152	1.499429298419         1.270130e-07
1.6364	1.499160168987         1.440331e-07
1.6576	1.498889010289         1.614695e-07
1.6788	1.498615737264         1.793231e-07
1.7000	1.498340268954         1.975945e-07
1.7212	1.498062528176         2.162846e-07
1.7424	1.497782441227         2.353940e-07
1.7636	1.497499937608         2.549236e-07
1.7848	1.497214949774         2.748740e-07
1.8061	1.496927412905         2.988031e-07
1.8273	1.496637264693         3.322612e-07
1.8485	1.496344445147         3.664771e-07
1.8697	1.496048896411         4.014533e-07
1.8909	1.495750562602         4.371923e-07
1.9121	1.495449389655         4.736963e-07
1.9333	1.495145325179         5.109679e-07
1.9545	1.494838318330         5.490097e-07
1.9758	1.494528319683         5.878239e-07
1.9970	1.494215281126         6.274132e-07
2.0182	1.493899155748         7.234294e-07
2.0394	1.493579897748         8.312732e-07
2.0606	1.493257462340         9.418317e-07
2.0818	1.492931805666         1.055132e-06
2.1030	1.492602884724         1.171203e-06
2.1242	1.492270657287         1.290072e-06
2.1455	1.491935081839         1.411768e-06
2.1667	1.491596117505         1.536320e-06
2.1879	1.491253723996         1.663759e-06
2.2091	1.490907861549         1.794115e-06
2.2303	1.490558490871         1.927419e-06
2.2515	1.490205573096         2.063702e-06
2.2727	1.489849069729         2.202997e-06
2.2939	1.489488942607         2.345336e-06
2.3152	1.489125153855         2.490752e-06
2.3364	1.488757665847         2.639280e-06
2.3576	1.488386441165         2.790955e-06
2.3788	1.488011442568         2.945810e-06
2.4000	1.487632632954         3.103883e-06
