optics g	0.32  1.02  0.38  108238.124  1 1 0
M	mirror	10591.117	-0.0		1251.94			0.0	-1.459365	0.0 0.0	0.0	-7.67e-22	0.0	   6.048e-29	0.0		0.0		0.0	        0.0 0.0 0.0 0.0 0.0 0.0 mirrorsub2.txt  	air none
C1	lens	1223.842	3593.96		485.0895		0.0	0.0		0.0 0.0	0.0		0.0	0.0		0.0	0.0		0.0		0.0		0.0 0.0 0.0 0.0 0.0 0.0 none			silica_dispersion.txt none
C1E	lens	3005.820	90.000		485.0895		0.0	0.0		0.0 0.0	0.0		0.0	0.0		0.0	0.0		0.0		0.0		0.0 0.0 0.0 0.0 0.0 0.0 none			vacuum none
C2	lens	5584.229	459.961	      	333.577		0.0	0.0		0.0 0.0	0.0		0.0	0.0 		0.0	0.0		0.0		0.0		0.0 0.0 0.0 0.0 0.0 0.0 none			silica_dispersion.txt none
C2E	lens	705.454		40.000		309.882			0.0	0.0		0.0  3.137e-10  0.0   5.436e-16 0.0        1.134e-21	0.0             0.0	 	0.0		0.0 0.0 0.0 0.0 0.0 0.0 none			vacuum none
C3	lens	940.252		87.489		310.00			0.0	0.0		0.0 0.0	0.0		0.0	0.0		0.0	0.0		0.0		0.0		0.0 0.0 0.0 0.0 0.0 0.0 none			BSL7Y.txt none
C3E	lens	579.170		35.000		310.00			0.0	0.0		0.0 0.0	0.0		0.0	0.0		0.0	0.0		0.0		0.0		0.0 0.0 0.0 0.0 0.0 0.0 none			vacuum none
ADC1	lens	764.734		97.000		295.00			0.0	-0.071		0.0	0.0 0.0		0.0	0.0		0.0	0.0		0.0		0.0		0.0 0.0 0.0 0.0 0.0 0.0 none			silica_dispersion.txt none
ADC1E	lens	560.467		35.000		295.00			0.0	0.0		0.0 0.0	0.0		0.0	0.0		0.0	0.0		0.0		0.0		0.0 0.0 0.0 0.0 0.0 0.0 none			vacuum none
ADC2	lens	756.184		50.000		290.00			0.0	0.0		0.0 0.0	0.0		0.0	0.0		0.0	0.0		0.0		0.0		0.0 0.0 0.0 0.0 0.0 0.0 none			silica_dispersion.txt none
ADC2E	lens	1292.763	50.000		290.00			0.0	0.0		0.0 0.0	0.0		0.0	0.0		0.0	0.0		0.0		0.0		0.0 0.0 0.0 0.0 0.0 0.0 none			vacuum none
C4	lens	833.635		555.057		240.46			0.0	0.0		0.0 0.0	0.0		0.0	0.0		0.0	0.0		0.0		0.0		0.0 0.0 0.0 0.0 0.0 0.0 none			silica_dispersion.txt none
C4E	lens	2666.242	70.00		237.31			0.0	0.0		0.0 0.0	0.0		0.0	0.0		0.0	0.0		0.0		0.0		0.0 0.0 0.0 0.0 0.0 0.0 none			vacuum none
F	filter	0		165.095		194.98			0.0	0.0		0.0 0.0	0.0		0.0	0.0		0.0	0.0		0.0		0.0		0.0 0.0 0.0 0.0 0.0 0.0 filter_1.txt	        silica_dispersion.txt none
FE	filter	0		20.000		191.75			0.0	0.0		0.0 0.0	0.0		0.0	0.0		0.0	0.0		0.0		0.0		0.0 0.0 0.0 0.0 0.0 0.0 none			vacuum none
C5	lens	-627.082	80.000		178.68			0.0	0.0		0.0 -2.292e-9   0.0	1.281e-13  0.0	  -2.935e-18	0.0		2.92e-23	0.0		0.0 0.0 0.0 0.0 0.0 0.0 none			silica_dispersion.txt none
C5E	lens	-498.726	50.000		176.167			0.0	0.0		0.0 0.0	0.0		0.0	0.0		0.0	0.0		0.0		0.0		0.0 0.0 0.0 0.0 0.0 0.0 none			vacuum none
D	det	0		15.000		162.661			0.0	0.0		0.0 0.0	0.0		0.0	0.0		0.0	0.0		0.0		0.0		0.0 0.0 0.0 0.0 0.0 0.0 detectorar.txt		vacuum none
