#
# (a): device name
# (b): number of amplifiers
# (c): pixels x
# (d): pixels y
#
# (1): amplifier name
# (2-5): x low, x high, y low, y high
# (6): serialread
# (7): parallelread
# (8-9): gain, % variation
# (10-11): bias level, % variation
# (12-13): readnoise , % variation
# (14-15): dark current, % variation
# (16-19): parallel prescan, serial overscan, serial prescan, parallel overscan (pixel)
# (20): hot pixel rate
# (21): hot column rate
# (22): data bit (16: unsigned short; 32: unsigned long)
# (23-): crosstalk
#
wcam01           16     9217        9233   0 0 0 0 0 0
wcam01_ch1        0     4608  0     1154   1  1 1.7   3   10   2   7   3 0.02   0 48 48  0  8    0.00025    0.00025  18         1 0 0 0 0 0 0 0 0 0 0 0 0 0 0 0  0 0 0 0 0 0
wcam01_ch2        0     4608  1155  2308   1  1 1.7   3   90   2   7   3 0.02   0 48 48  0  8    0.00025    0.00025  18      0 1 0 0 0 0 0 0 0 0 0 0 0 0 0 0  0 0 0 0 0 0
wcam01_ch3        0     4608  2309  3462   1  1 1.7   3   100  2   7   3 0.02   0 48 48  0  8    0.00025    0.00025  18     0 0 1 0 0 0 0 0 0 0 0 0 0 0 0 0  0 0 0 0 0 0
wcam01_ch4        0     4608  3463  4616   1  1 1.7   3   70   2   7   3 0.02   0 48 48  0  8    0.00025    0.00025  18      0 0 0 1 0 0 0 0 0 0 0 0 0 0 0 0  0 0 0 0 0 0
wcam01_ch5        0     4608  4617  5770   1  1 1.7   3   80   2   7   3 0.02   0 48 48  0  8    0.00025    0.00025  18      0 0 0 0 1 0 0 0 0 0 0 0 0 0 0 0  0 0 0 0 0 0
wcam01_ch6        0     4608  5771  6924   1  1 1.7   3   90   2   7   3 0.02   0 48 48  0  8    0.00025    0.00025  18      0 0 0 0 0 1 0 0 0 0 0 0 0 0 0 0  0 0 0 0 0 0
wcam01_ch7        0     4608  6925  8078   1  1 1.7   3   70   2   7   3 0.02   0 48 48  0  8    0.00025    0.00025  18      0 0 0 0 0 0 1 0 0 0 0 0 0 0 0 0  0 0 0 0 0 0
wcam01_ch8        0     4608  8079  9232   1  1 1.7   3   75   2   7   3 0.02   0 48 48  0  8    0.00025    0.00025  18      0 0 0 0 0 0 0 1 0 0 0 0 0 0 0 0  0 0 0 0 0 0
wcam01_ch9        4609  9216  0     1154  -1  1 1.7   3   10   2   7   3 0.02   0 48 48  0  8    0.00025    0.00025  18      0 0 0 0 0 0 0 0 1 0 0 0 0 0 0 0  0 0 0 0 0 0
wcam01_ch10       4609  9216  1155  2308  -1  1 1.7   3   90   2   7   3 0.02   0 48 48  0  8    0.00025    0.00025  18  0 0 0 0 0 0 0 0 0 1 0 0 0 0 0 0  0 0 0 0 0 0
wcam01_ch11       4609  9216  2309  3462  -1  1 1.7   3   100  2   7   3 0.02   0 48 48  0  8    0.00025    0.00025  18 0 0 0 0 0 0 0 0 0 0 1 0 0 0 0 0  0 0 0 0 0 0
wcam01_ch12       4609  9216  3463  4616  -1  1 1.7   3   76   2   7   3 0.02   0 48 48  0  8    0.00025    0.00025  18  0 0 0 0 0 0 0 0 0 0 0 1 0 0 0 0  0 0 0 0 0 0
wcam01_ch13       4609  9216  4617  5770  -1  1 1.7   3   78   2   7   3 0.02   0 48 48  0  8    0.00025    0.00025  18  0 0 0 0 0 0 0 0 0 0 0 0 1 0 0 0  0 0 0 0 0 0
wcam01_ch14       4609  9216  5771  6924  -1  1 1.7   3   90   2   7   3 0.02   0 48 48  0  8    0.00025    0.00025  18  0 0 0 0 0 0 0 0 0 0 0 0 0 1 0 0  0 0 0 0 0 0
wcam01_ch15       4609  9216  6924  8078  -1  1 1.7   3   100  2   7   3 0.02   0 48 48  0  8    0.00025    0.00025  18 0 0 0 0 0 0 0 0 0 0 0 0 0 0 1 0  0 0 0 0 0 0
wcam01_ch16       4609  9216  8079  9232  -1  1 1.7   3   80   2   7   3 0.02   0 48 48  0  8    0.00025    0.00025  18  0 0 0 0 0 0 0 0 0 0 0 0 0 0 0 1  0 0 0 0 0 0
wcam02           16     9217        9233   0 0 0 0 0 0
wcam02_ch1        0     4608  0     1154   1  1 1.7   3   10   2   7   3 0.02   0 48 48  0  8    0.00025    0.00025  18         1 0 0 0 0 0 0 0 0 0 0 0 0 0 0 0  0 0 0 0 0 0
wcam02_ch2        0     4608  1155  2308   1  1 1.7   3   90   2   7   3 0.02   0 48 48  0  8    0.00025    0.00025  18      0 1 0 0 0 0 0 0 0 0 0 0 0 0 0 0  0 0 0 0 0 0
wcam02_ch3        0     4608  2309  3462   1  1 1.7   3   100  2   7   3 0.02   0 48 48  0  8    0.00025    0.00025  18     0 0 1 0 0 0 0 0 0 0 0 0 0 0 0 0  0 0 0 0 0 0
wcam02_ch4        0     4608  3463  4616   1  1 1.7   3   70   2   7   3 0.02   0 48 48  0  8    0.00025    0.00025  18      0 0 0 1 0 0 0 0 0 0 0 0 0 0 0 0  0 0 0 0 0 0
wcam02_ch5        0     4608  4617  5770   1  1 1.7   3   80   2   7   3 0.02   0 48 48  0  8    0.00025    0.00025  18      0 0 0 0 1 0 0 0 0 0 0 0 0 0 0 0  0 0 0 0 0 0
wcam02_ch6        0     4608  5771  6924   1  1 1.7   3   90   2   7   3 0.02   0 48 48  0  8    0.00025    0.00025  18      0 0 0 0 0 1 0 0 0 0 0 0 0 0 0 0  0 0 0 0 0 0
wcam02_ch7        0     4608  6925  8078   1  1 1.7   3   70   2   7   3 0.02   0 48 48  0  8    0.00025    0.00025  18      0 0 0 0 0 0 1 0 0 0 0 0 0 0 0 0  0 0 0 0 0 0
wcam02_ch8        0     4608  8079  9232   1  1 1.7   3   75   2   7   3 0.02   0 48 48  0  8    0.00025    0.00025  18      0 0 0 0 0 0 0 1 0 0 0 0 0 0 0 0  0 0 0 0 0 0
wcam02_ch9        4609  9216  0     1154  -1  1 1.7   3   10   2   7   3 0.02   0 48 48  0  8    0.00025    0.00025  18      0 0 0 0 0 0 0 0 1 0 0 0 0 0 0 0  0 0 0 0 0 0
wcam02_ch10       4609  9216  1155  2308  -1  1 1.7   3   90   2   7   3 0.02   0 48 48  0  8    0.00025    0.00025  18  0 0 0 0 0 0 0 0 0 1 0 0 0 0 0 0  0 0 0 0 0 0
wcam02_ch11       4609  9216  2309  3462  -1  1 1.7   3   100  2   7   3 0.02   0 48 48  0  8    0.00025    0.00025  18 0 0 0 0 0 0 0 0 0 0 1 0 0 0 0 0  0 0 0 0 0 0
wcam02_ch12       4609  9216  3463  4616  -1  1 1.7   3   76   2   7   3 0.02   0 48 48  0  8    0.00025    0.00025  18  0 0 0 0 0 0 0 0 0 0 0 1 0 0 0 0  0 0 0 0 0 0
wcam02_ch13       4609  9216  4617  5770  -1  1 1.7   3   78   2   7   3 0.02   0 48 48  0  8    0.00025    0.00025  18  0 0 0 0 0 0 0 0 0 0 0 0 1 0 0 0  0 0 0 0 0 0
wcam02_ch14       4609  9216  5771  6924  -1  1 1.7   3   90   2   7   3 0.02   0 48 48  0  8    0.00025    0.00025  18  0 0 0 0 0 0 0 0 0 0 0 0 0 1 0 0  0 0 0 0 0 0
wcam02_ch15       4609  9216  6924  8078  -1  1 1.7   3   100  2   7   3 0.02   0 48 48  0  8    0.00025    0.00025  18 0 0 0 0 0 0 0 0 0 0 0 0 0 0 1 0  0 0 0 0 0 0
wcam02_ch16       4609  9216  8079  9232  -1  1 1.7   3   80   2   7   3 0.02   0 48 48  0  8    0.00025    0.00025  18  0 0 0 0 0 0 0 0 0 0 0 0 0 0 0 1  0 0 0 0 0 0
wcam03           16     9217        9233   0 0 0 0 0 0
wcam03_ch1        0     4608  0     1154   1  1 1.7   3   10   2   7   3 0.02   0 48 48  0  8    0.00025    0.00025  18         1 0 0 0 0 0 0 0 0 0 0 0 0 0 0 0  0 0 0 0 0 0
wcam03_ch2        0     4608  1155  2308   1  1 1.7   3   90   2   7   3 0.02   0 48 48  0  8    0.00025    0.00025  18      0 1 0 0 0 0 0 0 0 0 0 0 0 0 0 0  0 0 0 0 0 0
wcam03_ch3        0     4608  2309  3462   1  1 1.7   3   100  2   7   3 0.02   0 48 48  0  8    0.00025    0.00025  18     0 0 1 0 0 0 0 0 0 0 0 0 0 0 0 0  0 0 0 0 0 0
wcam03_ch4        0     4608  3463  4616   1  1 1.7   3   70   2   7   3 0.02   0 48 48  0  8    0.00025    0.00025  18      0 0 0 1 0 0 0 0 0 0 0 0 0 0 0 0  0 0 0 0 0 0
wcam03_ch5        0     4608  4617  5770   1  1 1.7   3   80   2   7   3 0.02   0 48 48  0  8    0.00025    0.00025  18      0 0 0 0 1 0 0 0 0 0 0 0 0 0 0 0  0 0 0 0 0 0
wcam03_ch6        0     4608  5771  6924   1  1 1.7   3   90   2   7   3 0.02   0 48 48  0  8    0.00025    0.00025  18      0 0 0 0 0 1 0 0 0 0 0 0 0 0 0 0  0 0 0 0 0 0
wcam03_ch7        0     4608  6925  8078   1  1 1.7   3   70   2   7   3 0.02   0 48 48  0  8    0.00025    0.00025  18      0 0 0 0 0 0 1 0 0 0 0 0 0 0 0 0  0 0 0 0 0 0
wcam03_ch8        0     4608  8079  9232   1  1 1.7   3   75   2   7   3 0.02   0 48 48  0  8    0.00025    0.00025  18      0 0 0 0 0 0 0 1 0 0 0 0 0 0 0 0  0 0 0 0 0 0
wcam03_ch9        4609  9216  0     1154  -1  1 1.7   3   10   2   7   3 0.02   0 48 48  0  8    0.00025    0.00025  18      0 0 0 0 0 0 0 0 1 0 0 0 0 0 0 0  0 0 0 0 0 0
wcam03_ch10       4609  9216  1155  2308  -1  1 1.7   3   90   2   7   3 0.02   0 48 48  0  8    0.00025    0.00025  18  0 0 0 0 0 0 0 0 0 1 0 0 0 0 0 0  0 0 0 0 0 0
wcam03_ch11       4609  9216  2309  3462  -1  1 1.7   3   100  2   7   3 0.02   0 48 48  0  8    0.00025    0.00025  18 0 0 0 0 0 0 0 0 0 0 1 0 0 0 0 0  0 0 0 0 0 0
wcam03_ch12       4609  9216  3463  4616  -1  1 1.7   3   76   2   7   3 0.02   0 48 48  0  8    0.00025    0.00025  18  0 0 0 0 0 0 0 0 0 0 0 1 0 0 0 0  0 0 0 0 0 0
wcam03_ch13       4609  9216  4617  5770  -1  1 1.7   3   78   2   7   3 0.02   0 48 48  0  8    0.00025    0.00025  18  0 0 0 0 0 0 0 0 0 0 0 0 1 0 0 0  0 0 0 0 0 0
wcam03_ch14       4609  9216  5771  6924  -1  1 1.7   3   90   2   7   3 0.02   0 48 48  0  8    0.00025    0.00025  18  0 0 0 0 0 0 0 0 0 0 0 0 0 1 0 0  0 0 0 0 0 0
wcam03_ch15       4609  9216  6924  8078  -1  1 1.7   3   100  2   7   3 0.02   0 48 48  0  8    0.00025    0.00025  18 0 0 0 0 0 0 0 0 0 0 0 0 0 0 1 0  0 0 0 0 0 0
wcam03_ch16       4609  9216  8079  9232  -1  1 1.7   3   80   2   7   3 0.02   0 48 48  0  8    0.00025    0.00025  18  0 0 0 0 0 0 0 0 0 0 0 0 0 0 0 1  0 0 0 0 0 0
wcam04           16     9217        9233   0 0 0 0 0 0
wcam04_ch1        0     4608  0     1154   1  1 1.7   3   10   2   7   3 0.02   0 48 48  0  8    0.00025    0.00025  18         1 0 0 0 0 0 0 0 0 0 0 0 0 0 0 0  0 0 0 0 0 0
wcam04_ch2        0     4608  1155  2308   1  1 1.7   3   90   2   7   3 0.02   0 48 48  0  8    0.00025    0.00025  18      0 1 0 0 0 0 0 0 0 0 0 0 0 0 0 0  0 0 0 0 0 0
wcam04_ch3        0     4608  2309  3462   1  1 1.7   3   100  2   7   3 0.02   0 48 48  0  8    0.00025    0.00025  18     0 0 1 0 0 0 0 0 0 0 0 0 0 0 0 0  0 0 0 0 0 0
wcam04_ch4        0     4608  3463  4616   1  1 1.7   3   70   2   7   3 0.02   0 48 48  0  8    0.00025    0.00025  18      0 0 0 1 0 0 0 0 0 0 0 0 0 0 0 0  0 0 0 0 0 0
wcam04_ch5        0     4608  4617  5770   1  1 1.7   3   80   2   7   3 0.02   0 48 48  0  8    0.00025    0.00025  18      0 0 0 0 1 0 0 0 0 0 0 0 0 0 0 0  0 0 0 0 0 0
wcam04_ch6        0     4608  5771  6924   1  1 1.7   3   90   2   7   3 0.02   0 48 48  0  8    0.00025    0.00025  18      0 0 0 0 0 1 0 0 0 0 0 0 0 0 0 0  0 0 0 0 0 0
wcam04_ch7        0     4608  6925  8078   1  1 1.7   3   70   2   7   3 0.02   0 48 48  0  8    0.00025    0.00025  18      0 0 0 0 0 0 1 0 0 0 0 0 0 0 0 0  0 0 0 0 0 0
wcam04_ch8        0     4608  8079  9232   1  1 1.7   3   75   2   7   3 0.02   0 48 48  0  8    0.00025    0.00025  18      0 0 0 0 0 0 0 1 0 0 0 0 0 0 0 0  0 0 0 0 0 0
wcam04_ch9        4609  9216  0     1154  -1  1 1.7   3   10   2   7   3 0.02   0 48 48  0  8    0.00025    0.00025  18      0 0 0 0 0 0 0 0 1 0 0 0 0 0 0 0  0 0 0 0 0 0
wcam04_ch10       4609  9216  1155  2308  -1  1 1.7   3   90   2   7   3 0.02   0 48 48  0  8    0.00025    0.00025  18  0 0 0 0 0 0 0 0 0 1 0 0 0 0 0 0  0 0 0 0 0 0
wcam04_ch11       4609  9216  2309  3462  -1  1 1.7   3   100  2   7   3 0.02   0 48 48  0  8    0.00025    0.00025  18 0 0 0 0 0 0 0 0 0 0 1 0 0 0 0 0  0 0 0 0 0 0
wcam04_ch12       4609  9216  3463  4616  -1  1 1.7   3   76   2   7   3 0.02   0 48 48  0  8    0.00025    0.00025  18  0 0 0 0 0 0 0 0 0 0 0 1 0 0 0 0  0 0 0 0 0 0
wcam04_ch13       4609  9216  4617  5770  -1  1 1.7   3   78   2   7   3 0.02   0 48 48  0  8    0.00025    0.00025  18  0 0 0 0 0 0 0 0 0 0 0 0 1 0 0 0  0 0 0 0 0 0
wcam04_ch14       4609  9216  5771  6924  -1  1 1.7   3   90   2   7   3 0.02   0 48 48  0  8    0.00025    0.00025  18  0 0 0 0 0 0 0 0 0 0 0 0 0 1 0 0  0 0 0 0 0 0
wcam04_ch15       4609  9216  6924  8078  -1  1 1.7   3   100  2   7   3 0.02   0 48 48  0  8    0.00025    0.00025  18 0 0 0 0 0 0 0 0 0 0 0 0 0 0 1 0  0 0 0 0 0 0
wcam04_ch16       4609  9216  8079  9232  -1  1 1.7   3   80   2   7   3 0.02   0 48 48  0  8    0.00025    0.00025  18  0 0 0 0 0 0 0 0 0 0 0 0 0 0 0 1  0 0 0 0 0 0
wcam05           16     9217        9233   0 0 0 0 0 0
wcam05_ch1        0     4608  0     1154   1  1 1.7   3   10   2   7   3 0.02   0 48 48  0  8    0.00025    0.00025  18         1 0 0 0 0 0 0 0 0 0 0 0 0 0 0 0  0 0 0 0 0 0
wcam05_ch2        0     4608  1155  2308   1  1 1.7   3   90   2   7   3 0.02   0 48 48  0  8    0.00025    0.00025  18      0 1 0 0 0 0 0 0 0 0 0 0 0 0 0 0  0 0 0 0 0 0
wcam05_ch3        0     4608  2309  3462   1  1 1.7   3   100  2   7   3 0.02   0 48 48  0  8    0.00025    0.00025  18     0 0 1 0 0 0 0 0 0 0 0 0 0 0 0 0  0 0 0 0 0 0
wcam05_ch4        0     4608  3463  4616   1  1 1.7   3   70   2   7   3 0.02   0 48 48  0  8    0.00025    0.00025  18      0 0 0 1 0 0 0 0 0 0 0 0 0 0 0 0  0 0 0 0 0 0
wcam05_ch5        0     4608  4617  5770   1  1 1.7   3   80   2   7   3 0.02   0 48 48  0  8    0.00025    0.00025  18      0 0 0 0 1 0 0 0 0 0 0 0 0 0 0 0  0 0 0 0 0 0
wcam05_ch6        0     4608  5771  6924   1  1 1.7   3   90   2   7   3 0.02   0 48 48  0  8    0.00025    0.00025  18      0 0 0 0 0 1 0 0 0 0 0 0 0 0 0 0  0 0 0 0 0 0
wcam05_ch7        0     4608  6925  8078   1  1 1.7   3   70   2   7   3 0.02   0 48 48  0  8    0.00025    0.00025  18      0 0 0 0 0 0 1 0 0 0 0 0 0 0 0 0  0 0 0 0 0 0
wcam05_ch8        0     4608  8079  9232   1  1 1.7   3   75   2   7   3 0.02   0 48 48  0  8    0.00025    0.00025  18      0 0 0 0 0 0 0 1 0 0 0 0 0 0 0 0  0 0 0 0 0 0
wcam05_ch9        4609  9216  0     1154  -1  1 1.7   3   10   2   7   3 0.02   0 48 48  0  8    0.00025    0.00025  18      0 0 0 0 0 0 0 0 1 0 0 0 0 0 0 0  0 0 0 0 0 0
wcam05_ch10       4609  9216  1155  2308  -1  1 1.7   3   90   2   7   3 0.02   0 48 48  0  8    0.00025    0.00025  18  0 0 0 0 0 0 0 0 0 1 0 0 0 0 0 0  0 0 0 0 0 0
wcam05_ch11       4609  9216  2309  3462  -1  1 1.7   3   100  2   7   3 0.02   0 48 48  0  8    0.00025    0.00025  18 0 0 0 0 0 0 0 0 0 0 1 0 0 0 0 0  0 0 0 0 0 0
wcam05_ch12       4609  9216  3463  4616  -1  1 1.7   3   76   2   7   3 0.02   0 48 48  0  8    0.00025    0.00025  18  0 0 0 0 0 0 0 0 0 0 0 1 0 0 0 0  0 0 0 0 0 0
wcam05_ch13       4609  9216  4617  5770  -1  1 1.7   3   78   2   7   3 0.02   0 48 48  0  8    0.00025    0.00025  18  0 0 0 0 0 0 0 0 0 0 0 0 1 0 0 0  0 0 0 0 0 0
wcam05_ch14       4609  9216  5771  6924  -1  1 1.7   3   90   2   7   3 0.02   0 48 48  0  8    0.00025    0.00025  18  0 0 0 0 0 0 0 0 0 0 0 0 0 1 0 0  0 0 0 0 0 0
wcam05_ch15       4609  9216  6924  8078  -1  1 1.7   3   100  2   7   3 0.02   0 48 48  0  8    0.00025    0.00025  18 0 0 0 0 0 0 0 0 0 0 0 0 0 0 1 0  0 0 0 0 0 0
wcam05_ch16       4609  9216  8079  9232  -1  1 1.7   3   80   2   7   3 0.02   0 48 48  0  8    0.00025    0.00025  18  0 0 0 0 0 0 0 0 0 0 0 0 0 0 0 1  0 0 0 0 0 0
wcam06           16     9217        9233   0 0 0 0 0 0
wcam06_ch1        0     4608  0     1154   1  1 1.7   3   10   2   7   3 0.02   0 48 48  0  8    0.00025    0.00025  18         1 0 0 0 0 0 0 0 0 0 0 0 0 0 0 0  0 0 0 0 0 0
wcam06_ch2        0     4608  1155  2308   1  1 1.7   3   90   2   7   3 0.02   0 48 48  0  8    0.00025    0.00025  18      0 1 0 0 0 0 0 0 0 0 0 0 0 0 0 0  0 0 0 0 0 0
wcam06_ch3        0     4608  2309  3462   1  1 1.7   3   100  2   7   3 0.02   0 48 48  0  8    0.00025    0.00025  18     0 0 1 0 0 0 0 0 0 0 0 0 0 0 0 0  0 0 0 0 0 0
wcam06_ch4        0     4608  3463  4616   1  1 1.7   3   70   2   7   3 0.02   0 48 48  0  8    0.00025    0.00025  18      0 0 0 1 0 0 0 0 0 0 0 0 0 0 0 0  0 0 0 0 0 0
wcam06_ch5        0     4608  4617  5770   1  1 1.7   3   80   2   7   3 0.02   0 48 48  0  8    0.00025    0.00025  18      0 0 0 0 1 0 0 0 0 0 0 0 0 0 0 0  0 0 0 0 0 0
wcam06_ch6        0     4608  5771  6924   1  1 1.7   3   90   2   7   3 0.02   0 48 48  0  8    0.00025    0.00025  18      0 0 0 0 0 1 0 0 0 0 0 0 0 0 0 0  0 0 0 0 0 0
wcam06_ch7        0     4608  6925  8078   1  1 1.7   3   70   2   7   3 0.02   0 48 48  0  8    0.00025    0.00025  18      0 0 0 0 0 0 1 0 0 0 0 0 0 0 0 0  0 0 0 0 0 0
wcam06_ch8        0     4608  8079  9232   1  1 1.7   3   75   2   7   3 0.02   0 48 48  0  8    0.00025    0.00025  18      0 0 0 0 0 0 0 1 0 0 0 0 0 0 0 0  0 0 0 0 0 0
wcam06_ch9        4609  9216  0     1154  -1  1 1.7   3   10   2   7   3 0.02   0 48 48  0  8    0.00025    0.00025  18      0 0 0 0 0 0 0 0 1 0 0 0 0 0 0 0  0 0 0 0 0 0
wcam06_ch10       4609  9216  1155  2308  -1  1 1.7   3   90   2   7   3 0.02   0 48 48  0  8    0.00025    0.00025  18  0 0 0 0 0 0 0 0 0 1 0 0 0 0 0 0  0 0 0 0 0 0
wcam06_ch11       4609  9216  2309  3462  -1  1 1.7   3   100  2   7   3 0.02   0 48 48  0  8    0.00025    0.00025  18 0 0 0 0 0 0 0 0 0 0 1 0 0 0 0 0  0 0 0 0 0 0
wcam06_ch12       4609  9216  3463  4616  -1  1 1.7   3   76   2   7   3 0.02   0 48 48  0  8    0.00025    0.00025  18  0 0 0 0 0 0 0 0 0 0 0 1 0 0 0 0  0 0 0 0 0 0
wcam06_ch13       4609  9216  4617  5770  -1  1 1.7   3   78   2   7   3 0.02   0 48 48  0  8    0.00025    0.00025  18  0 0 0 0 0 0 0 0 0 0 0 0 1 0 0 0  0 0 0 0 0 0
wcam06_ch14       4609  9216  5771  6924  -1  1 1.7   3   90   2   7   3 0.02   0 48 48  0  8    0.00025    0.00025  18  0 0 0 0 0 0 0 0 0 0 0 0 0 1 0 0  0 0 0 0 0 0
wcam06_ch15       4609  9216  6924  8078  -1  1 1.7   3   100  2   7   3 0.02   0 48 48  0  8    0.00025    0.00025  18 0 0 0 0 0 0 0 0 0 0 0 0 0 0 1 0  0 0 0 0 0 0
wcam06_ch16       4609  9216  8079  9232  -1  1 1.7   3   80   2   7   3 0.02   0 48 48  0  8    0.00025    0.00025  18  0 0 0 0 0 0 0 0 0 0 0 0 0 0 0 1  0 0 0 0 0 0
wcam07           16     9217        9233   0 0 0 0 0 0
wcam07_ch1        0     4608  0     1154   1  1 1.7   3   10   2   7   3 0.02   0 48 48  0  8    0.00025    0.00025  18         1 0 0 0 0 0 0 0 0 0 0 0 0 0 0 0  0 0 0 0 0 0
wcam07_ch2        0     4608  1155  2308   1  1 1.7   3   90   2   7   3 0.02   0 48 48  0  8    0.00025    0.00025  18      0 1 0 0 0 0 0 0 0 0 0 0 0 0 0 0  0 0 0 0 0 0
wcam07_ch3        0     4608  2309  3462   1  1 1.7   3   100  2   7   3 0.02   0 48 48  0  8    0.00025    0.00025  18     0 0 1 0 0 0 0 0 0 0 0 0 0 0 0 0  0 0 0 0 0 0
wcam07_ch4        0     4608  3463  4616   1  1 1.7   3   70   2   7   3 0.02   0 48 48  0  8    0.00025    0.00025  18      0 0 0 1 0 0 0 0 0 0 0 0 0 0 0 0  0 0 0 0 0 0
wcam07_ch5        0     4608  4617  5770   1  1 1.7   3   80   2   7   3 0.02   0 48 48  0  8    0.00025    0.00025  18      0 0 0 0 1 0 0 0 0 0 0 0 0 0 0 0  0 0 0 0 0 0
wcam07_ch6        0     4608  5771  6924   1  1 1.7   3   90   2   7   3 0.02   0 48 48  0  8    0.00025    0.00025  18      0 0 0 0 0 1 0 0 0 0 0 0 0 0 0 0  0 0 0 0 0 0
wcam07_ch7        0     4608  6925  8078   1  1 1.7   3   70   2   7   3 0.02   0 48 48  0  8    0.00025    0.00025  18      0 0 0 0 0 0 1 0 0 0 0 0 0 0 0 0  0 0 0 0 0 0
wcam07_ch8        0     4608  8079  9232   1  1 1.7   3   75   2   7   3 0.02   0 48 48  0  8    0.00025    0.00025  18      0 0 0 0 0 0 0 1 0 0 0 0 0 0 0 0  0 0 0 0 0 0
wcam07_ch9        4609  9216  0     1154  -1  1 1.7   3   10   2   7   3 0.02   0 48 48  0  8    0.00025    0.00025  18      0 0 0 0 0 0 0 0 1 0 0 0 0 0 0 0  0 0 0 0 0 0
wcam07_ch10       4609  9216  1155  2308  -1  1 1.7   3   90   2   7   3 0.02   0 48 48  0  8    0.00025    0.00025  18  0 0 0 0 0 0 0 0 0 1 0 0 0 0 0 0  0 0 0 0 0 0
wcam07_ch11       4609  9216  2309  3462  -1  1 1.7   3   100  2   7   3 0.02   0 48 48  0  8    0.00025    0.00025  18 0 0 0 0 0 0 0 0 0 0 1 0 0 0 0 0  0 0 0 0 0 0
wcam07_ch12       4609  9216  3463  4616  -1  1 1.7   3   76   2   7   3 0.02   0 48 48  0  8    0.00025    0.00025  18  0 0 0 0 0 0 0 0 0 0 0 1 0 0 0 0  0 0 0 0 0 0
wcam07_ch13       4609  9216  4617  5770  -1  1 1.7   3   78   2   7   3 0.02   0 48 48  0  8    0.00025    0.00025  18  0 0 0 0 0 0 0 0 0 0 0 0 1 0 0 0  0 0 0 0 0 0
wcam07_ch14       4609  9216  5771  6924  -1  1 1.7   3   90   2   7   3 0.02   0 48 48  0  8    0.00025    0.00025  18  0 0 0 0 0 0 0 0 0 0 0 0 0 1 0 0  0 0 0 0 0 0
wcam07_ch15       4609  9216  6924  8078  -1  1 1.7   3   100  2   7   3 0.02   0 48 48  0  8    0.00025    0.00025  18 0 0 0 0 0 0 0 0 0 0 0 0 0 0 1 0  0 0 0 0 0 0
wcam07_ch16       4609  9216  8079  9232  -1  1 1.7   3   80   2   7   3 0.02   0 48 48  0  8    0.00025    0.00025  18  0 0 0 0 0 0 0 0 0 0 0 0 0 0 0 1  0 0 0 0 0 0
wcam08           16     9217        9233   0 0 0 0 0 0
wcam08_ch1        0     4608  0     1154   1  1 1.7   3   10   2   7   3 0.02   0 48 48  0  8    0.00025    0.00025  18         1 0 0 0 0 0 0 0 0 0 0 0 0 0 0 0  0 0 0 0 0 0
wcam08_ch2        0     4608  1155  2308   1  1 1.7   3   90   2   7   3 0.02   0 48 48  0  8    0.00025    0.00025  18      0 1 0 0 0 0 0 0 0 0 0 0 0 0 0 0  0 0 0 0 0 0
wcam08_ch3        0     4608  2309  3462   1  1 1.7   3   100  2   7   3 0.02   0 48 48  0  8    0.00025    0.00025  18     0 0 1 0 0 0 0 0 0 0 0 0 0 0 0 0  0 0 0 0 0 0
wcam08_ch4        0     4608  3463  4616   1  1 1.7   3   70   2   7   3 0.02   0 48 48  0  8    0.00025    0.00025  18      0 0 0 1 0 0 0 0 0 0 0 0 0 0 0 0  0 0 0 0 0 0
wcam08_ch5        0     4608  4617  5770   1  1 1.7   3   80   2   7   3 0.02   0 48 48  0  8    0.00025    0.00025  18      0 0 0 0 1 0 0 0 0 0 0 0 0 0 0 0  0 0 0 0 0 0
wcam08_ch6        0     4608  5771  6924   1  1 1.7   3   90   2   7   3 0.02   0 48 48  0  8    0.00025    0.00025  18      0 0 0 0 0 1 0 0 0 0 0 0 0 0 0 0  0 0 0 0 0 0
wcam08_ch7        0     4608  6925  8078   1  1 1.7   3   70   2   7   3 0.02   0 48 48  0  8    0.00025    0.00025  18      0 0 0 0 0 0 1 0 0 0 0 0 0 0 0 0  0 0 0 0 0 0
wcam08_ch8        0     4608  8079  9232   1  1 1.7   3   75   2   7   3 0.02   0 48 48  0  8    0.00025    0.00025  18      0 0 0 0 0 0 0 1 0 0 0 0 0 0 0 0  0 0 0 0 0 0
wcam08_ch9        4609  9216  0     1154  -1  1 1.7   3   10   2   7   3 0.02   0 48 48  0  8    0.00025    0.00025  18      0 0 0 0 0 0 0 0 1 0 0 0 0 0 0 0  0 0 0 0 0 0
wcam08_ch10       4609  9216  1155  2308  -1  1 1.7   3   90   2   7   3 0.02   0 48 48  0  8    0.00025    0.00025  18  0 0 0 0 0 0 0 0 0 1 0 0 0 0 0 0  0 0 0 0 0 0
wcam08_ch11       4609  9216  2309  3462  -1  1 1.7   3   100  2   7   3 0.02   0 48 48  0  8    0.00025    0.00025  18 0 0 0 0 0 0 0 0 0 0 1 0 0 0 0 0  0 0 0 0 0 0
wcam08_ch12       4609  9216  3463  4616  -1  1 1.7   3   76   2   7   3 0.02   0 48 48  0  8    0.00025    0.00025  18  0 0 0 0 0 0 0 0 0 0 0 1 0 0 0 0  0 0 0 0 0 0
wcam08_ch13       4609  9216  4617  5770  -1  1 1.7   3   78   2   7   3 0.02   0 48 48  0  8    0.00025    0.00025  18  0 0 0 0 0 0 0 0 0 0 0 0 1 0 0 0  0 0 0 0 0 0
wcam08_ch14       4609  9216  5771  6924  -1  1 1.7   3   90   2   7   3 0.02   0 48 48  0  8    0.00025    0.00025  18  0 0 0 0 0 0 0 0 0 0 0 0 0 1 0 0  0 0 0 0 0 0
wcam08_ch15       4609  9216  6924  8078  -1  1 1.7   3   100  2   7   3 0.02   0 48 48  0  8    0.00025    0.00025  18 0 0 0 0 0 0 0 0 0 0 0 0 0 0 1 0  0 0 0 0 0 0
wcam08_ch16       4609  9216  8079  9232  -1  1 1.7   3   80   2   7   3 0.02   0 48 48  0  8    0.00025    0.00025  18  0 0 0 0 0 0 0 0 0 0 0 0 0 0 0 1  0 0 0 0 0 0
wcam09           16     9217        9233   0 0 0 0 0 0
wcam09_ch1        0     4608  0     1154   1  1 1.7   3   10   2   7   3 0.02   0 48 48  0  8    0.00025    0.00025  18         1 0 0 0 0 0 0 0 0 0 0 0 0 0 0 0  0 0 0 0 0 0
wcam09_ch2        0     4608  1155  2308   1  1 1.7   3   90   2   7   3 0.02   0 48 48  0  8    0.00025    0.00025  18      0 1 0 0 0 0 0 0 0 0 0 0 0 0 0 0  0 0 0 0 0 0
wcam09_ch3        0     4608  2309  3462   1  1 1.7   3   100  2   7   3 0.02   0 48 48  0  8    0.00025    0.00025  18     0 0 1 0 0 0 0 0 0 0 0 0 0 0 0 0  0 0 0 0 0 0
wcam09_ch4        0     4608  3463  4616   1  1 1.7   3   70   2   7   3 0.02   0 48 48  0  8    0.00025    0.00025  18      0 0 0 1 0 0 0 0 0 0 0 0 0 0 0 0  0 0 0 0 0 0
wcam09_ch5        0     4608  4617  5770   1  1 1.7   3   80   2   7   3 0.02   0 48 48  0  8    0.00025    0.00025  18      0 0 0 0 1 0 0 0 0 0 0 0 0 0 0 0  0 0 0 0 0 0
wcam09_ch6        0     4608  5771  6924   1  1 1.7   3   90   2   7   3 0.02   0 48 48  0  8    0.00025    0.00025  18      0 0 0 0 0 1 0 0 0 0 0 0 0 0 0 0  0 0 0 0 0 0
wcam09_ch7        0     4608  6925  8078   1  1 1.7   3   70   2   7   3 0.02   0 48 48  0  8    0.00025    0.00025  18      0 0 0 0 0 0 1 0 0 0 0 0 0 0 0 0  0 0 0 0 0 0
wcam09_ch8        0     4608  8079  9232   1  1 1.7   3   75   2   7   3 0.02   0 48 48  0  8    0.00025    0.00025  18      0 0 0 0 0 0 0 1 0 0 0 0 0 0 0 0  0 0 0 0 0 0
wcam09_ch9        4609  9216  0     1154  -1  1 1.7   3   10   2   7   3 0.02   0 48 48  0  8    0.00025    0.00025  18      0 0 0 0 0 0 0 0 1 0 0 0 0 0 0 0  0 0 0 0 0 0
wcam09_ch10       4609  9216  1155  2308  -1  1 1.7   3   90   2   7   3 0.02   0 48 48  0  8    0.00025    0.00025  18  0 0 0 0 0 0 0 0 0 1 0 0 0 0 0 0  0 0 0 0 0 0
wcam09_ch11       4609  9216  2309  3462  -1  1 1.7   3   100  2   7   3 0.02   0 48 48  0  8    0.00025    0.00025  18 0 0 0 0 0 0 0 0 0 0 1 0 0 0 0 0  0 0 0 0 0 0
wcam09_ch12       4609  9216  3463  4616  -1  1 1.7   3   76   2   7   3 0.02   0 48 48  0  8    0.00025    0.00025  18  0 0 0 0 0 0 0 0 0 0 0 1 0 0 0 0  0 0 0 0 0 0
wcam09_ch13       4609  9216  4617  5770  -1  1 1.7   3   78   2   7   3 0.02   0 48 48  0  8    0.00025    0.00025  18  0 0 0 0 0 0 0 0 0 0 0 0 1 0 0 0  0 0 0 0 0 0
wcam09_ch14       4609  9216  5771  6924  -1  1 1.7   3   90   2   7   3 0.02   0 48 48  0  8    0.00025    0.00025  18  0 0 0 0 0 0 0 0 0 0 0 0 0 1 0 0  0 0 0 0 0 0
wcam09_ch15       4609  9216  6924  8078  -1  1 1.7   3   100  2   7   3 0.02   0 48 48  0  8    0.00025    0.00025  18 0 0 0 0 0 0 0 0 0 0 0 0 0 0 1 0  0 0 0 0 0 0
wcam09_ch16       4609  9216  8079  9232  -1  1 1.7   3   80   2   7   3 0.02   0 48 48  0  8    0.00025    0.00025  18  0 0 0 0 0 0 0 0 0 0 0 0 0 0 0 1  0 0 0 0 0 0
