       0.3       1.54369046375
       0.301       1.54323831918
       0.302       1.54279261256
       0.303       1.54235320245
       0.304       1.54191995182
       0.305       1.54149272788
       0.306       1.5410714019
       0.307       1.54065584903
       0.308       1.54024594819
       0.309       1.53984158188
       0.31       1.53944263605
       0.311       1.53904899997
       0.312       1.53866056609
       0.313       1.53827722994
       0.314       1.53789889001
       0.315       1.53752544761
       0.316       1.5371568068
       0.317       1.53679287428
       0.318       1.53643355928
       0.319       1.5360787735
       0.32       1.53572843097
       0.321       1.53538244802
       0.322       1.53504074319
       0.323       1.53470323711
       0.324       1.5343698525
       0.325       1.53404051403
       0.326       1.5337151483
       0.327       1.53339368374
       0.328       1.53307605059
       0.329       1.53276218081
       0.33       1.53245200803
       0.331       1.53214546751
       0.332       1.53184249607
       0.333       1.53154303204
       0.334       1.53124701524
       0.335       1.53095438688
       0.336       1.53066508958
       0.337       1.53037906729
       0.338       1.53009626525
       0.339       1.52981662996
       0.34       1.52954010914
       0.341       1.52926665169
       0.342       1.52899620767
       0.343       1.52872872822
       0.344       1.52846416561
       0.345       1.52820247312
       0.346       1.52794360508
       0.347       1.52768751679
       0.348       1.52743416451
       0.349       1.52718350547
       0.35       1.52693549777
       0.351       1.52669010042
       0.352       1.52644727328
       0.353       1.52620697705
       0.354       1.52596917324
       0.355       1.52573382416
       0.356       1.52550089289
       0.357       1.52527034325
       0.358       1.52504213982
       0.359       1.52481624785
       0.36       1.52459263331
       0.361       1.52437126284
       0.362       1.52415210375
       0.363       1.52393512397
       0.364       1.52372029207
       0.365       1.52350757721
       0.366       1.52329694918
       0.367       1.52308837831
       0.368       1.52288183553
       0.369       1.52267729229
       0.37       1.52247472059
       0.371       1.52227409297
       0.372       1.52207538245
       0.373       1.52187856259
       0.374       1.52168360739
       0.375       1.52149049137
       0.376       1.52129918949
       0.377       1.52110967718
       0.378       1.52092193029
       0.379       1.52073592513
       0.38       1.52055163841
       0.381       1.52036904728
       0.382       1.52018812926
       0.383       1.5200088623
       0.384       1.51983122471
       0.385       1.5196551952
       0.386       1.51948075282
       0.387       1.51930787701
       0.388       1.51913654754
       0.389       1.51896674455
       0.39       1.51879844849
       0.391       1.51863164017
       0.392       1.5184663007
       0.393       1.5183024115
       0.394       1.51813995434
       0.395       1.51797891124
       0.396       1.51781926457
       0.397       1.51766099694
       0.398       1.51750409128
       0.399       1.51734853078
       0.4       1.51719429892
       0.401       1.51704137942
       0.402       1.51688975629
       0.403       1.51673941378
       0.404       1.5165903364
       0.405       1.51644250889
       0.406       1.51629591625
       0.407       1.51615054371
       0.408       1.51600637672
       0.409       1.51586340097
       0.41       1.51572160238
       0.411       1.51558096706
       0.412       1.51544148135
       0.413       1.51530313182
       0.414       1.51516590521
       0.415       1.51502978847
       0.416       1.51489476878
       0.417       1.51476083346
       0.418       1.51462797007
       0.419       1.51449616633
       0.42       1.51436541015
       0.421       1.51423568961
       0.422       1.51410699299
       0.423       1.51397930871
       0.424       1.51385262539
       0.425       1.51372693179
       0.426       1.51360221687
       0.427       1.51347846971
       0.428       1.51335567957
       0.429       1.51323383587
       0.43       1.51311292816
       0.431       1.51299294616
       0.432       1.51287387973
       0.433       1.51275571887
       0.434       1.51263845372
       0.435       1.51252207456
       0.436       1.51240657182
       0.437       1.51229193605
       0.438       1.51217815793
       0.439       1.51206522828
       0.44       1.51195313804
       0.441       1.51184187828
       0.442       1.51173144018
       0.443       1.51162181506
       0.444       1.51151299434
       0.445       1.51140496957
       0.446       1.51129773241
       0.447       1.51119127463
       0.448       1.51108558811
       0.449       1.51098066485
       0.45       1.51087649694
       0.451       1.51077307659
       0.452       1.51067039611
       0.453       1.51056844791
       0.454       1.51046722449
       0.455       1.51036671847
       0.456       1.51026692254
       0.457       1.51016782952
       0.458       1.51006943229
       0.459       1.50997172384
       0.46       1.50987469725
       0.461       1.50977834569
       0.462       1.5096826624
       0.463       1.50958764073
       0.464       1.5094932741
       0.465       1.50939955603
       0.466       1.5093064801
       0.467       1.50921404
       0.468       1.50912222946
       0.469       1.50903104232
       0.47       1.5089404725
       0.471       1.50885051397
       0.472       1.5087611608
       0.473       1.50867240711
       0.474       1.50858424712
       0.475       1.5084966751
       0.476       1.50840968539
       0.477       1.50832327243
       0.478       1.50823743069
       0.479       1.50815215472
       0.48       1.50806743914
       0.481       1.50798327865
       0.482       1.50789966798
       0.483       1.50781660195
       0.484       1.50773407543
       0.485       1.50765208336
       0.486       1.50757062074
       0.487       1.50748968262
       0.488       1.50740926411
       0.489       1.50732936039
       0.49       1.50724996669
       0.491       1.50717107829
       0.492       1.50709269053
       0.493       1.50701479882
       0.494       1.50693739859
       0.495       1.50686048536
       0.496       1.50678405467
       0.497       1.50670810213
       0.498       1.50663262341
       0.499       1.5065576142
       0.5       1.50648307026
       0.501       1.5064089874
       0.502       1.50633536147
       0.503       1.50626218837
       0.504       1.50618946405
       0.505       1.5061171845
       0.506       1.50604534576
       0.507       1.50597394391
       0.508       1.50590297507
       0.509       1.50583243542
       0.51       1.50576232118
       0.511       1.50569262859
       0.512       1.50562335395
       0.513       1.5055544936
       0.514       1.50548604392
       0.515       1.50541800133
       0.516       1.50535036228
       0.517       1.50528312328
       0.518       1.50521628085
       0.519       1.50514983158
       0.52       1.50508377206
       0.521       1.50501809896
       0.522       1.50495280894
       0.523       1.50488789874
       0.524       1.5048233651
       0.525       1.50475920482
       0.526       1.50469541472
       0.527       1.50463199166
       0.528       1.50456893253
       0.529       1.50450623425
       0.53       1.50444389379
       0.531       1.50438190813
       0.532       1.50432027429
       0.533       1.50425898933
       0.534       1.50419805034
       0.535       1.50413745442
       0.536       1.50407719872
       0.537       1.50401728042
       0.538       1.50395769672
       0.539       1.50389844485
       0.54       1.50383952208
       0.541       1.5037809257
       0.542       1.50372265302
       0.543       1.50366470139
       0.544       1.50360706819
       0.545       1.50354975081
       0.546       1.50349274668
       0.547       1.50343605326
       0.548       1.50337966802
       0.549       1.50332358847
       0.55       1.50326781213
       0.551       1.50321233657
       0.552       1.50315715936
       0.553       1.5031022781
       0.554       1.50304769043
       0.555       1.502993394
       0.556       1.50293938647
       0.557       1.50288566555
       0.558       1.50283222897
       0.559       1.50277907445
       0.56       1.50272619978
       0.561       1.50267360274
       0.562       1.50262128113
       0.563       1.50256923279
       0.564       1.50251745558
       0.565       1.50246594736
       0.566       1.50241470604
       0.567       1.50236372952
       0.568       1.50231301574
       0.569       1.50226256267
       0.57       1.50221236826
       0.571       1.50216243052
       0.572       1.50211274747
       0.573       1.50206331713
       0.574       1.50201413755
       0.575       1.50196520682
       0.576       1.50191652302
       0.577       1.50186808425
       0.578       1.50181988864
       0.579       1.50177193433
       0.58       1.5017242195
       0.581       1.5016767423
       0.582       1.50162950095
       0.583       1.50158249365
       0.584       1.50153571863
       0.585       1.50148917413
       0.586       1.50144285843
       0.587       1.5013967698
       0.588       1.50135090653
       0.589       1.50130526693
       0.59       1.50125984933
       0.591       1.50121465208
       0.592       1.50116967352
       0.593       1.50112491204
       0.594       1.50108036601
       0.595       1.50103603385
       0.596       1.50099191396
       0.597       1.50094800478
       0.598       1.50090430475
       0.599       1.50086081234
       0.6       1.50081752601
       0.601       1.50077444426
       0.602       1.50073156559
       0.603       1.5006888885
       0.604       1.50064641153
       0.605       1.50060413323
       0.606       1.50056205214
       0.607       1.50052016683
       0.608       1.50047847588
       0.609       1.50043697789
       0.61       1.50039567146
       0.611       1.5003545552
       0.612       1.50031362776
       0.613       1.50027288777
       0.614       1.50023233388
       0.615       1.50019196477
       0.616       1.5001517791
       0.617       1.50011177557
       0.618       1.50007195289
       0.619       1.50003230976
       0.62       1.4999928449
       0.621       1.49995355706
       0.622       1.49991444497
       0.623       1.49987550739
       0.624       1.4998367431
       0.625       1.49979815087
       0.626       1.49975972949
       0.627       1.49972147775
       0.628       1.49968339447
       0.629       1.49964547847
       0.63       1.49960772858
       0.631       1.49957014363
       0.632       1.49953272248
       0.633       1.49949546399
       0.634       1.49945836702
       0.635       1.49942143046
       0.636       1.49938465319
       0.637       1.49934803411
       0.638       1.49931157213
       0.639       1.49927526616
       0.64       1.49923911514
       0.641       1.49920311799
       0.642       1.49916727365
       0.643       1.49913158109
       0.644       1.49909603926
       0.645       1.49906064713
       0.646       1.49902540368
       0.647       1.4989903079
       0.648       1.49895535878
       0.649       1.49892055532
       0.65       1.49888589655
       0.651       1.49885138146
       0.652       1.49881700911
       0.653       1.49878277851
       0.654       1.49874868872
       0.655       1.49871473879
       0.656       1.49868092777
       0.657       1.49864725473
       0.658       1.49861371876
       0.659       1.49858031892
       0.66       1.49854705431
       0.661       1.49851392403
       0.662       1.49848092718
       0.663       1.49844806288
       0.664       1.49841533024
       0.665       1.49838272838
       0.666       1.49835025645
       0.667       1.49831791357
       0.668       1.49828569891
       0.669       1.4982536116
       0.67       1.49822165082
       0.671       1.49818981572
       0.672       1.49815810549
       0.673       1.4981265193
       0.674       1.49809505634
       0.675       1.49806371579
       0.676       1.49803249688
       0.677       1.49800139878
       0.678       1.49797042073
       0.679       1.49793956194
       0.68       1.49790882163
       0.681       1.49787819903
       0.682       1.49784769337
       0.683       1.49781730391
       0.684       1.49778702989
       0.685       1.49775687057
       0.686       1.4977268252
       0.687       1.49769689304
       0.688       1.49766707338
       0.689       1.49763736549
       0.69       1.49760776864
       0.691       1.49757828214
       0.692       1.49754890526
       0.693       1.49751963732
       0.694       1.49749047762
       0.695       1.49746142545
       0.696       1.49743248015
       0.697       1.49740364103
       0.698       1.49737490742
       0.699       1.49734627864
       0.7       1.49731775403
       0.701       1.49728933293
       0.702       1.49726101469
       0.703       1.49723279866
       0.704       1.4972046842
       0.705       1.49717667065
       0.706       1.4971487574
       0.707       1.49712094381
       0.708       1.49709322924
       0.709       1.49706561309
       0.71       1.49703809474
       0.711       1.49701067357
       0.712       1.49698334898
       0.713       1.49695612037
       0.714       1.49692898713
       0.715       1.49690194867
       0.716       1.49687500441
       0.717       1.49684815376
       0.718       1.49682139614
       0.719       1.49679473097
       0.72       1.49676815768
       0.721       1.4967416757
       0.722       1.49671528447
       0.723       1.49668898343
       0.724       1.49666277203
       0.725       1.4966366497
       0.726       1.49661061592
       0.727       1.49658467012
       0.728       1.49655881177
       0.729       1.49653304034
       0.73       1.4965073553
       0.731       1.49648175611
       0.732       1.49645624225
       0.733       1.49643081321
       0.734       1.49640546846
       0.735       1.49638020749
       0.736       1.4963550298
       0.737       1.49632993487
       0.738       1.49630492221
       0.739       1.49627999132
       0.74       1.4962551417
       0.741       1.49623037286
       0.742       1.49620568431
       0.743       1.49618107558
       0.744       1.49615654617
       0.745       1.49613209561
       0.746       1.49610772343
       0.747       1.49608342915
       0.748       1.49605921231
       0.749       1.49603507244
       0.75       1.49601100909
       0.751       1.49598702179
       0.752       1.49596311009
       0.753       1.49593927355
       0.754       1.4959155117
       0.755       1.4958918241
       0.756       1.49586821032
       0.757       1.49584466992
       0.758       1.49582120245
       0.759       1.49579780749
       0.76       1.4957744846
       0.761       1.49575123337
       0.762       1.49572805336
       0.763       1.49570494415
       0.764       1.49568190533
       0.765       1.49565893647
       0.766       1.49563603718
       0.767       1.49561320703
       0.768       1.49559044563
       0.769       1.49556775256
       0.77       1.49554512742
       0.771       1.49552256983
       0.772       1.49550007937
       0.773       1.49547765567
       0.774       1.49545529832
       0.775       1.49543300694
       0.776       1.49541078114
       0.777       1.49538862055
       0.778       1.49536652477
       0.779       1.49534449344
       0.78       1.49532252618
       0.781       1.49530062262
       0.782       1.49527878238
       0.783       1.4952570051
       0.784       1.49523529041
       0.785       1.49521363796
       0.786       1.49519204737
       0.787       1.4951705183
       0.788       1.49514905038
       0.789       1.49512764327
       0.79       1.49510629661
       0.791       1.49508501006
       0.792       1.49506378326
       0.793       1.49504261588
       0.794       1.49502150757
       0.795       1.495000458
       0.796       1.49497946682
       0.797       1.4949585337
       0.798       1.49493765831
       0.799       1.49491684032
       0.8       1.4948960794
       0.801       1.49487537522
       0.802       1.49485472746
       0.803       1.4948341358
       0.804       1.49481359991
       0.805       1.49479311949
       0.806       1.4947726942
       0.807       1.49475232375
       0.808       1.49473200781
       0.809       1.49471174609
       0.81       1.49469153826
       0.811       1.49467138402
       0.812       1.49465128308
       0.813       1.49463123512
       0.814       1.49461123985
       0.815       1.49459129698
       0.816       1.49457140619
       0.817       1.49455156721
       0.818       1.49453177974
       0.819       1.49451204348
       0.82       1.49449235815
       0.821       1.49447272346
       0.822       1.49445313913
       0.823       1.49443360487
       0.824       1.4944141204
       0.825       1.49439468544
       0.826       1.49437529972
       0.827       1.49435596296
       0.828       1.49433667488
       0.829       1.49431743521
       0.83       1.49429824368
       0.831       1.49427910002
       0.832       1.49426000396
       0.833       1.49424095524
       0.834       1.4942219536
       0.835       1.49420299876
       0.836       1.49418409047
       0.837       1.49416522847
       0.838       1.4941464125
       0.839       1.49412764231
       0.84       1.49410891764
       0.841       1.49409023824
       0.842       1.49407160385
       0.843       1.49405301423
       0.844       1.49403446912
       0.845       1.49401596829
       0.846       1.49399751148
       0.847       1.49397909846
       0.848       1.49396072897
       0.849       1.49394240279
       0.85       1.49392411966
       0.851       1.49390587935
       0.852       1.49388768163
       0.853       1.49386952625
       0.854       1.493851413
       0.855       1.49383334162
       0.856       1.4938153119
       0.857       1.4937973236
       0.858       1.4937793765
       0.859       1.49376147036
       0.86       1.49374360497
       0.861       1.4937257801
       0.862       1.49370799552
       0.863       1.49369025102
       0.864       1.49367254638
       0.865       1.49365488137
       0.866       1.49363725578
       0.867       1.49361966939
       0.868       1.493602122
       0.869       1.49358461337
       0.87       1.49356714332
       0.871       1.49354971161
       0.872       1.49353231804
       0.873       1.49351496241
       0.874       1.49349764451
       0.875       1.49348036412
       0.876       1.49346312105
       0.877       1.4934459151
       0.878       1.49342874605
       0.879       1.49341161371
       0.88       1.49339451789
       0.881       1.49337745837
       0.882       1.49336043496
       0.883       1.49334344747
       0.884       1.4933264957
       0.885       1.49330957945
       0.886       1.49329269854
       0.887       1.49327585277
       0.888       1.49325904195
       0.889       1.49324226589
       0.89       1.4932255244
       0.891       1.49320881729
       0.892       1.49319214439
       0.893       1.49317550549
       0.894       1.49315890042
       0.895       1.493142329
       0.896       1.49312579104
       0.897       1.49310928636
       0.898       1.49309281479
       0.899       1.49307637613
       0.9       1.49305997022
       0.901       1.49304359688
       0.902       1.49302725592
       0.903       1.49301094719
       0.904       1.49299467049
       0.905       1.49297842567
       0.906       1.49296221254
       0.907       1.49294603093
       0.908       1.49292988069
       0.909       1.49291376163
       0.91       1.49289767358
       0.911       1.49288161639
       0.912       1.49286558988
       0.913       1.4928495939
       0.914       1.49283362826
       0.915       1.49281769282
       0.916       1.49280178741
       0.917       1.49278591186
       0.918       1.49277006603
       0.919       1.49275424973
       0.92       1.49273846283
       0.921       1.49272270515
       0.922       1.49270697655
       0.923       1.49269127686
       0.924       1.49267560594
       0.925       1.49265996362
       0.926       1.49264434975
       0.927       1.49262876418
       0.928       1.49261320676
       0.929       1.49259767733
       0.93       1.49258217576
       0.931       1.49256670187
       0.932       1.49255125554
       0.933       1.4925358366
       0.934       1.49252044491
       0.935       1.49250508034
       0.936       1.49248974272
       0.937       1.49247443192
       0.938       1.49245914779
       0.939       1.49244389019
       0.94       1.49242865898
       0.941       1.49241345401
       0.942       1.49239827514
       0.943       1.49238312224
       0.944       1.49236799517
       0.945       1.49235289378
       0.946       1.49233781794
       0.947       1.49232276752
       0.948       1.49230774237
       0.949       1.49229274236
       0.95       1.49227776735
       0.951       1.49226281722
       0.952       1.49224789182
       0.953       1.49223299103
       0.954       1.49221811471
       0.955       1.49220326274
       0.956       1.49218843497
       0.957       1.49217363129
       0.958       1.49215885157
       0.959       1.49214409566
       0.96       1.49212936345
       0.961       1.49211465482
       0.962       1.49209996962
       0.963       1.49208530775
       0.964       1.49207066906
       0.965       1.49205605345
       0.966       1.49204146077
       0.967       1.49202689092
       0.968       1.49201234377
       0.969       1.4919978192
       0.97       1.49198331708
       0.971       1.4919688373
       0.972       1.49195437973
       0.973       1.49193994426
       0.974       1.49192553077
       0.975       1.49191113914
       0.976       1.49189676925
       0.977       1.49188242098
       0.978       1.49186809423
       0.979       1.49185378887
       0.98       1.49183950479
       0.981       1.49182524187
       0.982       1.49181100001
       0.983       1.49179677908
       0.984       1.49178257898
       0.985       1.49176839959
       0.986       1.4917542408
       0.987       1.49174010251
       0.988       1.49172598459
       0.989       1.49171188695
       0.99       1.49169780947
       0.991       1.49168375205
       0.992       1.49166971457
       0.993       1.49165569692
       0.994       1.49164169901
       0.995       1.49162772073
       0.996       1.49161376196
       0.997       1.49159982261
       0.998       1.49158590256
       0.999       1.49157200172
       1.0       1.49155811999
       1.001       1.49154425725
       1.002       1.4915304134
       1.003       1.49151658835
       1.004       1.491502782
       1.005       1.49148899423
       1.006       1.49147522495
       1.007       1.49146147407
       1.008       1.49144774147
       1.009       1.49143402707
       1.01       1.49142033076
       1.011       1.49140665245
       1.012       1.49139299203
       1.013       1.49137934942
       1.014       1.4913657245
       1.015       1.4913521172
       1.016       1.49133852741
       1.017       1.49132495504
       1.018       1.49131139999
       1.019       1.49129786217
       1.02       1.49128434148
       1.021       1.49127083783
       1.022       1.49125735114
       1.023       1.4912438813
       1.024       1.49123042822
       1.025       1.49121699182
       1.026       1.491203572
       1.027       1.49119016868
       1.028       1.49117678175
       1.029       1.49116341114
       1.03       1.49115005675
       1.031       1.4911367185
       1.032       1.49112339629
       1.033       1.49111009004
       1.034       1.49109679966
       1.035       1.49108352506
       1.036       1.49107026617
       1.037       1.49105702288
       1.038       1.49104379512
       1.039       1.4910305828
       1.04       1.49101738583
       1.041       1.49100420414
       1.042       1.49099103763
       1.043       1.49097788622
       1.044       1.49096474984
       1.045       1.49095162839
       1.046       1.4909385218
       1.047       1.49092542998
       1.048       1.49091235285
       1.049       1.49089929033
       1.05       1.49088624234
       1.051       1.4908732088
       1.052       1.49086018962
       1.053       1.49084718474
       1.054       1.49083419406
       1.055       1.49082121751
       1.056       1.49080825502
       1.057       1.4907953065
       1.058       1.49078237188
       1.059       1.49076945107
       1.06       1.49075654401
       1.061       1.49074365061
       1.062       1.49073077079
       1.063       1.4907179045
       1.064       1.49070505163
       1.065       1.49069221213
       1.066       1.49067938592
       1.067       1.49066657292
       1.068       1.49065377305
       1.069       1.49064098625
       1.07       1.49062821244
       1.071       1.49061545155
       1.072       1.4906027035
       1.073       1.49058996823
       1.074       1.49057724565
       1.075       1.49056453571
       1.076       1.49055183832
       1.077       1.49053915342
       1.078       1.49052648093
       1.079       1.49051382078
       1.08       1.49050117291
       1.081       1.49048853725
       1.082       1.49047591372
       1.083       1.49046330226
       1.084       1.49045070279
       1.085       1.49043811526
       1.086       1.49042553958
       1.087       1.4904129757
       1.088       1.49040042354
       1.089       1.49038788304
       1.09       1.49037535414
       1.091       1.49036283675
       1.092       1.49035033083
       1.093       1.49033783629
       1.094       1.49032535309
       1.095       1.49031288114
       1.096       1.4903004204
       1.097       1.49028797078
       1.098       1.49027553223
       1.099       1.49026310468
       1.1       1.49025068807
       1.101       1.49023828234
       1.102       1.49022588742
       1.103       1.49021350325
       1.104       1.49020112976
       1.105       1.4901887669
       1.106       1.4901764146
       1.107       1.49016407279
       1.108       1.49015174143
       1.109       1.49013942044
       1.11       1.49012710977
       1.111       1.49011480936
       1.112       1.49010251913
       1.113       1.49009023905
       1.114       1.49007796903
       1.115       1.49006570903
       1.116       1.49005345899
       1.117       1.49004121884
       1.118       1.49002898853
       1.119       1.490016768
       1.12       1.49000455718
       1.121       1.48999235603
       1.122       1.48998016449
       1.123       1.48996798249
       1.124       1.48995580998
       1.125       1.4899436469
       1.126       1.4899314932
       1.127       1.48991934881
       1.128       1.48990721369
       1.129       1.48989508777
       1.13       1.48988297101
       1.131       1.48987086334
       1.132       1.48985876471
       1.133       1.48984667507
       1.134       1.48983459435
       1.135       1.48982252251
       1.136       1.48981045949
       1.137       1.48979840524
       1.138       1.4897863597
       1.139       1.48977432282
       1.14       1.48976229455
       1.141       1.48975027483
       1.142       1.4897382636
       1.143       1.48972626083
       1.144       1.48971426645
       1.145       1.48970228041
       1.146       1.48969030267
       1.147       1.48967833316
       1.148       1.48966637184
       1.149       1.48965441865
       1.15       1.48964247355
       1.151       1.48963053649
       1.152       1.48961860741
       1.153       1.48960668626
       1.154       1.48959477299
       1.155       1.48958286755
       1.156       1.4895709699
       1.157       1.48955907998
       1.158       1.48954719774
       1.159       1.48953532314
       1.16       1.48952345613
       1.161       1.48951159665
       1.162       1.48949974466
       1.163       1.48948790011
       1.164       1.48947606295
       1.165       1.48946423313
       1.166       1.48945241062
       1.167       1.48944059535
       1.168       1.48942878728
       1.169       1.48941698637
       1.17       1.48940519256
       1.171       1.48939340581
       1.172       1.48938162608
       1.173       1.48936985332
       1.174       1.48935808748
       1.175       1.48934632852
       1.176       1.48933457639
       1.177       1.48932283104
       1.178       1.48931109243
       1.179       1.48929936051
       1.18       1.48928763525
       1.181       1.48927591659
       1.182       1.48926420449
       1.183       1.4892524989
       1.184       1.48924079979
       1.185       1.48922910711
       1.186       1.4892174208
       1.187       1.48920574084
       1.188       1.48919406718
       1.189       1.48918239977
       1.19       1.48917073857
       1.191       1.48915908354
       1.192       1.48914743463
       1.193       1.4891357918
       1.194       1.48912415502
       1.195       1.48911252423
       1.196       1.48910089939
       1.197       1.48908928048
       1.198       1.48907766743
       1.199       1.48906606021
       1.2       1.48905445878
       1.201       1.4890428631
       1.202       1.48903127313
       1.203       1.48901968883
       1.204       1.48900811015
       1.205       1.48899653705
       1.206       1.4889849695
       1.207       1.48897340745
       1.208       1.48896185087
       1.209       1.48895029971
       1.21       1.48893875394
       1.211       1.48892721352
       1.212       1.4889156784
       1.213       1.48890414854
       1.214       1.48889262392
       1.215       1.48888110448
       1.216       1.4888695902
       1.217       1.48885808103
       1.218       1.48884657693
       1.219       1.48883507786
       1.22       1.48882358379
       1.221       1.48881209469
       1.222       1.4888006105
       1.223       1.4887891312
       1.224       1.48877765674
       1.225       1.48876618709
       1.226       1.48875472222
       1.227       1.48874326208
       1.228       1.48873180663
       1.229       1.48872035585
       1.23       1.4887089097
       1.231       1.48869746813
       1.232       1.48868603111
       1.233       1.48867459861
       1.234       1.48866317059
       1.235       1.48865174701
       1.236       1.48864032785
       1.237       1.48862891305
       1.238       1.48861750259
       1.239       1.48860609644
       1.24       1.48859469455
       1.241       1.48858329689
       1.242       1.48857190343
       1.243       1.48856051413
       1.244       1.48854912896
       1.245       1.48853774788
       1.246       1.48852637086
       1.247       1.48851499787
       1.248       1.48850362887
       1.249       1.48849226382
       1.25       1.48848090269
       1.251       1.48846954546
       1.252       1.48845819208
       1.253       1.48844684253
       1.254       1.48843549676
       1.255       1.48842415475
       1.256       1.48841281646
       1.257       1.48840148186
       1.258       1.48839015092
       1.259       1.48837882361
       1.26       1.48836749988
       1.261       1.48835617972
       1.262       1.48834486308
       1.263       1.48833354994
       1.264       1.48832224027
       1.265       1.48831093402
       1.266       1.48829963118
       1.267       1.4882883317
       1.268       1.48827703556
       1.269       1.48826574273
       1.27       1.48825445317
       1.271       1.48824316685
       1.272       1.48823188375
       1.273       1.48822060382
       1.274       1.48820932705
       1.275       1.4881980534
       1.276       1.48818678284
       1.277       1.48817551533
       1.278       1.48816425085
       1.279       1.48815298938
       1.28       1.48814173087
       1.281       1.4881304753
       1.282       1.48811922263
       1.283       1.48810797285
       1.284       1.48809672591
       1.285       1.4880854818
       1.286       1.48807424047
       1.287       1.48806300191
       1.288       1.48805176608
       1.289       1.48804053295
       1.29       1.48802930249
       1.291       1.48801807468
       1.292       1.48800684949
       1.293       1.48799562688
       1.294       1.48798440683
       1.295       1.48797318932
       1.296       1.4879619743
       1.297       1.48795076176
       1.298       1.48793955166
       1.299       1.48792834399
       1.3       1.4879171387
       1.301       1.48790593578
       1.302       1.48789473519
       1.303       1.4878835369
       1.304       1.4878723409
       1.305       1.48786114715
       1.306       1.48784995562
       1.307       1.48783876629
       1.308       1.48782757914
       1.309       1.48781639412
       1.31       1.48780521123
       1.311       1.48779403042
       1.312       1.48778285168
       1.313       1.48777167497
       1.314       1.48776050027
       1.315       1.48774932756
       1.316       1.48773815681
       1.317       1.48772698799
       1.318       1.48771582107
       1.319       1.48770465603
       1.32       1.48769349285
       1.321       1.48768233149
       1.322       1.48767117194
       1.323       1.48766001416
       1.324       1.48764885813
       1.325       1.48763770383
       1.326       1.48762655123
       1.327       1.48761540031
       1.328       1.48760425103
       1.329       1.48759310338
       1.33       1.48758195733
       1.331       1.48757081285
       1.332       1.48755966993
       1.333       1.48754852853
       1.334       1.48753738863
       1.335       1.4875262502
       1.336       1.48751511323
       1.337       1.48750397769
       1.338       1.48749284355
       1.339       1.48748171079
       1.34       1.48747057938
       1.341       1.4874594493
       1.342       1.48744832054
       1.343       1.48743719305
       1.344       1.48742606683
       1.345       1.48741494184
       1.346       1.48740381806
       1.347       1.48739269547
       1.348       1.48738157405
       1.349       1.48737045377
       1.35       1.48735933461
       1.351       1.48734821654
       1.352       1.48733709955
       1.353       1.4873259836
       1.354       1.48731486868
       1.355       1.48730375477
       1.356       1.48729264184
       1.357       1.48728152987
       1.358       1.48727041883
       1.359       1.4872593087
       1.36       1.48724819947
       1.361       1.48723709111
       1.362       1.48722598359
       1.363       1.48721487689
       1.364       1.487203771
       1.365       1.48719266589
       1.366       1.48718156154
       1.367       1.48717045792
       1.368       1.48715935502
       1.369       1.48714825281
       1.37       1.48713715127
       1.371       1.48712605038
       1.372       1.48711495011
       1.373       1.48710385046
       1.374       1.48709275139
       1.375       1.48708165288
       1.376       1.48707055492
       1.377       1.48705945747
       1.378       1.48704836053
       1.379       1.48703726407
       1.38       1.48702616806
       1.381       1.48701507249
       1.382       1.48700397734
       1.383       1.48699288259
       1.384       1.48698178821
       1.385       1.48697069419
       1.386       1.4869596005
       1.387       1.48694850712
       1.388       1.48693741404
       1.389       1.48692632123
       1.39       1.48691522868
       1.391       1.48690413636
       1.392       1.48689304425
       1.393       1.48688195233
       1.394       1.48687086059
       1.395       1.486859769
       1.396       1.48684867754
       1.397       1.4868375862
       1.398       1.48682649495
       1.399       1.48681540377
       1.4       1.48680431265
       1.401       1.48679322157
       1.402       1.4867821305
       1.403       1.48677103943
       1.404       1.48675994833
       1.405       1.48674885719
       1.406       1.48673776599
       1.407       1.48672667471
       1.408       1.48671558334
       1.409       1.48670449184
       1.41       1.48669340021
       1.411       1.48668230842
       1.412       1.48667121645
       1.413       1.4866601243
       1.414       1.48664903193
       1.415       1.48663793933
       1.416       1.48662684648
       1.417       1.48661575336
       1.418       1.48660465996
       1.419       1.48659356625
       1.42       1.48658247222
       1.421       1.48657137785
       1.422       1.48656028312
       1.423       1.48654918801
       1.424       1.48653809251
       1.425       1.48652699659
       1.426       1.48651590025
       1.427       1.48650480345
       1.428       1.48649370619
       1.429       1.48648260844
       1.43       1.4864715102
       1.431       1.48646041143
       1.432       1.48644931212
       1.433       1.48643821226
       1.434       1.48642711183
       1.435       1.4864160108
       1.436       1.48640490917
       1.437       1.48639380692
       1.438       1.48638270402
       1.439       1.48637160047
       1.44       1.48636049624
       1.441       1.48634939131
       1.442       1.48633828568
       1.443       1.48632717932
       1.444       1.48631607222
       1.445       1.48630496435
       1.446       1.48629385571
       1.447       1.48628274627
       1.448       1.48627163602
       1.449       1.48626052495
       1.45       1.48624941303
       1.451       1.48623830025
       1.452       1.48622718659
       1.453       1.48621607204
       1.454       1.48620495658
       1.455       1.48619384019
       1.456       1.48618272286
       1.457       1.48617160457
       1.458       1.48616048531
       1.459       1.48614936505
       1.46       1.48613824379
       1.461       1.48612712151
       1.462       1.48611599818
       1.463       1.48610487381
       1.464       1.48609374836
       1.465       1.48608262182
       1.466       1.48607149418
       1.467       1.48606036543
       1.468       1.48604923554
       1.469       1.4860381045
       1.47       1.48602697229
       1.471       1.48601583891
       1.472       1.48600470433
       1.473       1.48599356853
       1.474       1.48598243151
       1.475       1.48597129325
       1.476       1.48596015373
       1.477       1.48594901294
       1.478       1.48593787087
       1.479       1.48592672748
       1.48       1.48591558278
       1.481       1.48590443675
       1.482       1.48589328937
       1.483       1.48588214063
       1.484       1.48587099051
       1.485       1.48585983899
       1.486       1.48584868607
       1.487       1.48583753173
       1.488       1.48582637595
       1.489       1.48581521872
       1.49       1.48580406002
       1.491       1.48579289984
       1.492       1.48578173817
       1.493       1.48577057498
       1.494       1.48575941027
       1.495       1.48574824402
       1.496       1.48573707622
       1.497       1.48572590686
       1.498       1.48571473591
       1.499       1.48570356336
       1.5       1.4856923892
       1.501       1.48568121342
       1.502       1.485670036
       1.503       1.48565885693
       1.504       1.4856476762
       1.505       1.48563649378
       1.506       1.48562530967
       1.507       1.48561412384
       1.508       1.4856029363
       1.509       1.48559174702
       1.51       1.48558055599
       1.511       1.4855693632
       1.512       1.48555816863
       1.513       1.48554697227
       1.514       1.48553577411
       1.515       1.48552457413
       1.516       1.48551337231
       1.517       1.48550216865
       1.518       1.48549096314
       1.519       1.48547975575
       1.52       1.48546854647
       1.521       1.4854573353
       1.522       1.48544612221
       1.523       1.4854349072
       1.524       1.48542369026
       1.525       1.48541247136
       1.526       1.48540125049
       1.527       1.48539002765
       1.528       1.48537880282
       1.529       1.48536757598
       1.53       1.48535634713
