       0.3       1.65733258572
       0.301       1.65682536764
       0.302       1.65632453925
       0.303       1.6558299855
       0.304       1.65534159409
       0.305       1.65485925536
       0.306       1.65438286226
       0.307       1.65391231024
       0.308       1.65344749717
       0.309       1.65298832332
       0.31       1.65253469121
       0.311       1.65208650562
       0.312       1.65164367347
       0.313       1.65120610379
       0.314       1.65077370766
       0.315       1.65034639813
       0.316       1.64992409017
       0.317       1.64950670065
       0.318       1.64909414825
       0.319       1.6486863534
       0.32       1.64828323828
       0.321       1.64788472674
       0.322       1.64749074425
       0.323       1.64710121788
       0.324       1.64671607624
       0.325       1.64633524943
       0.326       1.64595866902
       0.327       1.64558626803
       0.328       1.64521798082
       0.329       1.64485374314
       0.33       1.64449349205
       0.331       1.64413716587
       0.332       1.64378470419
       0.333       1.64343604782
       0.334       1.64309113875
       0.335       1.64274992012
       0.336       1.64241233621
       0.337       1.6420783324
       0.338       1.64174785514
       0.339       1.64142085192
       0.34       1.64109727126
       0.341       1.64077706268
       0.342       1.64046017666
       0.343       1.64014656464
       0.344       1.63983617898
       0.345       1.63952897294
       0.346       1.63922490067
       0.347       1.63892391718
       0.348       1.63862597832
       0.349       1.63833104076
       0.35       1.63803906198
       0.351       1.63775000023
       0.352       1.63746381454
       0.353       1.63718046469
       0.354       1.63689991118
       0.355       1.63662211522
       0.356       1.63634703875
       0.357       1.63607464435
       0.358       1.6358048953
       0.359       1.63553775552
       0.36       1.63527318958
       0.361       1.63501116265
       0.362       1.63475164054
       0.363       1.63449458963
       0.364       1.63423997691
       0.365       1.63398776992
       0.366       1.63373793678
       0.367       1.63349044613
       0.368       1.63324526718
       0.369       1.63300236963
       0.37       1.63276172372
       0.371       1.63252330019
       0.372       1.63228707024
       0.373       1.6320530056
       0.374       1.63182107843
       0.375       1.63159126138
       0.376       1.63136352753
       0.377       1.63113785043
       0.378       1.63091420405
       0.379       1.63069256276
       0.38       1.6304729014
       0.381       1.63025519517
       0.382       1.63003941969
       0.383       1.62982555098
       0.384       1.62961356542
       0.385       1.6294034398
       0.386       1.62919515125
       0.387       1.62898867727
       0.388       1.62878399573
       0.389       1.62858108482
       0.39       1.62837992309
       0.391       1.62818048943
       0.392       1.62798276303
       0.393       1.62778672344
       0.394       1.62759235049
       0.395       1.62739962435
       0.396       1.62720852547
       0.397       1.62701903461
       0.398       1.62683113281
       0.399       1.62664480142
       0.4       1.62646002205
       0.401       1.62627677659
       0.402       1.62609504721
       0.403       1.62591481635
       0.404       1.62573606668
       0.405       1.62555878116
       0.406       1.625382943
       0.407       1.62520853562
       0.408       1.62503554274
       0.409       1.62486394827
       0.41       1.62469373638
       0.411       1.62452489145
       0.412       1.62435739811
       0.413       1.62419124119
       0.414       1.62402640575
       0.415       1.62386287706
       0.416       1.62370064061
       0.417       1.62353968207
       0.418       1.62337998733
       0.419       1.62322154249
       0.42       1.62306433383
       0.421       1.62290834783
       0.422       1.62275357114
       0.423       1.62259999063
       0.424       1.62244759333
       0.425       1.62229636644
       0.426       1.62214629737
       0.427       1.62199737367
       0.428       1.62184958308
       0.429       1.62170291349
       0.43       1.62155735298
       0.431       1.62141288978
       0.432       1.62126951226
       0.433       1.62112720898
       0.434       1.62098596863
       0.435       1.62084578007
       0.436       1.62070663228
       0.437       1.62056851442
       0.438       1.62043141578
       0.439       1.62029532579
       0.44       1.62016023402
       0.441       1.62002613017
       0.442       1.61989300409
       0.443       1.61976084576
       0.444       1.61962964528
       0.445       1.61949939289
       0.446       1.61937007895
       0.447       1.61924169394
       0.448       1.61911422849
       0.449       1.61898767331
       0.45       1.61886201925
       0.451       1.61873725728
       0.452       1.61861337849
       0.453       1.61849037405
       0.454       1.61836823529
       0.455       1.61824695361
       0.456       1.61812652054
       0.457       1.61800692771
       0.458       1.61788816685
       0.459       1.6177702298
       0.46       1.61765310849
       0.461       1.61753679498
       0.462       1.61742128138
       0.463       1.61730655995
       0.464       1.61719262301
       0.465       1.61707946298
       0.466       1.61696707238
       0.467       1.61685544381
       0.468       1.61674456999
       0.469       1.61663444369
       0.47       1.61652505778
       0.471       1.61641640523
       0.472       1.61630847909
       0.473       1.61620127247
       0.474       1.6160947786
       0.475       1.61598899076
       0.476       1.61588390232
       0.477       1.61577950674
       0.478       1.61567579753
       0.479       1.61557276831
       0.48       1.61547041276
       0.481       1.61536872463
       0.482       1.61526769774
       0.483       1.61516732599
       0.484       1.61506760336
       0.485       1.61496852388
       0.486       1.61487008166
       0.487       1.61477227089
       0.488       1.6146750858
       0.489       1.6145785207
       0.49       1.61448256998
       0.491       1.61438722807
       0.492       1.61429248947
       0.493       1.61419834876
       0.494       1.61410480055
       0.495       1.61401183954
       0.496       1.61391946048
       0.497       1.61382765818
       0.498       1.6137364275
       0.499       1.61364576336
       0.5       1.61355566074
       0.501       1.61346611469
       0.502       1.6133771203
       0.503       1.61328867271
       0.504       1.61320076711
       0.505       1.61311339877
       0.506       1.61302656299
       0.507       1.61294025513
       0.508       1.61285447059
       0.509       1.61276920484
       0.51       1.61268445337
       0.511       1.61260021176
       0.512       1.61251647559
       0.513       1.61243324053
       0.514       1.61235050228
       0.515       1.61226825657
       0.516       1.61218649921
       0.517       1.61210522602
       0.518       1.6120244329
       0.519       1.61194411576
       0.52       1.61186427057
       0.521       1.61178489335
       0.522       1.61170598014
       0.523       1.61162752706
       0.524       1.61154953022
       0.525       1.61147198581
       0.526       1.61139489005
       0.527       1.6113182392
       0.528       1.61124202954
       0.529       1.61116625742
       0.53       1.6110909192
       0.531       1.61101601131
       0.532       1.61094153018
       0.533       1.61086747231
       0.534       1.61079383421
       0.535       1.61072061243
       0.536       1.61064780358
       0.537       1.61057540428
       0.538       1.61050341119
       0.539       1.610431821
       0.54       1.61036063045
       0.541       1.6102898363
       0.542       1.61021943534
       0.543       1.61014942439
       0.544       1.61007980033
       0.545       1.61001056004
       0.546       1.60994170044
       0.547       1.60987321849
       0.548       1.60980511116
       0.549       1.60973737548
       0.55       1.60967000849
       0.551       1.60960300725
       0.552       1.60953636888
       0.553       1.6094700905
       0.554       1.60940416927
       0.555       1.60933860237
       0.556       1.60927338703
       0.557       1.60920852048
       0.558       1.60914399999
       0.559       1.60907982286
       0.56       1.60901598641
       0.561       1.60895248798
       0.562       1.60888932495
       0.563       1.60882649472
       0.564       1.60876399472
       0.565       1.60870182238
       0.566       1.60863997519
       0.567       1.60857845064
       0.568       1.60851724625
       0.569       1.60845635957
       0.57       1.60839578817
       0.571       1.60833552964
       0.572       1.60827558159
       0.573       1.60821594166
       0.574       1.60815660751
       0.575       1.60809757682
       0.576       1.60803884729
       0.577       1.60798041666
       0.578       1.60792228266
       0.579       1.60786444306
       0.58       1.60780689566
       0.581       1.60774963826
       0.582       1.60769266869
       0.583       1.6076359848
       0.584       1.60757958446
       0.585       1.60752346555
       0.586       1.607467626
       0.587       1.60741206372
       0.588       1.60735677666
       0.589       1.60730176278
       0.59       1.60724702008
       0.591       1.60719254656
       0.592       1.60713834023
       0.593       1.60708439914
       0.594       1.60703072133
       0.595       1.6069773049
       0.596       1.60692414792
       0.597       1.60687124851
       0.598       1.60681860479
       0.599       1.60676621491
       0.6       1.60671407702
       0.601       1.60666218931
       0.602       1.60661054996
       0.603       1.60655915718
       0.604       1.60650800921
       0.605       1.60645710427
       0.606       1.60640644062
       0.607       1.60635601654
       0.608       1.60630583032
       0.609       1.60625588025
       0.61       1.60620616465
       0.611       1.60615668185
       0.612       1.6061074302
       0.613       1.60605840806
       0.614       1.60600961381
       0.615       1.60596104583
       0.616       1.60591270253
       0.617       1.60586458232
       0.618       1.60581668364
       0.619       1.60576900493
       0.62       1.60572154465
       0.621       1.60567430126
       0.622       1.60562727326
       0.623       1.60558045914
       0.624       1.60553385741
       0.625       1.6054874666
       0.626       1.60544128523
       0.627       1.60539531186
       0.628       1.60534954506
       0.629       1.60530398338
       0.63       1.60525862542
       0.631       1.60521346977
       0.632       1.60516851505
       0.633       1.60512375986
       0.634       1.60507920286
       0.635       1.60503484267
       0.636       1.60499067795
       0.637       1.60494670737
       0.638       1.60490292961
       0.639       1.60485934336
       0.64       1.60481594731
       0.641       1.60477274017
       0.642       1.60472972067
       0.643       1.60468688754
       0.644       1.60464423952
       0.645       1.60460177536
       0.646       1.60455949383
       0.647       1.60451739369
       0.648       1.60447547373
       0.649       1.60443373275
       0.65       1.60439216955
       0.651       1.60435078293
       0.652       1.60430957172
       0.653       1.60426853476
       0.654       1.60422767088
       0.655       1.60418697894
       0.656       1.60414645779
       0.657       1.60410610631
       0.658       1.60406592338
       0.659       1.60402590787
       0.66       1.60398605869
       0.661       1.60394637474
       0.662       1.60390685495
       0.663       1.60386749822
       0.664       1.60382830349
       0.665       1.6037892697
       0.666       1.60375039581
       0.667       1.60371168076
       0.668       1.60367312352
       0.669       1.60363472307
       0.67       1.60359647838
       0.671       1.60355838845
       0.672       1.60352045227
       0.673       1.60348266885
       0.674       1.6034450372
       0.675       1.60340755634
       0.676       1.6033702253
       0.677       1.60333304312
       0.678       1.60329600884
       0.679       1.60325912152
       0.68       1.6032223802
       0.681       1.60318578396
       0.682       1.60314933186
       0.683       1.603113023
       0.684       1.60307685645
       0.685       1.60304083131
       0.686       1.60300494669
       0.687       1.60296920168
       0.688       1.60293359541
       0.689       1.602898127
       0.69       1.60286279557
       0.691       1.60282760027
       0.692       1.60279254023
       0.693       1.60275761459
       0.694       1.60272282253
       0.695       1.60268816319
       0.696       1.60265363575
       0.697       1.60261923938
       0.698       1.60258497325
       0.699       1.60255083656
       0.7       1.6025168285
       0.701       1.60248294827
       0.702       1.60244919507
       0.703       1.60241556811
       0.704       1.6023820666
       0.705       1.60234868978
       0.706       1.60231543687
       0.707       1.6022823071
       0.708       1.60224929971
       0.709       1.60221641395
       0.71       1.60218364907
       0.711       1.60215100432
       0.712       1.60211847897
       0.713       1.60208607228
       0.714       1.60205378353
       0.715       1.60202161199
       0.716       1.60198955695
       0.717       1.6019576177
       0.718       1.60192579352
       0.719       1.60189408373
       0.72       1.60186248762
       0.721       1.6018310045
       0.722       1.60179963368
       0.723       1.6017683745
       0.724       1.60173722626
       0.725       1.6017061883
       0.726       1.60167525996
       0.727       1.60164444056
       0.728       1.60161372946
       0.729       1.601583126
       0.73       1.60155262954
       0.731       1.60152223944
       0.732       1.60149195504
       0.733       1.60146177573
       0.734       1.60143170087
       0.735       1.60140172984
       0.736       1.60137186202
       0.737       1.6013420968
       0.738       1.60131243355
       0.739       1.60128287168
       0.74       1.60125341059
       0.741       1.60122404966
       0.742       1.60119478832
       0.743       1.60116562597
       0.744       1.60113656203
       0.745       1.60110759591
       0.746       1.60107872703
       0.747       1.60104995483
       0.748       1.60102127873
       0.749       1.60099269817
       0.75       1.60096421259
       0.751       1.60093582142
       0.752       1.60090752412
       0.753       1.60087932014
       0.754       1.60085120892
       0.755       1.60082318994
       0.756       1.60079526264
       0.757       1.60076742649
       0.758       1.60073968097
       0.759       1.60071202554
       0.76       1.60068445968
       0.761       1.60065698288
       0.762       1.60062959461
       0.763       1.60060229436
       0.764       1.60057508162
       0.765       1.60054795589
       0.766       1.60052091666
       0.767       1.60049396344
       0.768       1.60046709572
       0.769       1.60044031302
       0.77       1.60041361484
       0.771       1.60038700071
       0.772       1.60036047013
       0.773       1.60033402263
       0.774       1.60030765774
       0.775       1.60028137497
       0.776       1.60025517386
       0.777       1.60022905395
       0.778       1.60020301476
       0.779       1.60017705585
       0.78       1.60015117674
       0.781       1.600125377
       0.782       1.60009965616
       0.783       1.60007401378
       0.784       1.60004844941
       0.785       1.60002296262
       0.786       1.59999755295
       0.787       1.59997221999
       0.788       1.59994696328
       0.789       1.5999217824
       0.79       1.59989667693
       0.791       1.59987164644
       0.792       1.5998466905
       0.793       1.5998218087
       0.794       1.59979700062
       0.795       1.59977226584
       0.796       1.59974760396
       0.797       1.59972301456
       0.798       1.59969849725
       0.799       1.59967405161
       0.8       1.59964967725
       0.801       1.59962537376
       0.802       1.59960114076
       0.803       1.59957697785
       0.804       1.59955288464
       0.805       1.59952886074
       0.806       1.59950490576
       0.807       1.59948101933
       0.808       1.59945720106
       0.809       1.59943345057
       0.81       1.5994097675
       0.811       1.59938615146
       0.812       1.59936260208
       0.813       1.599339119
       0.814       1.59931570186
       0.815       1.59929235028
       0.816       1.5992690639
       0.817       1.59924584237
       0.818       1.59922268533
       0.819       1.59919959243
       0.82       1.59917656331
       0.821       1.59915359762
       0.822       1.59913069501
       0.823       1.59910785515
       0.824       1.59908507768
       0.825       1.59906236226
       0.826       1.59903970856
       0.827       1.59901711623
       0.828       1.59899458495
       0.829       1.59897211438
       0.83       1.59894970419
       0.831       1.59892735404
       0.832       1.59890506362
       0.833       1.5988828326
       0.834       1.59886066065
       0.835       1.59883854746
       0.836       1.59881649271
       0.837       1.59879449608
       0.838       1.59877255725
       0.839       1.59875067591
       0.84       1.59872885175
       0.841       1.59870708447
       0.842       1.59868537375
       0.843       1.59866371929
       0.844       1.59864212079
       0.845       1.59862057794
       0.846       1.59859909045
       0.847       1.59857765802
       0.848       1.59855628035
       0.849       1.59853495715
       0.85       1.59851368812
       0.851       1.59849247297
       0.852       1.59847131142
       0.853       1.59845020318
       0.854       1.59842914797
       0.855       1.59840814549
       0.856       1.59838719547
       0.857       1.59836629763
       0.858       1.59834545169
       0.859       1.59832465736
       0.86       1.59830391439
       0.861       1.59828322249
       0.862       1.59826258139
       0.863       1.59824199082
       0.864       1.59822145051
       0.865       1.5982009602
       0.866       1.59818051962
       0.867       1.5981601285
       0.868       1.59813978659
       0.869       1.59811949362
       0.87       1.59809924933
       0.871       1.59807905347
       0.872       1.59805890578
       0.873       1.59803880601
       0.874       1.59801875389
       0.875       1.59799874919
       0.876       1.59797879164
       0.877       1.59795888101
       0.878       1.59793901704
       0.879       1.59791919949
       0.88       1.59789942811
       0.881       1.59787970266
       0.882       1.59786002291
       0.883       1.5978403886
       0.884       1.5978207995
       0.885       1.59780125537
       0.886       1.59778175599
       0.887       1.5977623011
       0.888       1.59774289049
       0.889       1.59772352391
       0.89       1.59770420114
       0.891       1.59768492194
       0.892       1.5976656861
       0.893       1.59764649338
       0.894       1.59762734356
       0.895       1.59760823641
       0.896       1.59758917171
       0.897       1.59757014925
       0.898       1.59755116879
       0.899       1.59753223013
       0.9       1.59751333304
       0.901       1.5974944773
       0.902       1.59747566271
       0.903       1.59745688905
       0.904       1.5974381561
       0.905       1.59741946365
       0.906       1.5974008115
       0.907       1.59738219943
       0.908       1.59736362724
       0.909       1.59734509472
       0.91       1.59732660167
       0.911       1.59730814787
       0.912       1.59728973313
       0.913       1.59727135725
       0.914       1.59725302002
       0.915       1.59723472124
       0.916       1.59721646072
       0.917       1.59719823825
       0.918       1.59718005365
       0.919       1.59716190671
       0.92       1.59714379724
       0.921       1.59712572505
       0.922       1.59710768995
       0.923       1.59708969174
       0.924       1.59707173024
       0.925       1.59705380525
       0.926       1.59703591658
       0.927       1.59701806406
       0.928       1.5970002475
       0.929       1.5969824667
       0.93       1.59696472149
       0.931       1.59694701169
       0.932       1.5969293371
       0.933       1.59691169756
       0.934       1.59689409287
       0.935       1.59687652287
       0.936       1.59685898738
       0.937       1.59684148621
       0.938       1.59682401919
       0.939       1.59680658615
       0.94       1.59678918691
       0.941       1.5967718213
       0.942       1.59675448915
       0.943       1.59673719029
       0.944       1.59671992454
       0.945       1.59670269174
       0.946       1.59668549171
       0.947       1.5966683243
       0.948       1.59665118933
       0.949       1.59663408664
       0.95       1.59661701606
       0.951       1.59659997744
       0.952       1.5965829706
       0.953       1.59656599538
       0.954       1.59654905163
       0.955       1.59653213918
       0.956       1.59651525788
       0.957       1.59649840756
       0.958       1.59648158807
       0.959       1.59646479924
       0.96       1.59644804093
       0.961       1.59643131298
       0.962       1.59641461524
       0.963       1.59639794754
       0.964       1.59638130974
       0.965       1.59636470168
       0.966       1.59634812322
       0.967       1.59633157421
       0.968       1.59631505448
       0.969       1.5962985639
       0.97       1.59628210232
       0.971       1.59626566959
       0.972       1.59624926556
       0.973       1.59623289009
       0.974       1.59621654303
       0.975       1.59620022423
       0.976       1.59618393356
       0.977       1.59616767088
       0.978       1.59615143603
       0.979       1.59613522888
       0.98       1.59611904929
       0.981       1.59610289711
       0.982       1.59608677222
       0.983       1.59607067447
       0.984       1.59605460371
       0.985       1.59603855983
       0.986       1.59602254267
       0.987       1.59600655211
       0.988       1.59599058801
       0.989       1.59597465023
       0.99       1.59595873865
       0.991       1.59594285312
       0.992       1.59592699353
       0.993       1.59591115972
       0.994       1.59589535158
       0.995       1.59587956898
       0.996       1.59586381178
       0.997       1.59584807986
       0.998       1.59583237309
       0.999       1.59581669134
       1.0       1.59580103449
       1.001       1.5957854024
       1.002       1.59576979496
       1.003       1.59575421203
       1.004       1.5957386535
       1.005       1.59572311924
       1.006       1.59570760913
       1.007       1.59569212304
       1.008       1.59567666085
       1.009       1.59566122245
       1.01       1.59564580771
       1.011       1.59563041652
       1.012       1.59561504874
       1.013       1.59559970427
       1.014       1.59558438299
       1.015       1.59556908477
       1.016       1.59555380951
       1.017       1.59553855708
       1.018       1.59552332737
       1.019       1.59550812027
       1.02       1.59549293565
       1.021       1.59547777342
       1.022       1.59546263344
       1.023       1.59544751562
       1.024       1.59543241983
       1.025       1.59541734597
       1.026       1.59540229392
       1.027       1.59538726358
       1.028       1.59537225483
       1.029       1.59535726756
       1.03       1.59534230167
       1.031       1.59532735705
       1.032       1.59531243358
       1.033       1.59529753117
       1.034       1.5952826497
       1.035       1.59526778907
       1.036       1.59525294917
       1.037       1.5952381299
       1.038       1.59522333115
       1.039       1.59520855281
       1.04       1.5951937948
       1.041       1.59517905699
       1.042       1.59516433929
       1.043       1.5951496416
       1.044       1.59513496381
       1.045       1.59512030582
       1.046       1.59510566753
       1.047       1.59509104885
       1.048       1.59507644967
       1.049       1.59506186989
       1.05       1.59504730941
       1.051       1.59503276814
       1.052       1.59501824597
       1.053       1.59500374282
       1.054       1.59498925858
       1.055       1.59497479315
       1.056       1.59496034644
       1.057       1.59494591836
       1.058       1.59493150881
       1.059       1.5949171177
       1.06       1.59490274492
       1.061       1.59488839039
       1.062       1.59487405401
       1.063       1.5948597357
       1.064       1.59484543535
       1.065       1.59483115288
       1.066       1.5948168882
       1.067       1.5948026412
       1.068       1.59478841181
       1.069       1.59477419994
       1.07       1.59476000548
       1.071       1.59474582836
       1.072       1.59473166849
       1.073       1.59471752577
       1.074       1.59470340011
       1.075       1.59468929144
       1.076       1.59467519966
       1.077       1.59466112468
       1.078       1.59464706643
       1.079       1.59463302481
       1.08       1.59461899973
       1.081       1.59460499112
       1.082       1.59459099888
       1.083       1.59457702294
       1.084       1.5945630632
       1.085       1.59454911959
       1.086       1.59453519202
       1.087       1.59452128041
       1.088       1.59450738468
       1.089       1.59449350474
       1.09       1.59447964051
       1.091       1.59446579191
       1.092       1.59445195887
       1.093       1.59443814129
       1.094       1.5944243391
       1.095       1.59441055222
       1.096       1.59439678056
       1.097       1.59438302406
       1.098       1.59436928263
       1.099       1.59435555619
       1.1       1.59434184467
       1.101       1.59432814798
       1.102       1.59431446605
       1.103       1.59430079881
       1.104       1.59428714617
       1.105       1.59427350806
       1.106       1.5942598844
       1.107       1.59424627512
       1.108       1.59423268015
       1.109       1.5942190994
       1.11       1.5942055328
       1.111       1.59419198029
       1.112       1.59417844177
       1.113       1.59416491719
       1.114       1.59415140647
       1.115       1.59413790953
       1.116       1.59412442631
       1.117       1.59411095672
       1.118       1.5940975007
       1.119       1.59408405818
       1.12       1.59407062908
       1.121       1.59405721334
       1.122       1.59404381088
       1.123       1.59403042164
       1.124       1.59401704554
       1.125       1.59400368251
       1.126       1.59399033248
       1.127       1.59397699539
       1.128       1.59396367117
       1.129       1.59395035974
       1.13       1.59393706104
       1.131       1.59392377501
       1.132       1.59391050157
       1.133       1.59389724065
       1.134       1.59388399219
       1.135       1.59387075613
       1.136       1.5938575324
       1.137       1.59384432092
       1.138       1.59383112164
       1.139       1.59381793449
       1.14       1.5938047594
       1.141       1.59379159631
       1.142       1.59377844516
       1.143       1.59376530587
       1.144       1.59375217839
       1.145       1.59373906265
       1.146       1.5937259586
       1.147       1.59371286615
       1.148       1.59369978526
       1.149       1.59368671586
       1.15       1.59367365789
       1.151       1.59366061128
       1.152       1.59364757597
       1.153       1.59363455191
       1.154       1.59362153902
       1.155       1.59360853726
       1.156       1.59359554655
       1.157       1.59358256684
       1.158       1.59356959807
       1.159       1.59355664017
       1.16       1.5935436931
       1.161       1.59353075678
       1.162       1.59351783116
       1.163       1.59350491618
       1.164       1.59349201178
       1.165       1.5934791179
       1.166       1.59346623449
       1.167       1.59345336148
       1.168       1.59344049882
       1.169       1.59342764646
       1.17       1.59341480433
       1.171       1.59340197237
       1.172       1.59338915054
       1.173       1.59337633876
       1.174       1.593363537
       1.175       1.59335074519
       1.176       1.59333796327
       1.177       1.59332519119
       1.178       1.5933124289
       1.179       1.59329967633
       1.18       1.59328693344
       1.181       1.59327420017
       1.182       1.59326147647
       1.183       1.59324876228
       1.184       1.59323605754
       1.185       1.59322336221
       1.186       1.59321067623
       1.187       1.59319799955
       1.188       1.59318533211
       1.189       1.59317267386
       1.19       1.59316002475
       1.191       1.59314738472
       1.192       1.59313475373
       1.193       1.59312213172
       1.194       1.59310951865
       1.195       1.59309691445
       1.196       1.59308431908
       1.197       1.59307173248
       1.198       1.59305915461
       1.199       1.59304658542
       1.2       1.59303402485
       1.201       1.59302147285
       1.202       1.59300892938
       1.203       1.59299639438
       1.204       1.59298386781
       1.205       1.59297134961
       1.206       1.59295883974
       1.207       1.59294633815
       1.208       1.59293384479
       1.209       1.5929213596
       1.21       1.59290888255
       1.211       1.59289641358
       1.212       1.59288395264
       1.213       1.59287149969
       1.214       1.59285905469
       1.215       1.59284661757
       1.216       1.5928341883
       1.217       1.59282176683
       1.218       1.59280935311
       1.219       1.59279694709
       1.22       1.59278454873
       1.221       1.59277215799
       1.222       1.59275977481
       1.223       1.59274739915
       1.224       1.59273503096
       1.225       1.5927226702
       1.226       1.59271031683
       1.227       1.5926979708
       1.228       1.59268563205
       1.229       1.59267330056
       1.23       1.59266097627
       1.231       1.59264865914
       1.232       1.59263634913
       1.233       1.59262404618
       1.234       1.59261175027
       1.235       1.59259946134
       1.236       1.59258717934
       1.237       1.59257490425
       1.238       1.59256263601
       1.239       1.59255037458
       1.24       1.59253811991
       1.241       1.59252587197
       1.242       1.59251363072
       1.243       1.5925013961
       1.244       1.59248916808
       1.245       1.59247694662
       1.246       1.59246473167
       1.247       1.5924525232
       1.248       1.59244032115
       1.249       1.5924281255
       1.25       1.59241593619
       1.251       1.59240375319
       1.252       1.59239157646
       1.253       1.59237940595
       1.254       1.59236724163
       1.255       1.59235508346
       1.256       1.59234293139
       1.257       1.59233078538
       1.258       1.5923186454
       1.259       1.5923065114
       1.26       1.59229438335
       1.261       1.59228226121
       1.262       1.59227014493
       1.263       1.59225803448
       1.264       1.59224592982
       1.265       1.59223383091
       1.266       1.59222173771
       1.267       1.59220965018
       1.268       1.59219756829
       1.269       1.59218549199
       1.27       1.59217342125
       1.271       1.59216135603
       1.272       1.5921492963
       1.273       1.59213724201
       1.274       1.59212519313
       1.275       1.59211314961
       1.276       1.59210111143
       1.277       1.59208907855
       1.278       1.59207705092
       1.279       1.59206502852
       1.28       1.5920530113
       1.281       1.59204099923
       1.282       1.59202899227
       1.283       1.5920169904
       1.284       1.59200499356
       1.285       1.59199300172
       1.286       1.59198101486
       1.287       1.59196903292
       1.288       1.59195705589
       1.289       1.59194508371
       1.29       1.59193311637
       1.291       1.59192115381
       1.292       1.59190919602
       1.293       1.59189724294
       1.294       1.59188529455
       1.295       1.59187335082
       1.296       1.5918614117
       1.297       1.59184947717
       1.298       1.59183754718
       1.299       1.59182562172
       1.3       1.59181370073
       1.301       1.59180178419
       1.302       1.59178987207
       1.303       1.59177796433
       1.304       1.59176606093
       1.305       1.59175416185
       1.306       1.59174226705
       1.307       1.5917303765
       1.308       1.59171849016
       1.309       1.59170660801
       1.31       1.59169473
       1.311       1.59168285611
       1.312       1.59167098631
       1.313       1.59165912056
       1.314       1.59164725882
       1.315       1.59163540108
       1.316       1.59162354729
       1.317       1.59161169743
       1.318       1.59159985146
       1.319       1.59158800935
       1.32       1.59157617106
       1.321       1.59156433658
       1.322       1.59155250586
       1.323       1.59154067888
       1.324       1.5915288556
       1.325       1.591517036
       1.326       1.59150522004
       1.327       1.59149340769
       1.328       1.59148159892
       1.329       1.59146979371
       1.33       1.59145799201
       1.331       1.59144619381
       1.332       1.59143439907
       1.333       1.59142260775
       1.334       1.59141081984
       1.335       1.5913990353
       1.336       1.5913872541
       1.337       1.59137547621
       1.338       1.5913637016
       1.339       1.59135193024
       1.34       1.59134016211
       1.341       1.59132839717
       1.342       1.5913166354
       1.343       1.59130487677
       1.344       1.59129312124
       1.345       1.59128136879
       1.346       1.59126961939
       1.347       1.59125787301
       1.348       1.59124612963
       1.349       1.59123438921
       1.35       1.59122265172
       1.351       1.59121091715
       1.352       1.59119918545
       1.353       1.59118745661
       1.354       1.59117573059
       1.355       1.59116400737
       1.356       1.59115228692
       1.357       1.59114056921
       1.358       1.59112885422
       1.359       1.59111714191
       1.36       1.59110543227
       1.361       1.59109372525
       1.362       1.59108202084
       1.363       1.59107031901
       1.364       1.59105861974
       1.365       1.59104692298
       1.366       1.59103522873
       1.367       1.59102353695
       1.368       1.59101184761
       1.369       1.5910001607
       1.37       1.59098847617
       1.371       1.59097679402
       1.372       1.5909651142
       1.373       1.5909534367
       1.374       1.59094176149
       1.375       1.59093008854
       1.376       1.59091841782
       1.377       1.59090674932
       1.378       1.59089508301
       1.379       1.59088341886
       1.38       1.59087175684
       1.381       1.59086009693
       1.382       1.59084843911
       1.383       1.59083678334
       1.384       1.59082512961
       1.385       1.5908134779
       1.386       1.59080182816
       1.387       1.59079018039
       1.388       1.59077853455
       1.389       1.59076689062
       1.39       1.59075524858
       1.391       1.5907436084
       1.392       1.59073197006
       1.393       1.59072033353
       1.394       1.5907086988
       1.395       1.59069706582
       1.396       1.59068543459
       1.397       1.59067380508
       1.398       1.59066217726
       1.399       1.59065055111
       1.4       1.5906389266
       1.401       1.59062730372
       1.402       1.59061568244
       1.403       1.59060406273
       1.404       1.59059244457
       1.405       1.59058082795
       1.406       1.59056921282
       1.407       1.59055759919
       1.408       1.59054598701
       1.409       1.59053437627
       1.41       1.59052276694
       1.411       1.590511159
       1.412       1.59049955243
       1.413       1.59048794721
       1.414       1.59047634331
       1.415       1.59046474071
       1.416       1.59045313939
       1.417       1.59044153933
       1.418       1.59042994049
       1.419       1.59041834287
       1.42       1.59040674644
       1.421       1.59039515118
       1.422       1.59038355706
       1.423       1.59037196407
       1.424       1.59036037218
       1.425       1.59034878136
       1.426       1.59033719161
       1.427       1.59032560289
       1.428       1.59031401519
       1.429       1.59030242848
       1.43       1.59029084274
       1.431       1.59027925795
       1.432       1.5902676741
       1.433       1.59025609115
       1.434       1.59024450909
       1.435       1.59023292789
       1.436       1.59022134754
       1.437       1.59020976802
       1.438       1.5901981893
       1.439       1.59018661136
       1.44       1.59017503419
       1.441       1.59016345775
       1.442       1.59015188204
       1.443       1.59014030703
       1.444       1.59012873269
       1.445       1.59011715902
       1.446       1.59010558599
       1.447       1.59009401358
       1.448       1.59008244176
       1.449       1.59007087053
       1.45       1.59005929985
       1.451       1.59004772971
       1.452       1.5900361601
       1.453       1.59002459098
       1.454       1.59001302234
       1.455       1.59000145416
       1.456       1.58998988642
       1.457       1.58997831911
       1.458       1.58996675219
       1.459       1.58995518566
       1.46       1.58994361948
       1.461       1.58993205365
       1.462       1.58992048815
       1.463       1.58990892295
       1.464       1.58989735804
       1.465       1.58988579339
       1.466       1.58987422899
       1.467       1.58986266481
       1.468       1.58985110085
       1.469       1.58983953708
       1.47       1.58982797348
       1.471       1.58981641003
       1.472       1.58980484672
       1.473       1.58979328353
       1.474       1.58978172043
       1.475       1.58977015741
       1.476       1.58975859445
       1.477       1.58974703154
       1.478       1.58973546864
       1.479       1.58972390576
       1.48       1.58971234286
       1.481       1.58970077993
       1.482       1.58968921695
       1.483       1.58967765391
       1.484       1.58966609078
       1.485       1.58965452755
       1.486       1.5896429642
       1.487       1.58963140071
       1.488       1.58961983707
       1.489       1.58960827325
       1.49       1.58959670924
       1.491       1.58958514502
       1.492       1.58957358058
       1.493       1.58956201589
       1.494       1.58955045095
       1.495       1.58953888572
       1.496       1.5895273202
       1.497       1.58951575436
       1.498       1.5895041882
       1.499       1.58949262169
       1.5       1.58948105481
       1.501       1.58946948756
       1.502       1.5894579199
       1.503       1.58944635183
       1.504       1.58943478333
       1.505       1.58942321438
       1.506       1.58941164496
       1.507       1.58940007507
       1.508       1.58938850467
       1.509       1.58937693376
       1.51       1.58936536231
       1.511       1.58935379032
       1.512       1.58934221776
       1.513       1.58933064462
       1.514       1.58931907089
       1.515       1.58930749654
       1.516       1.58929592155
       1.517       1.58928434593
       1.518       1.58927276964
       1.519       1.58926119267
       1.52       1.58924961501
       1.521       1.58923803663
       1.522       1.58922645753
       1.523       1.58921487769
       1.524       1.58920329709
       1.525       1.58919171571
       1.526       1.58918013354
       1.527       1.58916855057
       1.528       1.58915696678
       1.529       1.58914538215
       1.53       1.58913379667
