optics u	0.60  1.20  0.5  2250.0  1 1 0
aperture   lens      0.0     0.0000    56.3599    0.0  0.000  0.000e+00  0.000e+00  0.000e+00  0.000e+00  0.000e+00  0.000e+00  0.000e+00  0.000e+00  0.000e+00 0.000e+00  0.000e+00  0.000e+00  0.000e+00  0.000e+00  0.000e+00 none vacuum none
L1S1       lens   -127.9    -3.0000    71.7425    0.0  0.000  0.000e+00  0.000e+00  0.000e+00  0.000e+00  0.000e+00  0.000e+00  0.000e+00  0.000e+00  0.000e+00 0.000e+00  0.000e+00  0.000e+00  0.000e+00  0.000e+00  0.000e+00 none s-lah55v.txt none
L1S2       lens   -231.9   -19.3545    66.1490    0.0  0.000  0.000e+00  0.000e+00  0.000e+00  0.000e+00  0.000e+00  0.000e+00  0.000e+00  0.000e+00  0.000e+00 0.000e+00  0.000e+00  0.000e+00  0.000e+00  0.000e+00  0.000e+00  none vacuum none
L2S1       lens    -97.0   -21.3089    53.1620    0.0  0.000  0.000e+00  0.000e+00  0.000e+00  0.000e+00  0.000e+00  0.000e+00  0.000e+00  0.000e+00  0.000e+00 0.000e+00  0.000e+00  0.000e+00  0.000e+00  0.000e+00  0.000e+00  none s-phm52.txt none
L2S2       lens   -585.3   -20.7166    45.1970    0.0  0.000  0.000e+00  0.000e+00  0.000e+00  0.000e+00  0.000e+00  0.000e+00  0.000e+00  0.000e+00  0.000e+00 0.000e+00  0.000e+00  0.000e+00  0.000e+00  0.000e+00  0.000e+00  none vacuum none
stop       lens      0.0    -1.78      40.6400    0.0  0.000  0.000e+00  0.000e+00  0.000e+00  0.000e+00  0.000e+00  0.000e+00  0.000e+00  0.000e+00  0.000e+00 0.000e+00  0.000e+00  0.000e+00  0.000e+00  0.000e+00  0.000e+00  none vacuum none
L3S1       lens   -395.9    -3.2109    49.0475    0.0  0.000  0.000e+00  0.000e+00  0.000e+00  0.000e+00  0.000e+00  0.000e+00  0.000e+00  0.000e+00  0.000e+00 0.000e+00  0.000e+00  0.000e+00  0.000e+00  0.000e+00  0.000e+00  none s-nph2.txt none
L3S2       lens    -85.2    -4.9912    42.7090    0.0  0.000  0.000e+00  0.000e+00  1.270e-10  0.000e+00  1.602e-14  0.000e+00  8.026e-18  0.000e+00 -6.616e-23 0.000e+00  0.000e+00  0.000e+00  0.000e+00  0.000e+00  0.000e+00  none vacuum none
L4S1       lens     97.2   -23.8003    43.6870    0.0  0.000  0.000e+00  0.000e+00  0.000e+00  0.000e+00  0.000e+00  0.000e+00  0.000e+00  0.000e+00  0.000e+00 0.000e+00  0.000e+00  0.000e+00  0.000e+00  0.000e+00  0.000e+00  none s-nbm51.txt none
L4S2       lens    154.2    -5.0208    49.0450    0.0  0.000  0.000e+00  0.000e+00  0.000e+00  0.000e+00  0.000e+00  0.000e+00  0.000e+00  0.000e+00  0.000e+00 0.000e+00  0.000e+00  0.000e+00  0.000e+00  0.000e+00  0.000e+00  none vacuum none
L5S1       lens   -121.9    -1.9170    59.1820    0.0  0.000  0.000e+00  0.000e+00  0.000e+00  0.000e+00  0.000e+00  0.000e+00  0.000e+00  0.000e+00  0.000e+00 0.000e+00  0.000e+00  0.000e+00  0.000e+00  0.000e+00  0.000e+00  none s-lam3.txt none
L5S2       lens    257.9   -28.7493    35.4695    0.0  0.000  0.000e+00  0.000e+00  0.000e+00  0.000e+00  0.000e+00  0.000e+00  0.000e+00  0.000e+00  0.000e+00 0.000e+00  0.000e+00  0.000e+00  0.000e+00  0.000e+00  0.000e+00  none vacuum none
L6S1       lens   -102.0   -48.4345    51.5875    0.0  0.000  0.000e+00  0.000e+00 -9.702e-11  0.000e+00  4.366e-14  0.000e+00 -1.401e-17  0.000e+00  2.894e-21 0.000e+00  0.000e+00  0.000e+00  0.000e+00  0.000e+00  0.000e+00  none s-lah59.txt none
L6S2       lens   -179.6   -14.5435    46.6900    0.0  0.000  0.000e+00  0.000e+00  0.000e+00  0.000e+00  0.000e+00  0.000e+00  0.000e+00  0.000e+00  0.000e+00 0.000e+00  0.000e+00  0.000e+00  0.000e+00  0.000e+00  0.000e+00  none vacuum none
L7S1       lens     77.0   -23.2287    46.0030    0.0  0.000  0.000e+00  0.000e+00  0.000e+00  0.000e+00  0.000e+00  0.000e+00  0.000e+00  0.000e+00  0.000e+00 0.000e+00  0.000e+00  0.000e+00  0.000e+00  0.000e+00  0.000e+00  none s-tih14.txt none
L7S2       lens      0.0    -5.0013    51.5875    0.0  0.000  0.000e+00  0.000e+00  0.000e+00  0.000e+00  0.000e+00  0.000e+00  0.000e+00  0.000e+00  0.000e+00 0.000e+00  0.000e+00  0.000e+00  0.000e+00  0.000e+00  0.000e+00  none vacuum none
det        det       0.0    -4.0542   400.0000    0.0  0.000  0.000e+00  0.000e+00  0.000e+00  0.000e+00  0.000e+00  0.000e+00  0.000e+00  0.000e+00  0.000e+00 0.000e+00  0.000e+00  0.000e+00  0.000e+00  0.000e+00  0.000e+00  none vacuum none
