     0.300000      1.78531
     0.300900      1.78468
     0.301800      1.78406
     0.302700      1.78345
     0.303600      1.78284
     0.304500      1.78224
     0.305400      1.78165
     0.306300      1.78106
     0.307200      1.78048
     0.308100      1.77990
     0.309000      1.77933
     0.309900      1.77876
     0.310800      1.77820
     0.311700      1.77765
     0.312600      1.77710
     0.313500      1.77656
     0.314400      1.77602
     0.315300      1.77549
     0.316200      1.77497
     0.317100      1.77444
     0.318000      1.77393
     0.318900      1.77342
     0.319800      1.77291
     0.320700      1.77241
     0.321600      1.77192
     0.322500      1.77142
     0.323400      1.77094
     0.324300      1.77046
     0.325200      1.76998
     0.326100      1.76951
     0.327000      1.76904
     0.327900      1.76858
     0.328800      1.76812
     0.329700      1.76766
     0.330600      1.76721
     0.331500      1.76676
     0.332400      1.76632
     0.333300      1.76588
     0.334200      1.76545
     0.335100      1.76502
     0.336000      1.76459
     0.336900      1.76417
     0.337800      1.76375
     0.338700      1.76334
     0.339600      1.76293
     0.340500      1.76252
     0.341400      1.76212
     0.342300      1.76172
     0.343200      1.76132
     0.344100      1.76093
     0.345000      1.76054
     0.345900      1.76016
     0.346800      1.75977
     0.347700      1.75939
     0.348600      1.75902
     0.349500      1.75865
     0.350400      1.75828
     0.351300      1.75791
     0.352200      1.75755
     0.353100      1.75719
     0.354000      1.75683
     0.354900      1.75648
     0.355800      1.75613
     0.356700      1.75578
     0.357600      1.75544
     0.358500      1.75510
     0.359400      1.75476
     0.360300      1.75442
     0.361200      1.75409
     0.362100      1.75376
     0.363000      1.75343
     0.363900      1.75311
     0.364800      1.75278
     0.365700      1.75247
     0.366600      1.75215
     0.367500      1.75183
     0.368400      1.75152
     0.369300      1.75121
     0.370200      1.75091
     0.371100      1.75060
     0.372000      1.75030
     0.372900      1.75000
     0.373800      1.74971
     0.374700      1.74941
     0.375600      1.74912
     0.376500      1.74883
     0.377400      1.74854
     0.378300      1.74826
     0.379200      1.74798
     0.380100      1.74770
     0.381000      1.74742
     0.381900      1.74714
     0.382800      1.74687
     0.383700      1.74660
     0.384600      1.74633
     0.385500      1.74606
     0.386400      1.74579
     0.387300      1.74553
     0.388200      1.74527
     0.389100      1.74501
     0.390000      1.74475
     0.390900      1.74450
     0.391800      1.74424
     0.392700      1.74399
     0.393600      1.74374
     0.394500      1.74349
     0.395400      1.74325
     0.396300      1.74300
     0.397200      1.74276
     0.398100      1.74252
     0.399000      1.74228
     0.399900      1.74204
     0.400800      1.74181
     0.401700      1.74158
     0.402600      1.74134
     0.403500      1.74111
     0.404400      1.74089
     0.405300      1.74066
     0.406200      1.74043
     0.407100      1.74021
     0.408000      1.73999
     0.408900      1.73977
     0.409800      1.73955
     0.410700      1.73933
     0.411600      1.73912
     0.412500      1.73890
     0.413400      1.73869
     0.414300      1.73848
     0.415200      1.73827
     0.416100      1.73806
     0.417000      1.73786
     0.417900      1.73765
     0.418800      1.73745
     0.419700      1.73724
     0.420600      1.73704
     0.421500      1.73684
     0.422400      1.73665
     0.423300      1.73645
     0.424200      1.73625
     0.425100      1.73606
     0.426000      1.73587
     0.426900      1.73568
     0.427800      1.73549
     0.428700      1.73530
     0.429600      1.73511
     0.430500      1.73493
     0.431400      1.73474
     0.432300      1.73456
     0.433200      1.73437
     0.434100      1.73419
     0.435000      1.73401
     0.435900      1.73383
     0.436800      1.73366
     0.437700      1.73348
     0.438600      1.73331
     0.439500      1.73313
     0.440400      1.73296
     0.441300      1.73279
     0.442200      1.73262
     0.443100      1.73245
     0.444000      1.73228
     0.444900      1.73211
     0.445800      1.73195
     0.446700      1.73178
     0.447600      1.73162
     0.448500      1.73145
     0.449400      1.73129
     0.450300      1.73113
     0.451200      1.73097
     0.452100      1.73081
     0.453000      1.73066
     0.453900      1.73050
     0.454800      1.73034
     0.455700      1.73019
     0.456600      1.73003
     0.457500      1.72988
     0.458400      1.72973
     0.459300      1.72958
     0.460200      1.72943
     0.461100      1.72928
     0.462000      1.72913
     0.462900      1.72899
     0.463800      1.72884
     0.464700      1.72869
     0.465600      1.72855
     0.466500      1.72841
     0.467400      1.72826
     0.468300      1.72812
     0.469200      1.72798
     0.470100      1.72784
     0.471000      1.72770
     0.471900      1.72756
     0.472800      1.72743
     0.473700      1.72729
     0.474600      1.72715
     0.475500      1.72702
     0.476400      1.72689
     0.477300      1.72675
     0.478200      1.72662
     0.479100      1.72649
     0.480000      1.72636
     0.480900      1.72623
     0.481800      1.72610
     0.482700      1.72597
     0.483600      1.72584
     0.484500      1.72571
     0.485400      1.72559
     0.486300      1.72546
     0.487200      1.72534
     0.488100      1.72521
     0.489000      1.72509
     0.489900      1.72497
     0.490800      1.72485
     0.491700      1.72472
     0.492600      1.72460
     0.493500      1.72448
     0.494400      1.72437
     0.495300      1.72425
     0.496200      1.72413
     0.497100      1.72401
     0.498000      1.72390
     0.498900      1.72378
     0.499800      1.72366
     0.500700      1.72355
     0.501600      1.72344
     0.502500      1.72332
     0.503400      1.72321
     0.504300      1.72310
     0.505200      1.72299
     0.506100      1.72288
     0.507000      1.72277
     0.507900      1.72266
     0.508800      1.72255
     0.509700      1.72244
     0.510600      1.72233
     0.511500      1.72223
     0.512400      1.72212
     0.513300      1.72202
     0.514200      1.72191
     0.515100      1.72181
     0.516000      1.72170
     0.516900      1.72160
     0.517800      1.72150
     0.518700      1.72139
     0.519600      1.72129
     0.520500      1.72119
     0.521400      1.72109
     0.522300      1.72099
     0.523200      1.72089
     0.524100      1.72079
     0.525000      1.72069
     0.525900      1.72060
     0.526800      1.72050
     0.527700      1.72040
     0.528600      1.72031
     0.529500      1.72021
     0.530400      1.72012
     0.531300      1.72002
     0.532200      1.71993
     0.533100      1.71983
     0.534000      1.71974
     0.534900      1.71965
     0.535800      1.71955
     0.536700      1.71946
     0.537600      1.71937
     0.538500      1.71928
     0.539400      1.71919
     0.540300      1.71910
     0.541200      1.71901
     0.542100      1.71892
     0.543000      1.71883
     0.543900      1.71875
     0.544800      1.71866
     0.545700      1.71857
     0.546600      1.71848
     0.547500      1.71840
     0.548400      1.71831
     0.549300      1.71823
     0.550200      1.71814
     0.551100      1.71806
     0.552000      1.71797
     0.552900      1.71789
     0.553800      1.71781
     0.554700      1.71773
     0.555600      1.71764
     0.556500      1.71756
     0.557400      1.71748
     0.558300      1.71740
     0.559200      1.71732
     0.560100      1.71724
     0.561000      1.71716
     0.561900      1.71708
     0.562800      1.71700
     0.563700      1.71692
     0.564600      1.71684
     0.565500      1.71677
     0.566400      1.71669
     0.567300      1.71661
     0.568200      1.71653
     0.569100      1.71646
     0.570000      1.71638
     0.570900      1.71631
     0.571800      1.71623
     0.572700      1.71616
     0.573600      1.71608
     0.574500      1.71601
     0.575400      1.71594
     0.576300      1.71586
     0.577200      1.71579
     0.578100      1.71572
     0.579000      1.71564
     0.579900      1.71557
     0.580800      1.71550
     0.581700      1.71543
     0.582600      1.71536
     0.583500      1.71529
     0.584400      1.71522
     0.585300      1.71515
     0.586200      1.71508
     0.587100      1.71501
     0.588000      1.71494
     0.588900      1.71487
     0.589800      1.71480
     0.590700      1.71474
     0.591600      1.71467
     0.592500      1.71460
     0.593400      1.71453
     0.594300      1.71447
     0.595200      1.71440
     0.596100      1.71434
     0.597000      1.71427
     0.597900      1.71420
     0.598800      1.71414
     0.599700      1.71407
     0.600600      1.71401
     0.601500      1.71395
     0.602400      1.71388
     0.603300      1.71382
     0.604200      1.71376
     0.605100      1.71369
     0.606000      1.71363
     0.606900      1.71357
     0.607800      1.71351
     0.608700      1.71344
     0.609600      1.71338
     0.610500      1.71332
     0.611400      1.71326
     0.612300      1.71320
     0.613200      1.71314
     0.614100      1.71308
     0.615000      1.71302
     0.615900      1.71296
     0.616800      1.71290
     0.617700      1.71284
     0.618600      1.71278
     0.619500      1.71272
     0.620400      1.71267
     0.621300      1.71261
     0.622200      1.71255
     0.623100      1.71249
     0.624000      1.71244
     0.624900      1.71238
     0.625800      1.71232
     0.626700      1.71227
     0.627600      1.71221
     0.628500      1.71215
     0.629400      1.71210
     0.630300      1.71204
     0.631200      1.71199
     0.632100      1.71193
     0.633000      1.71188
     0.633900      1.71182
     0.634800      1.71177
     0.635700      1.71172
     0.636600      1.71166
     0.637500      1.71161
     0.638400      1.71156
     0.639300      1.71150
     0.640200      1.71145
     0.641100      1.71140
     0.642000      1.71135
     0.642900      1.71129
     0.643800      1.71124
     0.644700      1.71119
     0.645600      1.71114
     0.646500      1.71109
     0.647400      1.71104
     0.648300      1.71099
     0.649200      1.71094
     0.650100      1.71088
     0.651000      1.71083
     0.651900      1.71078
     0.652800      1.71074
     0.653700      1.71069
     0.654600      1.71064
     0.655500      1.71059
     0.656400      1.71054
     0.657300      1.71049
     0.658200      1.71044
     0.659100      1.71039
     0.660000      1.71035
     0.660900      1.71030
     0.661800      1.71025
     0.662700      1.71020
     0.663600      1.71016
     0.664500      1.71011
     0.665400      1.71006
     0.666300      1.71002
     0.667200      1.70997
     0.668100      1.70992
     0.669000      1.70988
     0.669900      1.70983
     0.670800      1.70978
     0.671700      1.70974
     0.672600      1.70969
     0.673500      1.70965
     0.674400      1.70960
     0.675300      1.70956
     0.676200      1.70952
     0.677100      1.70947
     0.678000      1.70943
     0.678900      1.70938
     0.679800      1.70934
     0.680700      1.70930
     0.681600      1.70925
     0.682500      1.70921
     0.683400      1.70917
     0.684300      1.70912
     0.685200      1.70908
     0.686100      1.70904
     0.687000      1.70900
     0.687900      1.70895
     0.688800      1.70891
     0.689700      1.70887
     0.690600      1.70883
     0.691500      1.70879
     0.692400      1.70874
     0.693300      1.70870
     0.694200      1.70866
     0.695100      1.70862
     0.696000      1.70858
     0.696900      1.70854
     0.697800      1.70850
     0.698700      1.70846
     0.699600      1.70842
     0.700500      1.70838
     0.701400      1.70834
     0.702300      1.70830
     0.703200      1.70826
     0.704100      1.70822
     0.705000      1.70818
     0.705900      1.70814
     0.706800      1.70810
     0.707700      1.70807
     0.708600      1.70803
     0.709500      1.70799
     0.710400      1.70795
     0.711300      1.70791
     0.712200      1.70787
     0.713100      1.70784
     0.714000      1.70780
     0.714900      1.70776
     0.715800      1.70772
     0.716700      1.70769
     0.717600      1.70765
     0.718500      1.70761
     0.719400      1.70758
     0.720300      1.70754
     0.721200      1.70750
     0.722100      1.70747
     0.723000      1.70743
     0.723900      1.70740
     0.724800      1.70736
     0.725700      1.70732
     0.726600      1.70729
     0.727500      1.70725
     0.728400      1.70722
     0.729300      1.70718
     0.730200      1.70715
     0.731100      1.70711
     0.732000      1.70708
     0.732900      1.70704
     0.733800      1.70701
     0.734700      1.70697
     0.735600      1.70694
     0.736500      1.70690
     0.737400      1.70687
     0.738300      1.70684
     0.739200      1.70680
     0.740100      1.70677
     0.741000      1.70674
     0.741900      1.70670
     0.742800      1.70667
     0.743700      1.70664
     0.744600      1.70660
     0.745500      1.70657
     0.746400      1.70654
     0.747300      1.70650
     0.748200      1.70647
     0.749100      1.70644
     0.750000      1.70641
     0.750900      1.70638
     0.751800      1.70634
     0.752700      1.70631
     0.753600      1.70628
     0.754500      1.70625
     0.755400      1.70622
     0.756300      1.70618
     0.757200      1.70615
     0.758100      1.70612
     0.759000      1.70609
     0.759900      1.70606
     0.760800      1.70603
     0.761700      1.70600
     0.762600      1.70597
     0.763500      1.70594
     0.764400      1.70591
     0.765300      1.70588
     0.766200      1.70585
     0.767100      1.70582
     0.768000      1.70579
     0.768900      1.70576
     0.769800      1.70573
     0.770700      1.70570
     0.771600      1.70567
     0.772500      1.70564
     0.773400      1.70561
     0.774300      1.70558
     0.775200      1.70555
     0.776100      1.70552
     0.777000      1.70549
     0.777900      1.70546
     0.778800      1.70543
     0.779700      1.70540
     0.780600      1.70538
     0.781500      1.70535
     0.782400      1.70532
     0.783300      1.70529
     0.784200      1.70526
     0.785100      1.70523
     0.786000      1.70521
     0.786900      1.70518
     0.787800      1.70515
     0.788700      1.70512
     0.789600      1.70510
     0.790500      1.70507
     0.791400      1.70504
     0.792300      1.70501
     0.793200      1.70499
     0.794100      1.70496
     0.795000      1.70493
     0.795900      1.70491
     0.796800      1.70488
     0.797700      1.70485
     0.798600      1.70482
     0.799500      1.70480
     0.800400      1.70477
     0.801300      1.70475
     0.802200      1.70472
     0.803100      1.70469
     0.804000      1.70467
     0.804900      1.70464
     0.805800      1.70461
     0.806700      1.70459
     0.807600      1.70456
     0.808500      1.70454
     0.809400      1.70451
     0.810300      1.70449
     0.811200      1.70446
     0.812100      1.70444
     0.813000      1.70441
     0.813900      1.70439
     0.814800      1.70436
     0.815700      1.70434
     0.816600      1.70431
     0.817500      1.70429
     0.818400      1.70426
     0.819300      1.70424
     0.820200      1.70421
     0.821100      1.70419
     0.822000      1.70416
     0.822900      1.70414
     0.823800      1.70411
     0.824700      1.70409
     0.825600      1.70407
     0.826500      1.70404
     0.827400      1.70402
     0.828300      1.70399
     0.829200      1.70397
     0.830100      1.70395
     0.831000      1.70392
     0.831900      1.70390
     0.832800      1.70388
     0.833700      1.70385
     0.834600      1.70383
     0.835500      1.70381
     0.836400      1.70378
     0.837300      1.70376
     0.838200      1.70374
     0.839100      1.70372
     0.840000      1.70369
     0.840900      1.70367
     0.841800      1.70365
     0.842700      1.70362
     0.843600      1.70360
     0.844500      1.70358
     0.845400      1.70356
     0.846300      1.70353
     0.847200      1.70351
     0.848100      1.70349
     0.849000      1.70347
     0.849900      1.70345
     0.850800      1.70342
     0.851700      1.70340
     0.852600      1.70338
     0.853500      1.70336
     0.854400      1.70334
     0.855300      1.70332
     0.856200      1.70329
     0.857100      1.70327
     0.858000      1.70325
     0.858900      1.70323
     0.859800      1.70321
     0.860700      1.70319
     0.861600      1.70317
     0.862500      1.70315
     0.863400      1.70312
     0.864300      1.70310
     0.865200      1.70308
     0.866100      1.70306
     0.867000      1.70304
     0.867900      1.70302
     0.868800      1.70300
     0.869700      1.70298
     0.870600      1.70296
     0.871500      1.70294
     0.872400      1.70292
     0.873300      1.70290
     0.874200      1.70288
     0.875100      1.70286
     0.876000      1.70284
     0.876900      1.70282
     0.877800      1.70280
     0.878700      1.70278
     0.879600      1.70276
     0.880500      1.70274
     0.881400      1.70272
     0.882300      1.70270
     0.883200      1.70268
     0.884100      1.70266
     0.885000      1.70264
     0.885900      1.70262
     0.886800      1.70260
     0.887700      1.70258
     0.888600      1.70256
     0.889500      1.70254
     0.890400      1.70253
     0.891300      1.70251
     0.892200      1.70249
     0.893100      1.70247
     0.894000      1.70245
     0.894900      1.70243
     0.895800      1.70241
     0.896700      1.70239
     0.897600      1.70237
     0.898500      1.70236
     0.899400      1.70234
     0.900300      1.70232
     0.901200      1.70230
     0.902100      1.70228
     0.903000      1.70226
     0.903900      1.70225
     0.904800      1.70223
     0.905700      1.70221
     0.906600      1.70219
     0.907500      1.70217
     0.908400      1.70216
     0.909300      1.70214
     0.910200      1.70212
     0.911100      1.70210
     0.912000      1.70208
     0.912900      1.70207
     0.913800      1.70205
     0.914700      1.70203
     0.915600      1.70201
     0.916500      1.70200
     0.917400      1.70198
     0.918300      1.70196
     0.919200      1.70194
     0.920100      1.70193
     0.921000      1.70191
     0.921900      1.70189
     0.922800      1.70188
     0.923700      1.70186
     0.924600      1.70184
     0.925500      1.70182
     0.926400      1.70181
     0.927300      1.70179
     0.928200      1.70177
     0.929100      1.70176
     0.930000      1.70174
     0.930900      1.70172
     0.931800      1.70171
     0.932700      1.70169
     0.933600      1.70167
     0.934500      1.70166
     0.935400      1.70164
     0.936300      1.70163
     0.937200      1.70161
     0.938100      1.70159
     0.939000      1.70158
     0.939900      1.70156
     0.940800      1.70154
     0.941700      1.70153
     0.942600      1.70151
     0.943500      1.70150
     0.944400      1.70148
     0.945300      1.70146
     0.946200      1.70145
     0.947100      1.70143
     0.948000      1.70142
     0.948900      1.70140
     0.949800      1.70139
     0.950700      1.70137
     0.951600      1.70135
     0.952500      1.70134
     0.953400      1.70132
     0.954300      1.70131
     0.955200      1.70129
     0.956100      1.70128
     0.957000      1.70126
     0.957900      1.70125
     0.958800      1.70123
     0.959700      1.70122
     0.960600      1.70120
     0.961500      1.70119
     0.962400      1.70117
     0.963300      1.70116
     0.964200      1.70114
     0.965100      1.70113
     0.966000      1.70111
     0.966900      1.70110
     0.967800      1.70108
     0.968700      1.70107
     0.969600      1.70105
     0.970500      1.70104
     0.971400      1.70102
     0.972300      1.70101
     0.973200      1.70099
     0.974100      1.70098
     0.975000      1.70096
     0.975900      1.70095
     0.976800      1.70094
     0.977700      1.70092
     0.978600      1.70091
     0.979500      1.70089
     0.980400      1.70088
     0.981300      1.70086
     0.982200      1.70085
     0.983100      1.70084
     0.984000      1.70082
     0.984900      1.70081
     0.985800      1.70079
     0.986700      1.70078
     0.987600      1.70077
     0.988500      1.70075
     0.989400      1.70074
     0.990300      1.70072
     0.991200      1.70071
     0.992100      1.70070
     0.993000      1.70068
     0.993900      1.70067
     0.994800      1.70066
     0.995700      1.70064
     0.996600      1.70063
     0.997500      1.70062
     0.998400      1.70060
     0.999300      1.70059
      1.00020      1.70058
      1.00110      1.70056
      1.00200      1.70055
      1.00290      1.70054
      1.00380      1.70052
      1.00470      1.70051
      1.00560      1.70050
      1.00650      1.70048
      1.00740      1.70047
      1.00830      1.70046
      1.00920      1.70044
      1.01010      1.70043
      1.01100      1.70042
      1.01190      1.70040
      1.01280      1.70039
      1.01370      1.70038
      1.01460      1.70037
      1.01550      1.70035
      1.01640      1.70034
      1.01730      1.70033
      1.01820      1.70031
      1.01910      1.70030
      1.02000      1.70029
      1.02090      1.70028
      1.02180      1.70026
      1.02270      1.70025
      1.02360      1.70024
      1.02450      1.70023
      1.02540      1.70021
      1.02630      1.70020
      1.02720      1.70019
      1.02810      1.70018
      1.02900      1.70017
      1.02990      1.70015
      1.03080      1.70014
      1.03170      1.70013
      1.03260      1.70012
      1.03350      1.70010
      1.03440      1.70009
      1.03530      1.70008
      1.03620      1.70007
      1.03710      1.70006
      1.03800      1.70004
      1.03890      1.70003
      1.03980      1.70002
      1.04070      1.70001
      1.04160      1.70000
      1.04250      1.69999
      1.04340      1.69997
      1.04430      1.69996
      1.04520      1.69995
      1.04610      1.69994
      1.04700      1.69993
      1.04790      1.69992
      1.04880      1.69990
      1.04970      1.69989
      1.05060      1.69988
      1.05150      1.69987
      1.05240      1.69986
      1.05330      1.69985
      1.05420      1.69983
      1.05510      1.69982
      1.05600      1.69981
      1.05690      1.69980
      1.05780      1.69979
      1.05870      1.69978
      1.05960      1.69977
      1.06050      1.69976
      1.06140      1.69974
      1.06230      1.69973
      1.06320      1.69972
      1.06410      1.69971
      1.06500      1.69970
      1.06590      1.69969
      1.06680      1.69968
      1.06770      1.69967
      1.06860      1.69966
      1.06950      1.69965
      1.07040      1.69963
      1.07130      1.69962
      1.07220      1.69961
      1.07310      1.69960
      1.07400      1.69959
      1.07490      1.69958
      1.07580      1.69957
      1.07670      1.69956
      1.07760      1.69955
      1.07850      1.69954
      1.07940      1.69953
      1.08030      1.69952
      1.08120      1.69951
      1.08210      1.69950
      1.08300      1.69948
      1.08390      1.69947
      1.08480      1.69946
      1.08570      1.69945
      1.08660      1.69944
      1.08750      1.69943
      1.08840      1.69942
      1.08930      1.69941
      1.09020      1.69940
      1.09110      1.69939
      1.09200      1.69938
      1.09290      1.69937
      1.09380      1.69936
      1.09470      1.69935
      1.09560      1.69934
      1.09650      1.69933
      1.09740      1.69932
      1.09830      1.69931
      1.09920      1.69930
      1.10010      1.69929
      1.10100      1.69928
      1.10190      1.69927
      1.10280      1.69926
      1.10370      1.69925
      1.10460      1.69924
      1.10550      1.69923
      1.10640      1.69922
      1.10730      1.69921
      1.10820      1.69920
      1.10910      1.69919
      1.11000      1.69918
      1.11090      1.69917
      1.11180      1.69916
      1.11270      1.69915
      1.11360      1.69914
      1.11450      1.69913
      1.11540      1.69912
      1.11630      1.69911
      1.11720      1.69910
      1.11810      1.69909
      1.11900      1.69909
      1.11990      1.69908
      1.12080      1.69907
      1.12170      1.69906
      1.12260      1.69905
      1.12350      1.69904
      1.12440      1.69903
      1.12530      1.69902
      1.12620      1.69901
      1.12710      1.69900
      1.12800      1.69899
      1.12890      1.69898
      1.12980      1.69897
      1.13070      1.69896
      1.13160      1.69895
      1.13250      1.69895
      1.13340      1.69894
      1.13430      1.69893
      1.13520      1.69892
      1.13610      1.69891
      1.13700      1.69890
      1.13790      1.69889
      1.13880      1.69888
      1.13970      1.69887
      1.14060      1.69886
      1.14150      1.69885
      1.14240      1.69885
      1.14330      1.69884
      1.14420      1.69883
      1.14510      1.69882
      1.14600      1.69881
      1.14690      1.69880
      1.14780      1.69879
      1.14870      1.69878
      1.14960      1.69878
      1.15050      1.69877
      1.15140      1.69876
      1.15230      1.69875
      1.15320      1.69874
      1.15410      1.69873
      1.15500      1.69872
      1.15590      1.69871
      1.15680      1.69871
      1.15770      1.69870
      1.15860      1.69869
      1.15950      1.69868
      1.16040      1.69867
      1.16130      1.69866
      1.16220      1.69865
      1.16310      1.69865
      1.16400      1.69864
      1.16490      1.69863
      1.16580      1.69862
      1.16670      1.69861
      1.16760      1.69860
      1.16850      1.69860
      1.16940      1.69859
      1.17030      1.69858
      1.17120      1.69857
      1.17210      1.69856
      1.17300      1.69855
      1.17390      1.69855
      1.17480      1.69854
      1.17570      1.69853
      1.17660      1.69852
      1.17750      1.69851
      1.17840      1.69851
      1.17930      1.69850
      1.18020      1.69849
      1.18110      1.69848
      1.18200      1.69847
      1.18290      1.69846
      1.18380      1.69846
      1.18470      1.69845
      1.18560      1.69844
      1.18650      1.69843
      1.18740      1.69843
      1.18830      1.69842
      1.18920      1.69841
      1.19010      1.69840
      1.19100      1.69839
      1.19190      1.69839
      1.19280      1.69838
      1.19370      1.69837
      1.19460      1.69836
      1.19550      1.69835
      1.19640      1.69835
      1.19730      1.69834
      1.19820      1.69833
      1.19910      1.69832
