     0.300000      1.90137
     0.300900      1.90063
     0.301800      1.89989
     0.302700      1.89916
     0.303600      1.89844
     0.304500      1.89773
     0.305400      1.89703
     0.306300      1.89633
     0.307200      1.89564
     0.308100      1.89495
     0.309000      1.89428
     0.309900      1.89361
     0.310800      1.89295
     0.311700      1.89229
     0.312600      1.89164
     0.313500      1.89100
     0.314400      1.89036
     0.315300      1.88973
     0.316200      1.88911
     0.317100      1.88849
     0.318000      1.88788
     0.318900      1.88728
     0.319800      1.88668
     0.320700      1.88609
     0.321600      1.88550
     0.322500      1.88492
     0.323400      1.88434
     0.324300      1.88377
     0.325200      1.88321
     0.326100      1.88265
     0.327000      1.88209
     0.327900      1.88155
     0.328800      1.88100
     0.329700      1.88046
     0.330600      1.87993
     0.331500      1.87940
     0.332400      1.87888
     0.333300      1.87836
     0.334200      1.87785
     0.335100      1.87734
     0.336000      1.87684
     0.336900      1.87634
     0.337800      1.87584
     0.338700      1.87535
     0.339600      1.87487
     0.340500      1.87438
     0.341400      1.87391
     0.342300      1.87343
     0.343200      1.87297
     0.344100      1.87250
     0.345000      1.87204
     0.345900      1.87159
     0.346800      1.87113
     0.347700      1.87069
     0.348600      1.87024
     0.349500      1.86980
     0.350400      1.86937
     0.351300      1.86893
     0.352200      1.86851
     0.353100      1.86808
     0.354000      1.86766
     0.354900      1.86724
     0.355800      1.86683
     0.356700      1.86642
     0.357600      1.86601
     0.358500      1.86561
     0.359400      1.86521
     0.360300      1.86481
     0.361200      1.86442
     0.362100      1.86403
     0.363000      1.86364
     0.363900      1.86326
     0.364800      1.86288
     0.365700      1.86250
     0.366600      1.86213
     0.367500      1.86175
     0.368400      1.86139
     0.369300      1.86102
     0.370200      1.86066
     0.371100      1.86030
     0.372000      1.85995
     0.372900      1.85959
     0.373800      1.85924
     0.374700      1.85889
     0.375600      1.85855
     0.376500      1.85821
     0.377400      1.85787
     0.378300      1.85753
     0.379200      1.85720
     0.380100      1.85687
     0.381000      1.85654
     0.381900      1.85621
     0.382800      1.85589
     0.383700      1.85557
     0.384600      1.85525
     0.385500      1.85493
     0.386400      1.85462
     0.387300      1.85431
     0.388200      1.85400
     0.389100      1.85370
     0.390000      1.85339
     0.390900      1.85309
     0.391800      1.85279
     0.392700      1.85249
     0.393600      1.85220
     0.394500      1.85191
     0.395400      1.85162
     0.396300      1.85133
     0.397200      1.85104
     0.398100      1.85076
     0.399000      1.85048
     0.399900      1.85020
     0.400800      1.84992
     0.401700      1.84964
     0.402600      1.84937
     0.403500      1.84910
     0.404400      1.84883
     0.405300      1.84856
     0.406200      1.84830
     0.407100      1.84803
     0.408000      1.84777
     0.408900      1.84751
     0.409800      1.84725
     0.410700      1.84700
     0.411600      1.84674
     0.412500      1.84649
     0.413400      1.84624
     0.414300      1.84599
     0.415200      1.84575
     0.416100      1.84550
     0.417000      1.84526
     0.417900      1.84502
     0.418800      1.84478
     0.419700      1.84454
     0.420600      1.84430
     0.421500      1.84407
     0.422400      1.84383
     0.423300      1.84360
     0.424200      1.84337
     0.425100      1.84314
     0.426000      1.84291
     0.426900      1.84269
     0.427800      1.84247
     0.428700      1.84224
     0.429600      1.84202
     0.430500      1.84180
     0.431400      1.84158
     0.432300      1.84137
     0.433200      1.84115
     0.434100      1.84094
     0.435000      1.84073
     0.435900      1.84052
     0.436800      1.84031
     0.437700      1.84010
     0.438600      1.83989
     0.439500      1.83969
     0.440400      1.83949
     0.441300      1.83928
     0.442200      1.83908
     0.443100      1.83888
     0.444000      1.83868
     0.444900      1.83849
     0.445800      1.83829
     0.446700      1.83810
     0.447600      1.83790
     0.448500      1.83771
     0.449400      1.83752
     0.450300      1.83733
     0.451200      1.83714
     0.452100      1.83696
     0.453000      1.83677
     0.453900      1.83659
     0.454800      1.83640
     0.455700      1.83622
     0.456600      1.83604
     0.457500      1.83586
     0.458400      1.83568
     0.459300      1.83550
     0.460200      1.83533
     0.461100      1.83515
     0.462000      1.83498
     0.462900      1.83480
     0.463800      1.83463
     0.464700      1.83446
     0.465600      1.83429
     0.466500      1.83412
     0.467400      1.83395
     0.468300      1.83379
     0.469200      1.83362
     0.470100      1.83346
     0.471000      1.83329
     0.471900      1.83313
     0.472800      1.83297
     0.473700      1.83281
     0.474600      1.83265
     0.475500      1.83249
     0.476400      1.83233
     0.477300      1.83217
     0.478200      1.83202
     0.479100      1.83186
     0.480000      1.83171
     0.480900      1.83155
     0.481800      1.83140
     0.482700      1.83125
     0.483600      1.83110
     0.484500      1.83095
     0.485400      1.83080
     0.486300      1.83065
     0.487200      1.83051
     0.488100      1.83036
     0.489000      1.83022
     0.489900      1.83007
     0.490800      1.82993
     0.491700      1.82979
     0.492600      1.82964
     0.493500      1.82950
     0.494400      1.82936
     0.495300      1.82922
     0.496200      1.82908
     0.497100      1.82895
     0.498000      1.82881
     0.498900      1.82867
     0.499800      1.82854
     0.500700      1.82840
     0.501600      1.82827
     0.502500      1.82814
     0.503400      1.82800
     0.504300      1.82787
     0.505200      1.82774
     0.506100      1.82761
     0.507000      1.82748
     0.507900      1.82735
     0.508800      1.82723
     0.509700      1.82710
     0.510600      1.82697
     0.511500      1.82685
     0.512400      1.82672
     0.513300      1.82660
     0.514200      1.82647
     0.515100      1.82635
     0.516000      1.82623
     0.516900      1.82611
     0.517800      1.82599
     0.518700      1.82586
     0.519600      1.82575
     0.520500      1.82563
     0.521400      1.82551
     0.522300      1.82539
     0.523200      1.82527
     0.524100      1.82516
     0.525000      1.82504
     0.525900      1.82493
     0.526800      1.82481
     0.527700      1.82470
     0.528600      1.82458
     0.529500      1.82447
     0.530400      1.82436
     0.531300      1.82425
     0.532200      1.82414
     0.533100      1.82403
     0.534000      1.82392
     0.534900      1.82381
     0.535800      1.82370
     0.536700      1.82359
     0.537600      1.82348
     0.538500      1.82338
     0.539400      1.82327
     0.540300      1.82317
     0.541200      1.82306
     0.542100      1.82296
     0.543000      1.82285
     0.543900      1.82275
     0.544800      1.82265
     0.545700      1.82254
     0.546600      1.82244
     0.547500      1.82234
     0.548400      1.82224
     0.549300      1.82214
     0.550200      1.82204
     0.551100      1.82194
     0.552000      1.82184
     0.552900      1.82174
     0.553800      1.82164
     0.554700      1.82155
     0.555600      1.82145
     0.556500      1.82135
     0.557400      1.82126
     0.558300      1.82116
     0.559200      1.82107
     0.560100      1.82097
     0.561000      1.82088
     0.561900      1.82079
     0.562800      1.82069
     0.563700      1.82060
     0.564600      1.82051
     0.565500      1.82042
     0.566400      1.82033
     0.567300      1.82024
     0.568200      1.82015
     0.569100      1.82006
     0.570000      1.81997
     0.570900      1.81988
     0.571800      1.81979
     0.572700      1.81970
     0.573600      1.81962
     0.574500      1.81953
     0.575400      1.81944
     0.576300      1.81936
     0.577200      1.81927
     0.578100      1.81918
     0.579000      1.81910
     0.579900      1.81901
     0.580800      1.81893
     0.581700      1.81885
     0.582600      1.81876
     0.583500      1.81868
     0.584400      1.81860
     0.585300      1.81852
     0.586200      1.81843
     0.587100      1.81835
     0.588000      1.81827
     0.588900      1.81819
     0.589800      1.81811
     0.590700      1.81803
     0.591600      1.81795
     0.592500      1.81787
     0.593400      1.81779
     0.594300      1.81772
     0.595200      1.81764
     0.596100      1.81756
     0.597000      1.81748
     0.597900      1.81741
     0.598800      1.81733
     0.599700      1.81725
     0.600600      1.81718
     0.601500      1.81710
     0.602400      1.81703
     0.603300      1.81695
     0.604200      1.81688
     0.605100      1.81680
     0.606000      1.81673
     0.606900      1.81666
     0.607800      1.81658
     0.608700      1.81651
     0.609600      1.81644
     0.610500      1.81637
     0.611400      1.81630
     0.612300      1.81622
     0.613200      1.81615
     0.614100      1.81608
     0.615000      1.81601
     0.615900      1.81594
     0.616800      1.81587
     0.617700      1.81580
     0.618600      1.81573
     0.619500      1.81567
     0.620400      1.81560
     0.621300      1.81553
     0.622200      1.81546
     0.623100      1.81539
     0.624000      1.81533
     0.624900      1.81526
     0.625800      1.81519
     0.626700      1.81513
     0.627600      1.81506
     0.628500      1.81500
     0.629400      1.81493
     0.630300      1.81487
     0.631200      1.81480
     0.632100      1.81474
     0.633000      1.81467
     0.633900      1.81461
     0.634800      1.81454
     0.635700      1.81448
     0.636600      1.81442
     0.637500      1.81435
     0.638400      1.81429
     0.639300      1.81423
     0.640200      1.81417
     0.641100      1.81411
     0.642000      1.81404
     0.642900      1.81398
     0.643800      1.81392
     0.644700      1.81386
     0.645600      1.81380
     0.646500      1.81374
     0.647400      1.81368
     0.648300      1.81362
     0.649200      1.81356
     0.650100      1.81350
     0.651000      1.81344
     0.651900      1.81339
     0.652800      1.81333
     0.653700      1.81327
     0.654600      1.81321
     0.655500      1.81315
     0.656400      1.81310
     0.657300      1.81304
     0.658200      1.81298
     0.659100      1.81293
     0.660000      1.81287
     0.660900      1.81281
     0.661800      1.81276
     0.662700      1.81270
     0.663600      1.81265
     0.664500      1.81259
     0.665400      1.81254
     0.666300      1.81248
     0.667200      1.81243
     0.668100      1.81237
     0.669000      1.81232
     0.669900      1.81226
     0.670800      1.81221
     0.671700      1.81216
     0.672600      1.81210
     0.673500      1.81205
     0.674400      1.81200
     0.675300      1.81195
     0.676200      1.81189
     0.677100      1.81184
     0.678000      1.81179
     0.678900      1.81174
     0.679800      1.81169
     0.680700      1.81163
     0.681600      1.81158
     0.682500      1.81153
     0.683400      1.81148
     0.684300      1.81143
     0.685200      1.81138
     0.686100      1.81133
     0.687000      1.81128
     0.687900      1.81123
     0.688800      1.81118
     0.689700      1.81113
     0.690600      1.81108
     0.691500      1.81104
     0.692400      1.81099
     0.693300      1.81094
     0.694200      1.81089
     0.695100      1.81084
     0.696000      1.81079
     0.696900      1.81075
     0.697800      1.81070
     0.698700      1.81065
     0.699600      1.81060
     0.700500      1.81056
     0.701400      1.81051
     0.702300      1.81046
     0.703200      1.81042
     0.704100      1.81037
     0.705000      1.81033
     0.705900      1.81028
     0.706800      1.81023
     0.707700      1.81019
     0.708600      1.81014
     0.709500      1.81010
     0.710400      1.81005
     0.711300      1.81001
     0.712200      1.80997
     0.713100      1.80992
     0.714000      1.80988
     0.714900      1.80983
     0.715800      1.80979
     0.716700      1.80974
     0.717600      1.80970
     0.718500      1.80966
     0.719400      1.80961
     0.720300      1.80957
     0.721200      1.80953
     0.722100      1.80949
     0.723000      1.80944
     0.723900      1.80940
     0.724800      1.80936
     0.725700      1.80932
     0.726600      1.80928
     0.727500      1.80923
     0.728400      1.80919
     0.729300      1.80915
     0.730200      1.80911
     0.731100      1.80907
     0.732000      1.80903
     0.732900      1.80899
     0.733800      1.80895
     0.734700      1.80891
     0.735600      1.80887
     0.736500      1.80882
     0.737400      1.80878
     0.738300      1.80874
     0.739200      1.80871
     0.740100      1.80867
     0.741000      1.80863
     0.741900      1.80859
     0.742800      1.80855
     0.743700      1.80851
     0.744600      1.80847
     0.745500      1.80843
     0.746400      1.80839
     0.747300      1.80835
     0.748200      1.80832
     0.749100      1.80828
     0.750000      1.80824
     0.750900      1.80820
     0.751800      1.80816
     0.752700      1.80813
     0.753600      1.80809
     0.754500      1.80805
     0.755400      1.80802
     0.756300      1.80798
     0.757200      1.80794
     0.758100      1.80790
     0.759000      1.80787
     0.759900      1.80783
     0.760800      1.80780
     0.761700      1.80776
     0.762600      1.80772
     0.763500      1.80769
     0.764400      1.80765
     0.765300      1.80762
     0.766200      1.80758
     0.767100      1.80754
     0.768000      1.80751
     0.768900      1.80747
     0.769800      1.80744
     0.770700      1.80740
     0.771600      1.80737
     0.772500      1.80733
     0.773400      1.80730
     0.774300      1.80727
     0.775200      1.80723
     0.776100      1.80720
     0.777000      1.80716
     0.777900      1.80713
     0.778800      1.80710
     0.779700      1.80706
     0.780600      1.80703
     0.781500      1.80699
     0.782400      1.80696
     0.783300      1.80693
     0.784200      1.80690
     0.785100      1.80686
     0.786000      1.80683
     0.786900      1.80680
     0.787800      1.80676
     0.788700      1.80673
     0.789600      1.80670
     0.790500      1.80667
     0.791400      1.80663
     0.792300      1.80660
     0.793200      1.80657
     0.794100      1.80654
     0.795000      1.80651
     0.795900      1.80648
     0.796800      1.80644
     0.797700      1.80641
     0.798600      1.80638
     0.799500      1.80635
     0.800400      1.80632
     0.801300      1.80629
     0.802200      1.80626
     0.803100      1.80623
     0.804000      1.80620
     0.804900      1.80616
     0.805800      1.80613
     0.806700      1.80610
     0.807600      1.80607
     0.808500      1.80604
     0.809400      1.80601
     0.810300      1.80598
     0.811200      1.80595
     0.812100      1.80592
     0.813000      1.80589
     0.813900      1.80587
     0.814800      1.80584
     0.815700      1.80581
     0.816600      1.80578
     0.817500      1.80575
     0.818400      1.80572
     0.819300      1.80569
     0.820200      1.80566
     0.821100      1.80563
     0.822000      1.80560
     0.822900      1.80558
     0.823800      1.80555
     0.824700      1.80552
     0.825600      1.80549
     0.826500      1.80546
     0.827400      1.80543
     0.828300      1.80541
     0.829200      1.80538
     0.830100      1.80535
     0.831000      1.80532
     0.831900      1.80530
     0.832800      1.80527
     0.833700      1.80524
     0.834600      1.80521
     0.835500      1.80519
     0.836400      1.80516
     0.837300      1.80513
     0.838200      1.80510
     0.839100      1.80508
     0.840000      1.80505
     0.840900      1.80502
     0.841800      1.80500
     0.842700      1.80497
     0.843600      1.80494
     0.844500      1.80492
     0.845400      1.80489
     0.846300      1.80487
     0.847200      1.80484
     0.848100      1.80481
     0.849000      1.80479
     0.849900      1.80476
     0.850800      1.80474
     0.851700      1.80471
     0.852600      1.80468
     0.853500      1.80466
     0.854400      1.80463
     0.855300      1.80461
     0.856200      1.80458
     0.857100      1.80456
     0.858000      1.80453
     0.858900      1.80451
     0.859800      1.80448
     0.860700      1.80446
     0.861600      1.80443
     0.862500      1.80441
     0.863400      1.80438
     0.864300      1.80436
     0.865200      1.80433
     0.866100      1.80431
     0.867000      1.80429
     0.867900      1.80426
     0.868800      1.80424
     0.869700      1.80421
     0.870600      1.80419
     0.871500      1.80417
     0.872400      1.80414
     0.873300      1.80412
     0.874200      1.80409
     0.875100      1.80407
     0.876000      1.80405
     0.876900      1.80402
     0.877800      1.80400
     0.878700      1.80398
     0.879600      1.80395
     0.880500      1.80393
     0.881400      1.80391
     0.882300      1.80388
     0.883200      1.80386
     0.884100      1.80384
     0.885000      1.80382
     0.885900      1.80379
     0.886800      1.80377
     0.887700      1.80375
     0.888600      1.80372
     0.889500      1.80370
     0.890400      1.80368
     0.891300      1.80366
     0.892200      1.80364
     0.893100      1.80361
     0.894000      1.80359
     0.894900      1.80357
     0.895800      1.80355
     0.896700      1.80353
     0.897600      1.80350
     0.898500      1.80348
     0.899400      1.80346
     0.900300      1.80344
     0.901200      1.80342
     0.902100      1.80339
     0.903000      1.80337
     0.903900      1.80335
     0.904800      1.80333
     0.905700      1.80331
     0.906600      1.80329
     0.907500      1.80327
     0.908400      1.80325
     0.909300      1.80322
     0.910200      1.80320
     0.911100      1.80318
     0.912000      1.80316
     0.912900      1.80314
     0.913800      1.80312
     0.914700      1.80310
     0.915600      1.80308
     0.916500      1.80306
     0.917400      1.80304
     0.918300      1.80302
     0.919200      1.80300
     0.920100      1.80298
     0.921000      1.80296
     0.921900      1.80294
     0.922800      1.80292
     0.923700      1.80290
     0.924600      1.80288
     0.925500      1.80286
     0.926400      1.80284
     0.927300      1.80282
     0.928200      1.80280
     0.929100      1.80278
     0.930000      1.80276
     0.930900      1.80274
     0.931800      1.80272
     0.932700      1.80270
     0.933600      1.80268
     0.934500      1.80266
     0.935400      1.80264
     0.936300      1.80262
     0.937200      1.80260
     0.938100      1.80258
     0.939000      1.80257
     0.939900      1.80255
     0.940800      1.80253
     0.941700      1.80251
     0.942600      1.80249
     0.943500      1.80247
     0.944400      1.80245
     0.945300      1.80243
     0.946200      1.80242
     0.947100      1.80240
     0.948000      1.80238
     0.948900      1.80236
     0.949800      1.80234
     0.950700      1.80232
     0.951600      1.80230
     0.952500      1.80229
     0.953400      1.80227
     0.954300      1.80225
     0.955200      1.80223
     0.956100      1.80221
     0.957000      1.80220
     0.957900      1.80218
     0.958800      1.80216
     0.959700      1.80214
     0.960600      1.80212
     0.961500      1.80211
     0.962400      1.80209
     0.963300      1.80207
     0.964200      1.80205
     0.965100      1.80204
     0.966000      1.80202
     0.966900      1.80200
     0.967800      1.80198
     0.968700      1.80197
     0.969600      1.80195
     0.970500      1.80193
     0.971400      1.80191
     0.972300      1.80190
     0.973200      1.80188
     0.974100      1.80186
     0.975000      1.80185
     0.975900      1.80183
     0.976800      1.80181
     0.977700      1.80180
     0.978600      1.80178
     0.979500      1.80176
     0.980400      1.80175
     0.981300      1.80173
     0.982200      1.80171
     0.983100      1.80170
     0.984000      1.80168
     0.984900      1.80166
     0.985800      1.80165
     0.986700      1.80163
     0.987600      1.80161
     0.988500      1.80160
     0.989400      1.80158
     0.990300      1.80156
     0.991200      1.80155
     0.992100      1.80153
     0.993000      1.80152
     0.993900      1.80150
     0.994800      1.80148
     0.995700      1.80147
     0.996600      1.80145
     0.997500      1.80144
     0.998400      1.80142
     0.999300      1.80141
      1.00020      1.80139
      1.00110      1.80137
      1.00200      1.80136
      1.00290      1.80134
      1.00380      1.80133
      1.00470      1.80131
      1.00560      1.80130
      1.00650      1.80128
      1.00740      1.80127
      1.00830      1.80125
      1.00920      1.80124
      1.01010      1.80122
      1.01100      1.80120
      1.01190      1.80119
      1.01280      1.80117
      1.01370      1.80116
      1.01460      1.80114
      1.01550      1.80113
      1.01640      1.80111
      1.01730      1.80110
      1.01820      1.80108
      1.01910      1.80107
      1.02000      1.80105
      1.02090      1.80104
      1.02180      1.80103
      1.02270      1.80101
      1.02360      1.80100
      1.02450      1.80098
      1.02540      1.80097
      1.02630      1.80095
      1.02720      1.80094
      1.02810      1.80092
      1.02900      1.80091
      1.02990      1.80089
      1.03080      1.80088
      1.03170      1.80087
      1.03260      1.80085
      1.03350      1.80084
      1.03440      1.80082
      1.03530      1.80081
      1.03620      1.80079
      1.03710      1.80078
      1.03800      1.80077
      1.03890      1.80075
      1.03980      1.80074
      1.04070      1.80072
      1.04160      1.80071
      1.04250      1.80070
      1.04340      1.80068
      1.04430      1.80067
      1.04520      1.80066
      1.04610      1.80064
      1.04700      1.80063
      1.04790      1.80061
      1.04880      1.80060
      1.04970      1.80059
      1.05060      1.80057
      1.05150      1.80056
      1.05240      1.80055
      1.05330      1.80053
      1.05420      1.80052
      1.05510      1.80051
      1.05600      1.80049
      1.05690      1.80048
      1.05780      1.80047
      1.05870      1.80045
      1.05960      1.80044
      1.06050      1.80043
      1.06140      1.80041
      1.06230      1.80040
      1.06320      1.80039
      1.06410      1.80038
      1.06500      1.80036
      1.06590      1.80035
      1.06680      1.80034
      1.06770      1.80032
      1.06860      1.80031
      1.06950      1.80030
      1.07040      1.80029
      1.07130      1.80027
      1.07220      1.80026
      1.07310      1.80025
      1.07400      1.80023
      1.07490      1.80022
      1.07580      1.80021
      1.07670      1.80020
      1.07760      1.80018
      1.07850      1.80017
      1.07940      1.80016
      1.08030      1.80015
      1.08120      1.80013
      1.08210      1.80012
      1.08300      1.80011
      1.08390      1.80010
      1.08480      1.80008
      1.08570      1.80007
      1.08660      1.80006
      1.08750      1.80005
      1.08840      1.80004
      1.08930      1.80002
      1.09020      1.80001
      1.09110      1.80000
      1.09200      1.79999
      1.09290      1.79998
      1.09380      1.79996
      1.09470      1.79995
      1.09560      1.79994
      1.09650      1.79993
      1.09740      1.79992
      1.09830      1.79990
      1.09920      1.79989
      1.10010      1.79988
      1.10100      1.79987
      1.10190      1.79986
      1.10280      1.79985
      1.10370      1.79983
      1.10460      1.79982
      1.10550      1.79981
      1.10640      1.79980
      1.10730      1.79979
      1.10820      1.79978
      1.10910      1.79977
      1.11000      1.79975
      1.11090      1.79974
      1.11180      1.79973
      1.11270      1.79972
      1.11360      1.79971
      1.11450      1.79970
      1.11540      1.79969
      1.11630      1.79967
      1.11720      1.79966
      1.11810      1.79965
      1.11900      1.79964
      1.11990      1.79963
      1.12080      1.79962
      1.12170      1.79961
      1.12260      1.79960
      1.12350      1.79959
      1.12440      1.79957
      1.12530      1.79956
      1.12620      1.79955
      1.12710      1.79954
      1.12800      1.79953
      1.12890      1.79952
      1.12980      1.79951
      1.13070      1.79950
      1.13160      1.79949
      1.13250      1.79948
      1.13340      1.79947
      1.13430      1.79945
      1.13520      1.79944
      1.13610      1.79943
      1.13700      1.79942
      1.13790      1.79941
      1.13880      1.79940
      1.13970      1.79939
      1.14060      1.79938
      1.14150      1.79937
      1.14240      1.79936
      1.14330      1.79935
      1.14420      1.79934
      1.14510      1.79933
      1.14600      1.79932
      1.14690      1.79931
      1.14780      1.79930
      1.14870      1.79929
      1.14960      1.79928
      1.15050      1.79927
      1.15140      1.79926
      1.15230      1.79925
      1.15320      1.79924
      1.15410      1.79923
      1.15500      1.79922
      1.15590      1.79921
      1.15680      1.79920
      1.15770      1.79918
      1.15860      1.79918
      1.15950      1.79917
      1.16040      1.79915
      1.16130      1.79914
      1.16220      1.79913
      1.16310      1.79913
      1.16400      1.79912
      1.16490      1.79911
      1.16580      1.79910
      1.16670      1.79909
      1.16760      1.79908
      1.16850      1.79907
      1.16940      1.79906
      1.17030      1.79905
      1.17120      1.79904
      1.17210      1.79903
      1.17300      1.79902
      1.17390      1.79901
      1.17480      1.79900
      1.17570      1.79899
      1.17660      1.79898
      1.17750      1.79897
      1.17840      1.79896
      1.17930      1.79895
      1.18020      1.79894
      1.18110      1.79893
      1.18200      1.79892
      1.18290      1.79891
      1.18380      1.79890
      1.18470      1.79889
      1.18560      1.79888
      1.18650      1.79887
      1.18740      1.79887
      1.18830      1.79886
      1.18920      1.79885
      1.19010      1.79884
      1.19100      1.79883
      1.19190      1.79882
      1.19280      1.79881
      1.19370      1.79880
      1.19460      1.79879
      1.19550      1.79878
      1.19640      1.79877
      1.19730      1.79876
      1.19820      1.79876
      1.19910      1.79875
