     0.300000      1.92602
     0.300900      1.92518
     0.301800      1.92434
     0.302700      1.92352
     0.303600      1.92271
     0.304500      1.92190
     0.305400      1.92110
     0.306300      1.92031
     0.307200      1.91953
     0.308100      1.91876
     0.309000      1.91800
     0.309900      1.91724
     0.310800      1.91649
     0.311700      1.91575
     0.312600      1.91502
     0.313500      1.91430
     0.314400      1.91358
     0.315300      1.91287
     0.316200      1.91216
     0.317100      1.91147
     0.318000      1.91078
     0.318900      1.91010
     0.319800      1.90942
     0.320700      1.90875
     0.321600      1.90809
     0.322500      1.90744
     0.323400      1.90679
     0.324300      1.90614
     0.325200      1.90551
     0.326100      1.90488
     0.327000      1.90425
     0.327900      1.90364
     0.328800      1.90302
     0.329700      1.90242
     0.330600      1.90182
     0.331500      1.90122
     0.332400      1.90064
     0.333300      1.90005
     0.334200      1.89947
     0.335100      1.89890
     0.336000      1.89833
     0.336900      1.89777
     0.337800      1.89722
     0.338700      1.89667
     0.339600      1.89612
     0.340500      1.89558
     0.341400      1.89504
     0.342300      1.89451
     0.343200      1.89398
     0.344100      1.89346
     0.345000      1.89295
     0.345900      1.89243
     0.346800      1.89193
     0.347700      1.89142
     0.348600      1.89092
     0.349500      1.89043
     0.350400      1.88994
     0.351300      1.88946
     0.352200      1.88897
     0.353100      1.88850
     0.354000      1.88802
     0.354900      1.88756
     0.355800      1.88709
     0.356700      1.88663
     0.357600      1.88617
     0.358500      1.88572
     0.359400      1.88527
     0.360300      1.88483
     0.361200      1.88439
     0.362100      1.88395
     0.363000      1.88352
     0.363900      1.88309
     0.364800      1.88266
     0.365700      1.88224
     0.366600      1.88182
     0.367500      1.88140
     0.368400      1.88099
     0.369300      1.88058
     0.370200      1.88017
     0.371100      1.87977
     0.372000      1.87937
     0.372900      1.87898
     0.373800      1.87859
     0.374700      1.87820
     0.375600      1.87781
     0.376500      1.87743
     0.377400      1.87705
     0.378300      1.87667
     0.379200      1.87630
     0.380100      1.87593
     0.381000      1.87556
     0.381900      1.87519
     0.382800      1.87483
     0.383700      1.87447
     0.384600      1.87412
     0.385500      1.87376
     0.386400      1.87341
     0.387300      1.87307
     0.388200      1.87272
     0.389100      1.87238
     0.390000      1.87204
     0.390900      1.87170
     0.391800      1.87137
     0.392700      1.87103
     0.393600      1.87070
     0.394500      1.87038
     0.395400      1.87005
     0.396300      1.86973
     0.397200      1.86941
     0.398100      1.86909
     0.399000      1.86878
     0.399900      1.86847
     0.400800      1.86816
     0.401700      1.86785
     0.402600      1.86754
     0.403500      1.86724
     0.404400      1.86694
     0.405300      1.86664
     0.406200      1.86634
     0.407100      1.86605
     0.408000      1.86576
     0.408900      1.86547
     0.409800      1.86518
     0.410700      1.86489
     0.411600      1.86461
     0.412500      1.86433
     0.413400      1.86405
     0.414300      1.86377
     0.415200      1.86349
     0.416100      1.86322
     0.417000      1.86295
     0.417900      1.86268
     0.418800      1.86241
     0.419700      1.86214
     0.420600      1.86188
     0.421500      1.86162
     0.422400      1.86136
     0.423300      1.86110
     0.424200      1.86084
     0.425100      1.86059
     0.426000      1.86033
     0.426900      1.86008
     0.427800      1.85983
     0.428700      1.85959
     0.429600      1.85934
     0.430500      1.85909
     0.431400      1.85885
     0.432300      1.85861
     0.433200      1.85837
     0.434100      1.85813
     0.435000      1.85790
     0.435900      1.85766
     0.436800      1.85743
     0.437700      1.85720
     0.438600      1.85697
     0.439500      1.85674
     0.440400      1.85651
     0.441300      1.85628
     0.442200      1.85606
     0.443100      1.85584
     0.444000      1.85562
     0.444900      1.85540
     0.445800      1.85518
     0.446700      1.85496
     0.447600      1.85475
     0.448500      1.85453
     0.449400      1.85432
     0.450300      1.85411
     0.451200      1.85390
     0.452100      1.85369
     0.453000      1.85349
     0.453900      1.85328
     0.454800      1.85308
     0.455700      1.85287
     0.456600      1.85267
     0.457500      1.85247
     0.458400      1.85227
     0.459300      1.85207
     0.460200      1.85188
     0.461100      1.85168
     0.462000      1.85149
     0.462900      1.85129
     0.463800      1.85110
     0.464700      1.85091
     0.465600      1.85072
     0.466500      1.85053
     0.467400      1.85035
     0.468300      1.85016
     0.469200      1.84998
     0.470100      1.84979
     0.471000      1.84961
     0.471900      1.84943
     0.472800      1.84925
     0.473700      1.84907
     0.474600      1.84889
     0.475500      1.84872
     0.476400      1.84854
     0.477300      1.84837
     0.478200      1.84819
     0.479100      1.84802
     0.480000      1.84785
     0.480900      1.84768
     0.481800      1.84751
     0.482700      1.84734
     0.483600      1.84717
     0.484500      1.84701
     0.485400      1.84684
     0.486300      1.84668
     0.487200      1.84651
     0.488100      1.84635
     0.489000      1.84619
     0.489900      1.84603
     0.490800      1.84587
     0.491700      1.84571
     0.492600      1.84555
     0.493500      1.84539
     0.494400      1.84524
     0.495300      1.84508
     0.496200      1.84493
     0.497100      1.84478
     0.498000      1.84462
     0.498900      1.84447
     0.499800      1.84432
     0.500700      1.84417
     0.501600      1.84402
     0.502500      1.84388
     0.503400      1.84373
     0.504300      1.84358
     0.505200      1.84344
     0.506100      1.84329
     0.507000      1.84315
     0.507900      1.84301
     0.508800      1.84286
     0.509700      1.84272
     0.510600      1.84258
     0.511500      1.84244
     0.512400      1.84230
     0.513300      1.84216
     0.514200      1.84203
     0.515100      1.84189
     0.516000      1.84175
     0.516900      1.84162
     0.517800      1.84148
     0.518700      1.84135
     0.519600      1.84122
     0.520500      1.84109
     0.521400      1.84095
     0.522300      1.84082
     0.523200      1.84069
     0.524100      1.84056
     0.525000      1.84044
     0.525900      1.84031
     0.526800      1.84018
     0.527700      1.84005
     0.528600      1.83993
     0.529500      1.83980
     0.530400      1.83968
     0.531300      1.83956
     0.532200      1.83943
     0.533100      1.83931
     0.534000      1.83919
     0.534900      1.83907
     0.535800      1.83895
     0.536700      1.83883
     0.537600      1.83871
     0.538500      1.83859
     0.539400      1.83847
     0.540300      1.83835
     0.541200      1.83824
     0.542100      1.83812
     0.543000      1.83800
     0.543900      1.83789
     0.544800      1.83778
     0.545700      1.83766
     0.546600      1.83755
     0.547500      1.83744
     0.548400      1.83732
     0.549300      1.83721
     0.550200      1.83710
     0.551100      1.83699
     0.552000      1.83688
     0.552900      1.83677
     0.553800      1.83666
     0.554700      1.83656
     0.555600      1.83645
     0.556500      1.83634
     0.557400      1.83624
     0.558300      1.83613
     0.559200      1.83602
     0.560100      1.83592
     0.561000      1.83582
     0.561900      1.83571
     0.562800      1.83561
     0.563700      1.83551
     0.564600      1.83540
     0.565500      1.83530
     0.566400      1.83520
     0.567300      1.83510
     0.568200      1.83500
     0.569100      1.83490
     0.570000      1.83480
     0.570900      1.83470
     0.571800      1.83461
     0.572700      1.83451
     0.573600      1.83441
     0.574500      1.83432
     0.575400      1.83422
     0.576300      1.83412
     0.577200      1.83403
     0.578100      1.83393
     0.579000      1.83384
     0.579900      1.83375
     0.580800      1.83365
     0.581700      1.83356
     0.582600      1.83347
     0.583500      1.83337
     0.584400      1.83328
     0.585300      1.83319
     0.586200      1.83310
     0.587100      1.83301
     0.588000      1.83292
     0.588900      1.83283
     0.589800      1.83274
     0.590700      1.83265
     0.591600      1.83257
     0.592500      1.83248
     0.593400      1.83239
     0.594300      1.83231
     0.595200      1.83222
     0.596100      1.83213
     0.597000      1.83205
     0.597900      1.83196
     0.598800      1.83188
     0.599700      1.83179
     0.600600      1.83171
     0.601500      1.83163
     0.602400      1.83154
     0.603300      1.83146
     0.604200      1.83138
     0.605100      1.83129
     0.606000      1.83121
     0.606900      1.83113
     0.607800      1.83105
     0.608700      1.83097
     0.609600      1.83089
     0.610500      1.83081
     0.611400      1.83073
     0.612300      1.83065
     0.613200      1.83057
     0.614100      1.83050
     0.615000      1.83042
     0.615900      1.83034
     0.616800      1.83026
     0.617700      1.83019
     0.618600      1.83011
     0.619500      1.83003
     0.620400      1.82996
     0.621300      1.82988
     0.622200      1.82981
     0.623100      1.82973
     0.624000      1.82966
     0.624900      1.82958
     0.625800      1.82951
     0.626700      1.82944
     0.627600      1.82936
     0.628500      1.82929
     0.629400      1.82922
     0.630300      1.82914
     0.631200      1.82907
     0.632100      1.82900
     0.633000      1.82893
     0.633900      1.82886
     0.634800      1.82879
     0.635700      1.82872
     0.636600      1.82865
     0.637500      1.82858
     0.638400      1.82851
     0.639300      1.82844
     0.640200      1.82837
     0.641100      1.82830
     0.642000      1.82824
     0.642900      1.82817
     0.643800      1.82810
     0.644700      1.82803
     0.645600      1.82797
     0.646500      1.82790
     0.647400      1.82783
     0.648300      1.82777
     0.649200      1.82770
     0.650100      1.82764
     0.651000      1.82757
     0.651900      1.82751
     0.652800      1.82744
     0.653700      1.82738
     0.654600      1.82731
     0.655500      1.82725
     0.656400      1.82718
     0.657300      1.82712
     0.658200      1.82706
     0.659100      1.82700
     0.660000      1.82693
     0.660900      1.82687
     0.661800      1.82681
     0.662700      1.82675
     0.663600      1.82669
     0.664500      1.82662
     0.665400      1.82656
     0.666300      1.82650
     0.667200      1.82644
     0.668100      1.82638
     0.669000      1.82632
     0.669900      1.82626
     0.670800      1.82620
     0.671700      1.82614
     0.672600      1.82609
     0.673500      1.82603
     0.674400      1.82597
     0.675300      1.82591
     0.676200      1.82585
     0.677100      1.82579
     0.678000      1.82574
     0.678900      1.82568
     0.679800      1.82562
     0.680700      1.82557
     0.681600      1.82551
     0.682500      1.82545
     0.683400      1.82540
     0.684300      1.82534
     0.685200      1.82529
     0.686100      1.82523
     0.687000      1.82518
     0.687900      1.82512
     0.688800      1.82507
     0.689700      1.82501
     0.690600      1.82496
     0.691500      1.82490
     0.692400      1.82485
     0.693300      1.82480
     0.694200      1.82474
     0.695100      1.82469
     0.696000      1.82464
     0.696900      1.82458
     0.697800      1.82453
     0.698700      1.82448
     0.699600      1.82443
     0.700500      1.82437
     0.701400      1.82432
     0.702300      1.82427
     0.703200      1.82422
     0.704100      1.82417
     0.705000      1.82412
     0.705900      1.82407
     0.706800      1.82402
     0.707700      1.82397
     0.708600      1.82392
     0.709500      1.82387
     0.710400      1.82382
     0.711300      1.82377
     0.712200      1.82372
     0.713100      1.82367
     0.714000      1.82362
     0.714900      1.82357
     0.715800      1.82352
     0.716700      1.82347
     0.717600      1.82343
     0.718500      1.82338
     0.719400      1.82333
     0.720300      1.82328
     0.721200      1.82323
     0.722100      1.82319
     0.723000      1.82314
     0.723900      1.82309
     0.724800      1.82305
     0.725700      1.82300
     0.726600      1.82295
     0.727500      1.82291
     0.728400      1.82286
     0.729300      1.82282
     0.730200      1.82277
     0.731100      1.82272
     0.732000      1.82268
     0.732900      1.82263
     0.733800      1.82259
     0.734700      1.82254
     0.735600      1.82250
     0.736500      1.82246
     0.737400      1.82241
     0.738300      1.82237
     0.739200      1.82232
     0.740100      1.82228
     0.741000      1.82224
     0.741900      1.82219
     0.742800      1.82215
     0.743700      1.82211
     0.744600      1.82206
     0.745500      1.82202
     0.746400      1.82198
     0.747300      1.82194
     0.748200      1.82189
     0.749100      1.82185
     0.750000      1.82181
     0.750900      1.82177
     0.751800      1.82172
     0.752700      1.82168
     0.753600      1.82164
     0.754500      1.82160
     0.755400      1.82156
     0.756300      1.82152
     0.757200      1.82148
     0.758100      1.82144
     0.759000      1.82140
     0.759900      1.82136
     0.760800      1.82132
     0.761700      1.82128
     0.762600      1.82124
     0.763500      1.82120
     0.764400      1.82116
     0.765300      1.82112
     0.766200      1.82108
     0.767100      1.82104
     0.768000      1.82100
     0.768900      1.82096
     0.769800      1.82092
     0.770700      1.82088
     0.771600      1.82085
     0.772500      1.82081
     0.773400      1.82077
     0.774300      1.82073
     0.775200      1.82069
     0.776100      1.82065
     0.777000      1.82062
     0.777900      1.82058
     0.778800      1.82054
     0.779700      1.82050
     0.780600      1.82047
     0.781500      1.82043
     0.782400      1.82039
     0.783300      1.82036
     0.784200      1.82032
     0.785100      1.82028
     0.786000      1.82025
     0.786900      1.82021
     0.787800      1.82018
     0.788700      1.82014
     0.789600      1.82010
     0.790500      1.82007
     0.791400      1.82003
     0.792300      1.82000
     0.793200      1.81996
     0.794100      1.81993
     0.795000      1.81989
     0.795900      1.81986
     0.796800      1.81982
     0.797700      1.81979
     0.798600      1.81975
     0.799500      1.81972
     0.800400      1.81968
     0.801300      1.81965
     0.802200      1.81961
     0.803100      1.81958
     0.804000      1.81955
     0.804900      1.81951
     0.805800      1.81948
     0.806700      1.81945
     0.807600      1.81941
     0.808500      1.81938
     0.809400      1.81935
     0.810300      1.81931
     0.811200      1.81928
     0.812100      1.81925
     0.813000      1.81921
     0.813900      1.81918
     0.814800      1.81915
     0.815700      1.81912
     0.816600      1.81908
     0.817500      1.81905
     0.818400      1.81902
     0.819300      1.81899
     0.820200      1.81896
     0.821100      1.81892
     0.822000      1.81889
     0.822900      1.81886
     0.823800      1.81883
     0.824700      1.81880
     0.825600      1.81877
     0.826500      1.81874
     0.827400      1.81870
     0.828300      1.81867
     0.829200      1.81864
     0.830100      1.81861
     0.831000      1.81858
     0.831900      1.81855
     0.832800      1.81852
     0.833700      1.81849
     0.834600      1.81846
     0.835500      1.81843
     0.836400      1.81840
     0.837300      1.81837
     0.838200      1.81834
     0.839100      1.81831
     0.840000      1.81828
     0.840900      1.81825
     0.841800      1.81822
     0.842700      1.81819
     0.843600      1.81816
     0.844500      1.81813
     0.845400      1.81811
     0.846300      1.81808
     0.847200      1.81805
     0.848100      1.81802
     0.849000      1.81799
     0.849900      1.81796
     0.850800      1.81793
     0.851700      1.81790
     0.852600      1.81788
     0.853500      1.81785
     0.854400      1.81782
     0.855300      1.81779
     0.856200      1.81776
     0.857100      1.81774
     0.858000      1.81771
     0.858900      1.81768
     0.859800      1.81765
     0.860700      1.81763
     0.861600      1.81760
     0.862500      1.81757
     0.863400      1.81754
     0.864300      1.81752
     0.865200      1.81749
     0.866100      1.81746
     0.867000      1.81744
     0.867900      1.81741
     0.868800      1.81738
     0.869700      1.81736
     0.870600      1.81733
     0.871500      1.81730
     0.872400      1.81728
     0.873300      1.81725
     0.874200      1.81722
     0.875100      1.81720
     0.876000      1.81717
     0.876900      1.81715
     0.877800      1.81712
     0.878700      1.81709
     0.879600      1.81707
     0.880500      1.81704
     0.881400      1.81702
     0.882300      1.81699
     0.883200      1.81697
     0.884100      1.81694
     0.885000      1.81692
     0.885900      1.81689
     0.886800      1.81687
     0.887700      1.81684
     0.888600      1.81681
     0.889500      1.81679
     0.890400      1.81677
     0.891300      1.81674
     0.892200      1.81672
     0.893100      1.81669
     0.894000      1.81667
     0.894900      1.81664
     0.895800      1.81662
     0.896700      1.81659
     0.897600      1.81657
     0.898500      1.81655
     0.899400      1.81652
     0.900300      1.81650
     0.901200      1.81647
     0.902100      1.81645
     0.903000      1.81643
     0.903900      1.81640
     0.904800      1.81638
     0.905700      1.81636
     0.906600      1.81633
     0.907500      1.81631
     0.908400      1.81629
     0.909300      1.81626
     0.910200      1.81624
     0.911100      1.81622
     0.912000      1.81619
     0.912900      1.81617
     0.913800      1.81615
     0.914700      1.81612
     0.915600      1.81610
     0.916500      1.81608
     0.917400      1.81606
     0.918300      1.81603
     0.919200      1.81601
     0.920100      1.81599
     0.921000      1.81597
     0.921900      1.81594
     0.922800      1.81592
     0.923700      1.81590
     0.924600      1.81588
     0.925500      1.81586
     0.926400      1.81583
     0.927300      1.81581
     0.928200      1.81579
     0.929100      1.81577
     0.930000      1.81575
     0.930900      1.81573
     0.931800      1.81570
     0.932700      1.81568
     0.933600      1.81566
     0.934500      1.81564
     0.935400      1.81562
     0.936300      1.81560
     0.937200      1.81558
     0.938100      1.81555
     0.939000      1.81553
     0.939900      1.81551
     0.940800      1.81549
     0.941700      1.81547
     0.942600      1.81545
     0.943500      1.81543
     0.944400      1.81541
     0.945300      1.81539
     0.946200      1.81537
     0.947100      1.81535
     0.948000      1.81533
     0.948900      1.81531
     0.949800      1.81529
     0.950700      1.81527
     0.951600      1.81525
     0.952500      1.81523
     0.953400      1.81520
     0.954300      1.81518
     0.955200      1.81516
     0.956100      1.81515
     0.957000      1.81512
     0.957900      1.81511
     0.958800      1.81509
     0.959700      1.81507
     0.960600      1.81505
     0.961500      1.81503
     0.962400      1.81501
     0.963300      1.81499
     0.964200      1.81497
     0.965100      1.81495
     0.966000      1.81493
     0.966900      1.81491
     0.967800      1.81489
     0.968700      1.81487
     0.969600      1.81485
     0.970500      1.81483
     0.971400      1.81482
     0.972300      1.81480
     0.973200      1.81478
     0.974100      1.81476
     0.975000      1.81474
     0.975900      1.81472
     0.976800      1.81470
     0.977700      1.81468
     0.978600      1.81466
     0.979500      1.81465
     0.980400      1.81463
     0.981300      1.81461
     0.982200      1.81459
     0.983100      1.81457
     0.984000      1.81455
     0.984900      1.81454
     0.985800      1.81452
     0.986700      1.81450
     0.987600      1.81448
     0.988500      1.81446
     0.989400      1.81445
     0.990300      1.81443
     0.991200      1.81441
     0.992100      1.81439
     0.993000      1.81438
     0.993900      1.81436
     0.994800      1.81434
     0.995700      1.81432
     0.996600      1.81430
     0.997500      1.81429
     0.998400      1.81427
     0.999300      1.81425
      1.00020      1.81423
      1.00110      1.81422
      1.00200      1.81420
      1.00290      1.81418
      1.00380      1.81417
      1.00470      1.81415
      1.00560      1.81413
      1.00650      1.81411
      1.00740      1.81410
      1.00830      1.81408
      1.00920      1.81406
      1.01010      1.81405
      1.01100      1.81403
      1.01190      1.81401
      1.01280      1.81400
      1.01370      1.81398
      1.01460      1.81396
      1.01550      1.81395
      1.01640      1.81393
      1.01730      1.81391
      1.01820      1.81390
      1.01910      1.81388
      1.02000      1.81386
      1.02090      1.81385
      1.02180      1.81383
      1.02270      1.81382
      1.02360      1.81380
      1.02450      1.81378
      1.02540      1.81377
      1.02630      1.81375
      1.02720      1.81374
      1.02810      1.81372
      1.02900      1.81370
      1.02990      1.81369
      1.03080      1.81367
      1.03170      1.81366
      1.03260      1.81364
      1.03350      1.81362
      1.03440      1.81361
      1.03530      1.81359
      1.03620      1.81358
      1.03710      1.81356
      1.03800      1.81355
      1.03890      1.81353
      1.03980      1.81352
      1.04070      1.81350
      1.04160      1.81348
      1.04250      1.81347
      1.04340      1.81345
      1.04430      1.81344
      1.04520      1.81342
      1.04610      1.81341
      1.04700      1.81339
      1.04790      1.81338
      1.04880      1.81336
      1.04970      1.81335
      1.05060      1.81333
      1.05150      1.81332
      1.05240      1.81330
      1.05330      1.81329
      1.05420      1.81327
      1.05510      1.81326
      1.05600      1.81325
      1.05690      1.81323
      1.05780      1.81322
      1.05870      1.81320
      1.05960      1.81319
      1.06050      1.81317
      1.06140      1.81316
      1.06230      1.81314
      1.06320      1.81313
      1.06410      1.81311
      1.06500      1.81310
      1.06590      1.81309
      1.06680      1.81307
      1.06770      1.81306
      1.06860      1.81304
      1.06950      1.81303
      1.07040      1.81301
      1.07130      1.81300
      1.07220      1.81299
      1.07310      1.81297
      1.07400      1.81296
      1.07490      1.81294
      1.07580      1.81293
      1.07670      1.81292
      1.07760      1.81290
      1.07850      1.81289
      1.07940      1.81288
      1.08030      1.81286
      1.08120      1.81285
      1.08210      1.81283
      1.08300      1.81282
      1.08390      1.81281
      1.08480      1.81279
      1.08570      1.81278
      1.08660      1.81277
      1.08750      1.81275
      1.08840      1.81274
      1.08930      1.81273
      1.09020      1.81271
      1.09110      1.81270
      1.09200      1.81269
      1.09290      1.81267
      1.09380      1.81266
      1.09470      1.81265
      1.09560      1.81263
      1.09650      1.81262
      1.09740      1.81261
      1.09830      1.81259
      1.09920      1.81258
      1.10010      1.81257
      1.10100      1.81256
      1.10190      1.81254
      1.10280      1.81253
      1.10370      1.81252
      1.10460      1.81250
      1.10550      1.81249
      1.10640      1.81248
      1.10730      1.81247
      1.10820      1.81245
      1.10910      1.81244
      1.11000      1.81243
      1.11090      1.81241
      1.11180      1.81240
      1.11270      1.81239
      1.11360      1.81238
      1.11450      1.81236
      1.11540      1.81235
      1.11630      1.81234
      1.11720      1.81233
      1.11810      1.81232
      1.11900      1.81230
      1.11990      1.81229
      1.12080      1.81228
      1.12170      1.81227
      1.12260      1.81225
      1.12350      1.81224
      1.12440      1.81223
      1.12530      1.81222
      1.12620      1.81221
      1.12710      1.81219
      1.12800      1.81218
      1.12890      1.81217
      1.12980      1.81216
      1.13070      1.81215
      1.13160      1.81213
      1.13250      1.81212
      1.13340      1.81211
      1.13430      1.81210
      1.13520      1.81209
      1.13610      1.81207
      1.13700      1.81206
      1.13790      1.81205
      1.13880      1.81204
      1.13970      1.81203
      1.14060      1.81202
      1.14150      1.81200
      1.14240      1.81199
      1.14330      1.81198
      1.14420      1.81197
      1.14510      1.81196
      1.14600      1.81195
      1.14690      1.81193
      1.14780      1.81192
      1.14870      1.81191
      1.14960      1.81190
      1.15050      1.81189
      1.15140      1.81188
      1.15230      1.81187
      1.15320      1.81186
      1.15410      1.81184
      1.15500      1.81183
      1.15590      1.81182
      1.15680      1.81181
      1.15770      1.81180
      1.15860      1.81179
      1.15950      1.81178
      1.16040      1.81177
      1.16130      1.81176
      1.16220      1.81174
      1.16310      1.81173
      1.16400      1.81172
      1.16490      1.81171
      1.16580      1.81170
      1.16670      1.81169
      1.16760      1.81168
      1.16850      1.81167
      1.16940      1.81166
      1.17030      1.81165
      1.17120      1.81164
      1.17210      1.81163
      1.17300      1.81161
      1.17390      1.81160
      1.17480      1.81159
      1.17570      1.81158
      1.17660      1.81157
      1.17750      1.81156
      1.17840      1.81155
      1.17930      1.81154
      1.18020      1.81153
      1.18110      1.81152
      1.18200      1.81151
      1.18290      1.81150
      1.18380      1.81149
      1.18470      1.81148
      1.18560      1.81147
      1.18650      1.81146
      1.18740      1.81145
      1.18830      1.81144
      1.18920      1.81143
      1.19010      1.81142
      1.19100      1.81141
      1.19190      1.81140
      1.19280      1.81139
      1.19370      1.81138
      1.19460      1.81137
      1.19550      1.81136
      1.19640      1.81135
      1.19730      1.81134
      1.19820      1.81133
      1.19910      1.81132
