     0.300000      1.68320
     0.300900      1.68260
     0.301800      1.68202
     0.302700      1.68143
     0.303600      1.68086
     0.304500      1.68029
     0.305400      1.67973
     0.306300      1.67917
     0.307200      1.67862
     0.308100      1.67808
     0.309000      1.67754
     0.309900      1.67700
     0.310800      1.67647
     0.311700      1.67595
     0.312600      1.67543
     0.313500      1.67492
     0.314400      1.67441
     0.315300      1.67391
     0.316200      1.67342
     0.317100      1.67292
     0.318000      1.67244
     0.318900      1.67195
     0.319800      1.67148
     0.320700      1.67100
     0.321600      1.67054
     0.322500      1.67007
     0.323400      1.66961
     0.324300      1.66916
     0.325200      1.66871
     0.326100      1.66826
     0.327000      1.66782
     0.327900      1.66738
     0.328800      1.66695
     0.329700      1.66652
     0.330600      1.66610
     0.331500      1.66568
     0.332400      1.66526
     0.333300      1.66485
     0.334200      1.66444
     0.335100      1.66403
     0.336000      1.66363
     0.336900      1.66323
     0.337800      1.66284
     0.338700      1.66245
     0.339600      1.66206
     0.340500      1.66168
     0.341400      1.66130
     0.342300      1.66092
     0.343200      1.66055
     0.344100      1.66018
     0.345000      1.65981
     0.345900      1.65945
     0.346800      1.65909
     0.347700      1.65873
     0.348600      1.65838
     0.349500      1.65803
     0.350400      1.65768
     0.351300      1.65734
     0.352200      1.65700
     0.353100      1.65666
     0.354000      1.65632
     0.354900      1.65599
     0.355800      1.65566
     0.356700      1.65533
     0.357600      1.65501
     0.358500      1.65469
     0.359400      1.65437
     0.360300      1.65405
     0.361200      1.65374
     0.362100      1.65343
     0.363000      1.65312
     0.363900      1.65282
     0.364800      1.65252
     0.365700      1.65222
     0.366600      1.65192
     0.367500      1.65162
     0.368400      1.65133
     0.369300      1.65104
     0.370200      1.65075
     0.371100      1.65047
     0.372000      1.65018
     0.372900      1.64990
     0.373800      1.64962
     0.374700      1.64935
     0.375600      1.64907
     0.376500      1.64880
     0.377400      1.64853
     0.378300      1.64826
     0.379200      1.64800
     0.380100      1.64773
     0.381000      1.64747
     0.381900      1.64721
     0.382800      1.64696
     0.383700      1.64670
     0.384600      1.64645
     0.385500      1.64620
     0.386400      1.64595
     0.387300      1.64570
     0.388200      1.64545
     0.389100      1.64521
     0.390000      1.64497
     0.390900      1.64473
     0.391800      1.64449
     0.392700      1.64426
     0.393600      1.64402
     0.394500      1.64379
     0.395400      1.64356
     0.396300      1.64333
     0.397200      1.64310
     0.398100      1.64288
     0.399000      1.64265
     0.399900      1.64243
     0.400800      1.64221
     0.401700      1.64199
     0.402600      1.64177
     0.403500      1.64156
     0.404400      1.64134
     0.405300      1.64113
     0.406200      1.64092
     0.407100      1.64071
     0.408000      1.64050
     0.408900      1.64030
     0.409800      1.64009
     0.410700      1.63989
     0.411600      1.63968
     0.412500      1.63948
     0.413400      1.63928
     0.414300      1.63909
     0.415200      1.63889
     0.416100      1.63870
     0.417000      1.63850
     0.417900      1.63831
     0.418800      1.63812
     0.419700      1.63793
     0.420600      1.63774
     0.421500      1.63756
     0.422400      1.63737
     0.423300      1.63719
     0.424200      1.63700
     0.425100      1.63682
     0.426000      1.63664
     0.426900      1.63646
     0.427800      1.63628
     0.428700      1.63611
     0.429600      1.63593
     0.430500      1.63576
     0.431400      1.63558
     0.432300      1.63541
     0.433200      1.63524
     0.434100      1.63507
     0.435000      1.63490
     0.435900      1.63474
     0.436800      1.63457
     0.437700      1.63441
     0.438600      1.63424
     0.439500      1.63408
     0.440400      1.63392
     0.441300      1.63376
     0.442200      1.63360
     0.443100      1.63344
     0.444000      1.63328
     0.444900      1.63312
     0.445800      1.63297
     0.446700      1.63281
     0.447600      1.63266
     0.448500      1.63251
     0.449400      1.63236
     0.450300      1.63221
     0.451200      1.63206
     0.452100      1.63191
     0.453000      1.63176
     0.453900      1.63161
     0.454800      1.63147
     0.455700      1.63132
     0.456600      1.63118
     0.457500      1.63104
     0.458400      1.63089
     0.459300      1.63075
     0.460200      1.63061
     0.461100      1.63047
     0.462000      1.63034
     0.462900      1.63020
     0.463800      1.63006
     0.464700      1.62993
     0.465600      1.62979
     0.466500      1.62966
     0.467400      1.62952
     0.468300      1.62939
     0.469200      1.62926
     0.470100      1.62913
     0.471000      1.62900
     0.471900      1.62887
     0.472800      1.62874
     0.473700      1.62861
     0.474600      1.62849
     0.475500      1.62836
     0.476400      1.62823
     0.477300      1.62811
     0.478200      1.62799
     0.479100      1.62786
     0.480000      1.62774
     0.480900      1.62762
     0.481800      1.62750
     0.482700      1.62738
     0.483600      1.62726
     0.484500      1.62714
     0.485400      1.62702
     0.486300      1.62690
     0.487200      1.62679
     0.488100      1.62667
     0.489000      1.62656
     0.489900      1.62644
     0.490800      1.62633
     0.491700      1.62621
     0.492600      1.62610
     0.493500      1.62599
     0.494400      1.62588
     0.495300      1.62577
     0.496200      1.62566
     0.497100      1.62555
     0.498000      1.62544
     0.498900      1.62533
     0.499800      1.62522
     0.500700      1.62512
     0.501600      1.62501
     0.502500      1.62491
     0.503400      1.62480
     0.504300      1.62470
     0.505200      1.62459
     0.506100      1.62449
     0.507000      1.62439
     0.507900      1.62428
     0.508800      1.62418
     0.509700      1.62408
     0.510600      1.62398
     0.511500      1.62388
     0.512400      1.62378
     0.513300      1.62368
     0.514200      1.62359
     0.515100      1.62349
     0.516000      1.62339
     0.516900      1.62329
     0.517800      1.62320
     0.518700      1.62310
     0.519600      1.62301
     0.520500      1.62291
     0.521400      1.62282
     0.522300      1.62273
     0.523200      1.62263
     0.524100      1.62254
     0.525000      1.62245
     0.525900      1.62236
     0.526800      1.62227
     0.527700      1.62218
     0.528600      1.62209
     0.529500      1.62200
     0.530400      1.62191
     0.531300      1.62182
     0.532200      1.62173
     0.533100      1.62164
     0.534000      1.62156
     0.534900      1.62147
     0.535800      1.62138
     0.536700      1.62130
     0.537600      1.62121
     0.538500      1.62113
     0.539400      1.62104
     0.540300      1.62096
     0.541200      1.62088
     0.542100      1.62079
     0.543000      1.62071
     0.543900      1.62063
     0.544800      1.62055
     0.545700      1.62047
     0.546600      1.62039
     0.547500      1.62031
     0.548400      1.62023
     0.549300      1.62015
     0.550200      1.62007
     0.551100      1.61999
     0.552000      1.61991
     0.552900      1.61983
     0.553800      1.61975
     0.554700      1.61968
     0.555600      1.61960
     0.556500      1.61952
     0.557400      1.61945
     0.558300      1.61937
     0.559200      1.61930
     0.560100      1.61922
     0.561000      1.61915
     0.561900      1.61907
     0.562800      1.61900
     0.563700      1.61893
     0.564600      1.61885
     0.565500      1.61878
     0.566400      1.61871
     0.567300      1.61864
     0.568200      1.61857
     0.569100      1.61850
     0.570000      1.61842
     0.570900      1.61835
     0.571800      1.61828
     0.572700      1.61821
     0.573600      1.61814
     0.574500      1.61808
     0.575400      1.61801
     0.576300      1.61794
     0.577200      1.61787
     0.578100      1.61780
     0.579000      1.61774
     0.579900      1.61767
     0.580800      1.61760
     0.581700      1.61754
     0.582600      1.61747
     0.583500      1.61740
     0.584400      1.61734
     0.585300      1.61727
     0.586200      1.61721
     0.587100      1.61714
     0.588000      1.61708
     0.588900      1.61702
     0.589800      1.61695
     0.590700      1.61689
     0.591600      1.61683
     0.592500      1.61676
     0.593400      1.61670
     0.594300      1.61664
     0.595200      1.61658
     0.596100      1.61652
     0.597000      1.61645
     0.597900      1.61639
     0.598800      1.61633
     0.599700      1.61627
     0.600600      1.61621
     0.601500      1.61615
     0.602400      1.61609
     0.603300      1.61603
     0.604200      1.61597
     0.605100      1.61592
     0.606000      1.61586
     0.606900      1.61580
     0.607800      1.61574
     0.608700      1.61568
     0.609600      1.61563
     0.610500      1.61557
     0.611400      1.61551
     0.612300      1.61546
     0.613200      1.61540
     0.614100      1.61534
     0.615000      1.61529
     0.615900      1.61523
     0.616800      1.61518
     0.617700      1.61512
     0.618600      1.61507
     0.619500      1.61501
     0.620400      1.61496
     0.621300      1.61491
     0.622200      1.61485
     0.623100      1.61480
     0.624000      1.61474
     0.624900      1.61469
     0.625800      1.61464
     0.626700      1.61459
     0.627600      1.61453
     0.628500      1.61448
     0.629400      1.61443
     0.630300      1.61438
     0.631200      1.61433
     0.632100      1.61428
     0.633000      1.61422
     0.633900      1.61417
     0.634800      1.61412
     0.635700      1.61407
     0.636600      1.61402
     0.637500      1.61397
     0.638400      1.61392
     0.639300      1.61387
     0.640200      1.61383
     0.641100      1.61378
     0.642000      1.61373
     0.642900      1.61368
     0.643800      1.61363
     0.644700      1.61358
     0.645600      1.61353
     0.646500      1.61349
     0.647400      1.61344
     0.648300      1.61339
     0.649200      1.61335
     0.650100      1.61330
     0.651000      1.61325
     0.651900      1.61321
     0.652800      1.61316
     0.653700      1.61311
     0.654600      1.61307
     0.655500      1.61302
     0.656400      1.61298
     0.657300      1.61293
     0.658200      1.61289
     0.659100      1.61284
     0.660000      1.61280
     0.660900      1.61275
     0.661800      1.61271
     0.662700      1.61266
     0.663600      1.61262
     0.664500      1.61258
     0.665400      1.61253
     0.666300      1.61249
     0.667200      1.61244
     0.668100      1.61240
     0.669000      1.61236
     0.669900      1.61232
     0.670800      1.61227
     0.671700      1.61223
     0.672600      1.61219
     0.673500      1.61215
     0.674400      1.61211
     0.675300      1.61206
     0.676200      1.61202
     0.677100      1.61198
     0.678000      1.61194
     0.678900      1.61190
     0.679800      1.61186
     0.680700      1.61182
     0.681600      1.61178
     0.682500      1.61174
     0.683400      1.61170
     0.684300      1.61166
     0.685200      1.61162
     0.686100      1.61158
     0.687000      1.61154
     0.687900      1.61150
     0.688800      1.61146
     0.689700      1.61142
     0.690600      1.61138
     0.691500      1.61134
     0.692400      1.61130
     0.693300      1.61127
     0.694200      1.61123
     0.695100      1.61119
     0.696000      1.61115
     0.696900      1.61111
     0.697800      1.61108
     0.698700      1.61104
     0.699600      1.61100
     0.700500      1.61096
     0.701400      1.61093
     0.702300      1.61089
     0.703200      1.61085
     0.704100      1.61082
     0.705000      1.61078
     0.705900      1.61074
     0.706800      1.61071
     0.707700      1.61067
     0.708600      1.61064
     0.709500      1.61060
     0.710400      1.61057
     0.711300      1.61053
     0.712200      1.61049
     0.713100      1.61046
     0.714000      1.61042
     0.714900      1.61039
     0.715800      1.61035
     0.716700      1.61032
     0.717600      1.61029
     0.718500      1.61025
     0.719400      1.61022
     0.720300      1.61018
     0.721200      1.61015
     0.722100      1.61011
     0.723000      1.61008
     0.723900      1.61005
     0.724800      1.61001
     0.725700      1.60998
     0.726600      1.60995
     0.727500      1.60991
     0.728400      1.60988
     0.729300      1.60985
     0.730200      1.60982
     0.731100      1.60978
     0.732000      1.60975
     0.732900      1.60972
     0.733800      1.60969
     0.734700      1.60965
     0.735600      1.60962
     0.736500      1.60959
     0.737400      1.60956
     0.738300      1.60953
     0.739200      1.60950
     0.740100      1.60946
     0.741000      1.60943
     0.741900      1.60940
     0.742800      1.60937
     0.743700      1.60934
     0.744600      1.60931
     0.745500      1.60928
     0.746400      1.60925
     0.747300      1.60922
     0.748200      1.60919
     0.749100      1.60916
     0.750000      1.60913
     0.750900      1.60910
     0.751800      1.60907
     0.752700      1.60904
     0.753600      1.60901
     0.754500      1.60898
     0.755400      1.60895
     0.756300      1.60892
     0.757200      1.60889
     0.758100      1.60886
     0.759000      1.60883
     0.759900      1.60880
     0.760800      1.60878
     0.761700      1.60875
     0.762600      1.60872
     0.763500      1.60869
     0.764400      1.60866
     0.765300      1.60863
     0.766200      1.60860
     0.767100      1.60858
     0.768000      1.60855
     0.768900      1.60852
     0.769800      1.60849
     0.770700      1.60847
     0.771600      1.60844
     0.772500      1.60841
     0.773400      1.60838
     0.774300      1.60836
     0.775200      1.60833
     0.776100      1.60830
     0.777000      1.60827
     0.777900      1.60825
     0.778800      1.60822
     0.779700      1.60819
     0.780600      1.60817
     0.781500      1.60814
     0.782400      1.60811
     0.783300      1.60809
     0.784200      1.60806
     0.785100      1.60804
     0.786000      1.60801
     0.786900      1.60798
     0.787800      1.60796
     0.788700      1.60793
     0.789600      1.60791
     0.790500      1.60788
     0.791400      1.60786
     0.792300      1.60783
     0.793200      1.60780
     0.794100      1.60778
     0.795000      1.60775
     0.795900      1.60773
     0.796800      1.60770
     0.797700      1.60768
     0.798600      1.60765
     0.799500      1.60763
     0.800400      1.60761
     0.801300      1.60758
     0.802200      1.60756
     0.803100      1.60753
     0.804000      1.60751
     0.804900      1.60748
     0.805800      1.60746
     0.806700      1.60744
     0.807600      1.60741
     0.808500      1.60739
     0.809400      1.60736
     0.810300      1.60734
     0.811200      1.60732
     0.812100      1.60729
     0.813000      1.60727
     0.813900      1.60725
     0.814800      1.60722
     0.815700      1.60720
     0.816600      1.60718
     0.817500      1.60715
     0.818400      1.60713
     0.819300      1.60711
     0.820200      1.60708
     0.821100      1.60706
     0.822000      1.60704
     0.822900      1.60702
     0.823800      1.60699
     0.824700      1.60697
     0.825600      1.60695
     0.826500      1.60693
     0.827400      1.60690
     0.828300      1.60688
     0.829200      1.60686
     0.830100      1.60684
     0.831000      1.60682
     0.831900      1.60679
     0.832800      1.60677
     0.833700      1.60675
     0.834600      1.60673
     0.835500      1.60671
     0.836400      1.60669
     0.837300      1.60666
     0.838200      1.60664
     0.839100      1.60662
     0.840000      1.60660
     0.840900      1.60658
     0.841800      1.60656
     0.842700      1.60654
     0.843600      1.60652
     0.844500      1.60650
     0.845400      1.60647
     0.846300      1.60645
     0.847200      1.60643
     0.848100      1.60641
     0.849000      1.60639
     0.849900      1.60637
     0.850800      1.60635
     0.851700      1.60633
     0.852600      1.60631
     0.853500      1.60629
     0.854400      1.60627
     0.855300      1.60625
     0.856200      1.60623
     0.857100      1.60621
     0.858000      1.60619
     0.858900      1.60617
     0.859800      1.60615
     0.860700      1.60613
     0.861600      1.60611
     0.862500      1.60609
     0.863400      1.60607
     0.864300      1.60605
     0.865200      1.60603
     0.866100      1.60601
     0.867000      1.60600
     0.867900      1.60598
     0.868800      1.60596
     0.869700      1.60594
     0.870600      1.60592
     0.871500      1.60590
     0.872400      1.60588
     0.873300      1.60586
     0.874200      1.60584
     0.875100      1.60582
     0.876000      1.60581
     0.876900      1.60579
     0.877800      1.60577
     0.878700      1.60575
     0.879600      1.60573
     0.880500      1.60571
     0.881400      1.60570
     0.882300      1.60568
     0.883200      1.60566
     0.884100      1.60564
     0.885000      1.60562
     0.885900      1.60560
     0.886800      1.60559
     0.887700      1.60557
     0.888600      1.60555
     0.889500      1.60553
     0.890400      1.60552
     0.891300      1.60550
     0.892200      1.60548
     0.893100      1.60546
     0.894000      1.60544
     0.894900      1.60543
     0.895800      1.60541
     0.896700      1.60539
     0.897600      1.60538
     0.898500      1.60536
     0.899400      1.60534
     0.900300      1.60532
     0.901200      1.60531
     0.902100      1.60529
     0.903000      1.60527
     0.903900      1.60526
     0.904800      1.60524
     0.905700      1.60522
     0.906600      1.60520
     0.907500      1.60519
     0.908400      1.60517
     0.909300      1.60515
     0.910200      1.60514
     0.911100      1.60512
     0.912000      1.60511
     0.912900      1.60509
     0.913800      1.60507
     0.914700      1.60506
     0.915600      1.60504
     0.916500      1.60502
     0.917400      1.60501
     0.918300      1.60499
     0.919200      1.60497
     0.920100      1.60496
     0.921000      1.60494
     0.921900      1.60493
     0.922800      1.60491
     0.923700      1.60489
     0.924600      1.60488
     0.925500      1.60486
     0.926400      1.60485
     0.927300      1.60483
     0.928200      1.60482
     0.929100      1.60480
     0.930000      1.60479
     0.930900      1.60477
     0.931800      1.60475
     0.932700      1.60474
     0.933600      1.60472
     0.934500      1.60471
     0.935400      1.60469
     0.936300      1.60468
     0.937200      1.60466
     0.938100      1.60465
     0.939000      1.60463
     0.939900      1.60462
     0.940800      1.60460
     0.941700      1.60459
     0.942600      1.60457
     0.943500      1.60456
     0.944400      1.60454
     0.945300      1.60453
     0.946200      1.60451
     0.947100      1.60450
     0.948000      1.60448
     0.948900      1.60447
     0.949800      1.60445
     0.950700      1.60444
     0.951600      1.60443
     0.952500      1.60441
     0.953400      1.60440
     0.954300      1.60438
     0.955200      1.60437
     0.956100      1.60435
     0.957000      1.60434
     0.957900      1.60433
     0.958800      1.60431
     0.959700      1.60430
     0.960600      1.60428
     0.961500      1.60427
     0.962400      1.60425
     0.963300      1.60424
     0.964200      1.60423
     0.965100      1.60421
     0.966000      1.60420
     0.966900      1.60419
     0.967800      1.60417
     0.968700      1.60416
     0.969600      1.60414
     0.970500      1.60413
     0.971400      1.60412
     0.972300      1.60410
     0.973200      1.60409
     0.974100      1.60408
     0.975000      1.60406
     0.975900      1.60405
     0.976800      1.60404
     0.977700      1.60402
     0.978600      1.60401
     0.979500      1.60400
     0.980400      1.60398
     0.981300      1.60397
     0.982200      1.60396
     0.983100      1.60394
     0.984000      1.60393
     0.984900      1.60392
     0.985800      1.60390
     0.986700      1.60389
     0.987600      1.60388
     0.988500      1.60387
     0.989400      1.60385
     0.990300      1.60384
     0.991200      1.60383
     0.992100      1.60381
     0.993000      1.60380
     0.993900      1.60379
     0.994800      1.60378
     0.995700      1.60376
     0.996600      1.60375
     0.997500      1.60374
     0.998400      1.60373
     0.999300      1.60371
      1.00020      1.60370
      1.00110      1.60369
      1.00200      1.60368
      1.00290      1.60366
      1.00380      1.60365
      1.00470      1.60364
      1.00560      1.60363
      1.00650      1.60362
      1.00740      1.60360
      1.00830      1.60359
      1.00920      1.60358
      1.01010      1.60357
      1.01100      1.60355
      1.01190      1.60354
      1.01280      1.60353
      1.01370      1.60352
      1.01460      1.60351
      1.01550      1.60349
      1.01640      1.60348
      1.01730      1.60347
      1.01820      1.60346
      1.01910      1.60345
      1.02000      1.60344
      1.02090      1.60342
      1.02180      1.60341
      1.02270      1.60340
      1.02360      1.60339
      1.02450      1.60338
      1.02540      1.60337
      1.02630      1.60335
      1.02720      1.60334
      1.02810      1.60333
      1.02900      1.60332
      1.02990      1.60331
      1.03080      1.60330
      1.03170      1.60329
      1.03260      1.60328
      1.03350      1.60326
      1.03440      1.60325
      1.03530      1.60324
      1.03620      1.60323
      1.03710      1.60322
      1.03800      1.60321
      1.03890      1.60320
      1.03980      1.60319
      1.04070      1.60317
      1.04160      1.60316
      1.04250      1.60315
      1.04340      1.60314
      1.04430      1.60313
      1.04520      1.60312
      1.04610      1.60311
      1.04700      1.60310
      1.04790      1.60309
      1.04880      1.60308
      1.04970      1.60307
      1.05060      1.60306
      1.05150      1.60304
      1.05240      1.60303
      1.05330      1.60302
      1.05420      1.60301
      1.05510      1.60300
      1.05600      1.60299
      1.05690      1.60298
      1.05780      1.60297
      1.05870      1.60296
      1.05960      1.60295
      1.06050      1.60294
      1.06140      1.60293
      1.06230      1.60292
      1.06320      1.60291
      1.06410      1.60290
      1.06500      1.60289
      1.06590      1.60288
      1.06680      1.60287
      1.06770      1.60286
      1.06860      1.60285
      1.06950      1.60284
      1.07040      1.60283
      1.07130      1.60282
      1.07220      1.60281
      1.07310      1.60280
      1.07400      1.60279
      1.07490      1.60278
      1.07580      1.60277
      1.07670      1.60276
      1.07760      1.60275
      1.07850      1.60274
      1.07940      1.60273
      1.08030      1.60272
      1.08120      1.60271
      1.08210      1.60270
      1.08300      1.60269
      1.08390      1.60268
      1.08480      1.60267
      1.08570      1.60266
      1.08660      1.60265
      1.08750      1.60264
      1.08840      1.60263
      1.08930      1.60262
      1.09020      1.60261
      1.09110      1.60260
      1.09200      1.60259
      1.09290      1.60258
      1.09380      1.60257
      1.09470      1.60256
      1.09560      1.60255
      1.09650      1.60254
      1.09740      1.60253
      1.09830      1.60253
      1.09920      1.60252
      1.10010      1.60251
      1.10100      1.60250
      1.10190      1.60249
      1.10280      1.60248
      1.10370      1.60247
      1.10460      1.60246
      1.10550      1.60245
      1.10640      1.60244
      1.10730      1.60243
      1.10820      1.60242
      1.10910      1.60241
      1.11000      1.60241
      1.11090      1.60240
      1.11180      1.60239
      1.11270      1.60238
      1.11360      1.60237
      1.11450      1.60236
      1.11540      1.60235
      1.11630      1.60234
      1.11720      1.60233
      1.11810      1.60232
      1.11900      1.60232
      1.11990      1.60231
      1.12080      1.60230
      1.12170      1.60229
      1.12260      1.60228
      1.12350      1.60227
      1.12440      1.60226
      1.12530      1.60225
      1.12620      1.60225
      1.12710      1.60224
      1.12800      1.60223
      1.12890      1.60222
      1.12980      1.60221
      1.13070      1.60220
      1.13160      1.60219
      1.13250      1.60219
      1.13340      1.60218
      1.13430      1.60217
      1.13520      1.60216
      1.13610      1.60215
      1.13700      1.60214
      1.13790      1.60214
      1.13880      1.60213
      1.13970      1.60212
      1.14060      1.60211
      1.14150      1.60210
      1.14240      1.60209
      1.14330      1.60209
      1.14420      1.60208
      1.14510      1.60207
      1.14600      1.60206
      1.14690      1.60205
      1.14780      1.60204
      1.14870      1.60204
      1.14960      1.60203
      1.15050      1.60202
      1.15140      1.60201
      1.15230      1.60200
      1.15320      1.60200
      1.15410      1.60199
      1.15500      1.60198
      1.15590      1.60197
      1.15680      1.60196
      1.15770      1.60196
      1.15860      1.60195
      1.15950      1.60194
      1.16040      1.60193
      1.16130      1.60192
      1.16220      1.60192
      1.16310      1.60191
      1.16400      1.60190
      1.16490      1.60189
      1.16580      1.60188
      1.16670      1.60188
      1.16760      1.60187
      1.16850      1.60186
      1.16940      1.60185
      1.17030      1.60185
      1.17120      1.60184
      1.17210      1.60183
      1.17300      1.60182
      1.17390      1.60181
      1.17480      1.60181
      1.17570      1.60180
      1.17660      1.60179
      1.17750      1.60178
      1.17840      1.60178
      1.17930      1.60177
      1.18020      1.60176
      1.18110      1.60175
      1.18200      1.60175
      1.18290      1.60174
      1.18380      1.60173
      1.18470      1.60172
      1.18560      1.60172
      1.18650      1.60171
      1.18740      1.60170
      1.18830      1.60169
      1.18920      1.60169
      1.19010      1.60168
      1.19100      1.60167
      1.19190      1.60167
      1.19280      1.60166
      1.19370      1.60165
      1.19460      1.60164
      1.19550      1.60164
      1.19640      1.60163
      1.19730      1.60162
      1.19820      1.60162
      1.19910      1.60161
