     0.300000      2.19765
     0.300900      2.19474
     0.301800      2.19187
     0.302700      2.18904
     0.303600      2.18625
     0.304500      2.18350
     0.305400      2.18079
     0.306300      2.17812
     0.307200      2.17548
     0.308100      2.17288
     0.309000      2.17031
     0.309900      2.16778
     0.310800      2.16528
     0.311700      2.16282
     0.312600      2.16039
     0.313500      2.15799
     0.314400      2.15562
     0.315300      2.15328
     0.316200      2.15097
     0.317100      2.14869
     0.318000      2.14644
     0.318900      2.14422
     0.319800      2.14203
     0.320700      2.13986
     0.321600      2.13773
     0.322500      2.13561
     0.323400      2.13353
     0.324300      2.13147
     0.325200      2.12943
     0.326100      2.12742
     0.327000      2.12544
     0.327900      2.12347
     0.328800      2.12154
     0.329700      2.11962
     0.330600      2.11773
     0.331500      2.11586
     0.332400      2.11401
     0.333300      2.11218
     0.334200      2.11038
     0.335100      2.10859
     0.336000      2.10683
     0.336900      2.10508
     0.337800      2.10336
     0.338700      2.10165
     0.339600      2.09997
     0.340500      2.09830
     0.341400      2.09665
     0.342300      2.09502
     0.343200      2.09341
     0.344100      2.09182
     0.345000      2.09024
     0.345900      2.08868
     0.346800      2.08714
     0.347700      2.08561
     0.348600      2.08410
     0.349500      2.08261
     0.350400      2.08113
     0.351300      2.07967
     0.352200      2.07822
     0.353100      2.07679
     0.354000      2.07538
     0.354900      2.07398
     0.355800      2.07259
     0.356700      2.07122
     0.357600      2.06986
     0.358500      2.06851
     0.359400      2.06718
     0.360300      2.06587
     0.361200      2.06456
     0.362100      2.06327
     0.363000      2.06200
     0.363900      2.06073
     0.364800      2.05948
     0.365700      2.05824
     0.366600      2.05701
     0.367500      2.05580
     0.368400      2.05459
     0.369300      2.05340
     0.370200      2.05222
     0.371100      2.05105
     0.372000      2.04989
     0.372900      2.04875
     0.373800      2.04761
     0.374700      2.04649
     0.375600      2.04537
     0.376500      2.04427
     0.377400      2.04318
     0.378300      2.04209
     0.379200      2.04102
     0.380100      2.03996
     0.381000      2.03890
     0.381900      2.03786
     0.382800      2.03683
     0.383700      2.03580
     0.384600      2.03479
     0.385500      2.03378
     0.386400      2.03279
     0.387300      2.03180
     0.388200      2.03082
     0.389100      2.02985
     0.390000      2.02889
     0.390900      2.02794
     0.391800      2.02699
     0.392700      2.02606
     0.393600      2.02513
     0.394500      2.02421
     0.395400      2.02330
     0.396300      2.02240
     0.397200      2.02150
     0.398100      2.02061
     0.399000      2.01973
     0.399900      2.01886
     0.400800      2.01800
     0.401700      2.01714
     0.402600      2.01629
     0.403500      2.01544
     0.404400      2.01461
     0.405300      2.01378
     0.406200      2.01296
     0.407100      2.01214
     0.408000      2.01133
     0.408900      2.01053
     0.409800      2.00974
     0.410700      2.00895
     0.411600      2.00817
     0.412500      2.00739
     0.413400      2.00662
     0.414300      2.00586
     0.415200      2.00510
     0.416100      2.00435
     0.417000      2.00361
     0.417900      2.00287
     0.418800      2.00214
     0.419700      2.00141
     0.420600      2.00069
     0.421500      1.99997
     0.422400      1.99926
     0.423300      1.99856
     0.424200      1.99786
     0.425100      1.99717
     0.426000      1.99648
     0.426900      1.99580
     0.427800      1.99512
     0.428700      1.99445
     0.429600      1.99378
     0.430500      1.99312
     0.431400      1.99246
     0.432300      1.99181
     0.433200      1.99117
     0.434100      1.99053
     0.435000      1.98989
     0.435900      1.98926
     0.436800      1.98863
     0.437700      1.98801
     0.438600      1.98739
     0.439500      1.98678
     0.440400      1.98617
     0.441300      1.98557
     0.442200      1.98497
     0.443100      1.98437
     0.444000      1.98378
     0.444900      1.98319
     0.445800      1.98261
     0.446700      1.98204
     0.447600      1.98146
     0.448500      1.98089
     0.449400      1.98033
     0.450300      1.97977
     0.451200      1.97921
     0.452100      1.97866
     0.453000      1.97811
     0.453900      1.97756
     0.454800      1.97702
     0.455700      1.97648
     0.456600      1.97595
     0.457500      1.97542
     0.458400      1.97489
     0.459300      1.97437
     0.460200      1.97385
     0.461100      1.97334
     0.462000      1.97283
     0.462900      1.97232
     0.463800      1.97181
     0.464700      1.97131
     0.465600      1.97082
     0.466500      1.97032
     0.467400      1.96983
     0.468300      1.96934
     0.469200      1.96886
     0.470100      1.96838
     0.471000      1.96790
     0.471900      1.96743
     0.472800      1.96696
     0.473700      1.96649
     0.474600      1.96602
     0.475500      1.96556
     0.476400      1.96510
     0.477300      1.96465
     0.478200      1.96420
     0.479100      1.96375
     0.480000      1.96330
     0.480900      1.96286
     0.481800      1.96242
     0.482700      1.96198
     0.483600      1.96154
     0.484500      1.96111
     0.485400      1.96068
     0.486300      1.96026
     0.487200      1.95983
     0.488100      1.95941
     0.489000      1.95899
     0.489900      1.95858
     0.490800      1.95816
     0.491700      1.95775
     0.492600      1.95735
     0.493500      1.95694
     0.494400      1.95654
     0.495300      1.95614
     0.496200      1.95574
     0.497100      1.95535
     0.498000      1.95496
     0.498900      1.95457
     0.499800      1.95418
     0.500700      1.95379
     0.501600      1.95341
     0.502500      1.95303
     0.503400      1.95265
     0.504300      1.95228
     0.505200      1.95190
     0.506100      1.95153
     0.507000      1.95117
     0.507900      1.95080
     0.508800      1.95044
     0.509700      1.95007
     0.510600      1.94971
     0.511500      1.94936
     0.512400      1.94900
     0.513300      1.94865
     0.514200      1.94830
     0.515100      1.94795
     0.516000      1.94760
     0.516900      1.94726
     0.517800      1.94691
     0.518700      1.94657
     0.519600      1.94623
     0.520500      1.94590
     0.521400      1.94556
     0.522300      1.94523
     0.523200      1.94490
     0.524100      1.94457
     0.525000      1.94425
     0.525900      1.94392
     0.526800      1.94360
     0.527700      1.94328
     0.528600      1.94296
     0.529500      1.94264
     0.530400      1.94232
     0.531300      1.94201
     0.532200      1.94170
     0.533100      1.94139
     0.534000      1.94108
     0.534900      1.94078
     0.535800      1.94047
     0.536700      1.94017
     0.537600      1.93987
     0.538500      1.93957
     0.539400      1.93927
     0.540300      1.93897
     0.541200      1.93868
     0.542100      1.93839
     0.543000      1.93809
     0.543900      1.93781
     0.544800      1.93752
     0.545700      1.93723
     0.546600      1.93695
     0.547500      1.93666
     0.548400      1.93638
     0.549300      1.93610
     0.550200      1.93582
     0.551100      1.93555
     0.552000      1.93527
     0.552900      1.93500
     0.553800      1.93473
     0.554700      1.93446
     0.555600      1.93419
     0.556500      1.93392
     0.557400      1.93365
     0.558300      1.93339
     0.559200      1.93312
     0.560100      1.93286
     0.561000      1.93260
     0.561900      1.93234
     0.562800      1.93208
     0.563700      1.93183
     0.564600      1.93157
     0.565500      1.93132
     0.566400      1.93107
     0.567300      1.93082
     0.568200      1.93057
     0.569100      1.93032
     0.570000      1.93007
     0.570900      1.92982
     0.571800      1.92958
     0.572700      1.92934
     0.573600      1.92910
     0.574500      1.92885
     0.575400      1.92862
     0.576300      1.92838
     0.577200      1.92814
     0.578100      1.92790
     0.579000      1.92767
     0.579900      1.92744
     0.580800      1.92721
     0.581700      1.92697
     0.582600      1.92675
     0.583500      1.92652
     0.584400      1.92629
     0.585300      1.92606
     0.586200      1.92584
     0.587100      1.92561
     0.588000      1.92539
     0.588900      1.92517
     0.589800      1.92495
     0.590700      1.92473
     0.591600      1.92451
     0.592500      1.92430
     0.593400      1.92408
     0.594300      1.92387
     0.595200      1.92365
     0.596100      1.92344
     0.597000      1.92323
     0.597900      1.92302
     0.598800      1.92281
     0.599700      1.92260
     0.600600      1.92239
     0.601500      1.92219
     0.602400      1.92198
     0.603300      1.92178
     0.604200      1.92157
     0.605100      1.92137
     0.606000      1.92117
     0.606900      1.92097
     0.607800      1.92077
     0.608700      1.92057
     0.609600      1.92037
     0.610500      1.92018
     0.611400      1.91998
     0.612300      1.91979
     0.613200      1.91959
     0.614100      1.91940
     0.615000      1.91921
     0.615900      1.91902
     0.616800      1.91883
     0.617700      1.91864
     0.618600      1.91845
     0.619500      1.91826
     0.620400      1.91808
     0.621300      1.91789
     0.622200      1.91771
     0.623100      1.91753
     0.624000      1.91734
     0.624900      1.91716
     0.625800      1.91698
     0.626700      1.91680
     0.627600      1.91662
     0.628500      1.91644
     0.629400      1.91626
     0.630300      1.91609
     0.631200      1.91591
     0.632100      1.91574
     0.633000      1.91556
     0.633900      1.91539
     0.634800      1.91522
     0.635700      1.91504
     0.636600      1.91487
     0.637500      1.91470
     0.638400      1.91453
     0.639300      1.91436
     0.640200      1.91420
     0.641100      1.91403
     0.642000      1.91386
     0.642900      1.91370
     0.643800      1.91353
     0.644700      1.91337
     0.645600      1.91321
     0.646500      1.91304
     0.647400      1.91288
     0.648300      1.91272
     0.649200      1.91256
     0.650100      1.91240
     0.651000      1.91224
     0.651900      1.91208
     0.652800      1.91192
     0.653700      1.91177
     0.654600      1.91161
     0.655500      1.91146
     0.656400      1.91130
     0.657300      1.91115
     0.658200      1.91099
     0.659100      1.91084
     0.660000      1.91069
     0.660900      1.91054
     0.661800      1.91039
     0.662700      1.91024
     0.663600      1.91009
     0.664500      1.90994
     0.665400      1.90979
     0.666300      1.90964
     0.667200      1.90950
     0.668100      1.90935
     0.669000      1.90921
     0.669900      1.90906
     0.670800      1.90892
     0.671700      1.90877
     0.672600      1.90863
     0.673500      1.90849
     0.674400      1.90835
     0.675300      1.90821
     0.676200      1.90806
     0.677100      1.90793
     0.678000      1.90779
     0.678900      1.90765
     0.679800      1.90751
     0.680700      1.90737
     0.681600      1.90723
     0.682500      1.90710
     0.683400      1.90696
     0.684300      1.90683
     0.685200      1.90669
     0.686100      1.90656
     0.687000      1.90643
     0.687900      1.90629
     0.688800      1.90616
     0.689700      1.90603
     0.690600      1.90590
     0.691500      1.90577
     0.692400      1.90564
     0.693300      1.90551
     0.694200      1.90538
     0.695100      1.90525
     0.696000      1.90512
     0.696900      1.90500
     0.697800      1.90487
     0.698700      1.90474
     0.699600      1.90462
     0.700500      1.90449
     0.701400      1.90437
     0.702300      1.90424
     0.703200      1.90412
     0.704100      1.90399
     0.705000      1.90387
     0.705900      1.90375
     0.706800      1.90363
     0.707700      1.90351
     0.708600      1.90339
     0.709500      1.90327
     0.710400      1.90315
     0.711300      1.90303
     0.712200      1.90291
     0.713100      1.90279
     0.714000      1.90267
     0.714900      1.90256
     0.715800      1.90244
     0.716700      1.90232
     0.717600      1.90221
     0.718500      1.90209
     0.719400      1.90198
     0.720300      1.90186
     0.721200      1.90175
     0.722100      1.90163
     0.723000      1.90152
     0.723900      1.90141
     0.724800      1.90130
     0.725700      1.90118
     0.726600      1.90107
     0.727500      1.90096
     0.728400      1.90085
     0.729300      1.90074
     0.730200      1.90063
     0.731100      1.90052
     0.732000      1.90041
     0.732900      1.90031
     0.733800      1.90020
     0.734700      1.90009
     0.735600      1.89998
     0.736500      1.89988
     0.737400      1.89977
     0.738300      1.89966
     0.739200      1.89956
     0.740100      1.89945
     0.741000      1.89935
     0.741900      1.89925
     0.742800      1.89914
     0.743700      1.89904
     0.744600      1.89894
     0.745500      1.89883
     0.746400      1.89873
     0.747300      1.89863
     0.748200      1.89853
     0.749100      1.89843
     0.750000      1.89833
     0.750900      1.89823
     0.751800      1.89813
     0.752700      1.89803
     0.753600      1.89793
     0.754500      1.89783
     0.755400      1.89773
     0.756300      1.89763
     0.757200      1.89754
     0.758100      1.89744
     0.759000      1.89734
     0.759900      1.89725
     0.760800      1.89715
     0.761700      1.89705
     0.762600      1.89696
     0.763500      1.89686
     0.764400      1.89677
     0.765300      1.89667
     0.766200      1.89658
     0.767100      1.89649
     0.768000      1.89639
     0.768900      1.89630
     0.769800      1.89621
     0.770700      1.89612
     0.771600      1.89602
     0.772500      1.89593
     0.773400      1.89584
     0.774300      1.89575
     0.775200      1.89566
     0.776100      1.89557
     0.777000      1.89548
     0.777900      1.89539
     0.778800      1.89530
     0.779700      1.89521
     0.780600      1.89513
     0.781500      1.89504
     0.782400      1.89495
     0.783300      1.89486
     0.784200      1.89477
     0.785100      1.89469
     0.786000      1.89460
     0.786900      1.89451
     0.787800      1.89443
     0.788700      1.89434
     0.789600      1.89426
     0.790500      1.89417
     0.791400      1.89409
     0.792300      1.89400
     0.793200      1.89392
     0.794100      1.89384
     0.795000      1.89375
     0.795900      1.89367
     0.796800      1.89359
     0.797700      1.89350
     0.798600      1.89342
     0.799500      1.89334
     0.800400      1.89326
     0.801300      1.89318
     0.802200      1.89309
     0.803100      1.89301
     0.804000      1.89293
     0.804900      1.89285
     0.805800      1.89277
     0.806700      1.89269
     0.807600      1.89261
     0.808500      1.89253
     0.809400      1.89246
     0.810300      1.89238
     0.811200      1.89230
     0.812100      1.89222
     0.813000      1.89214
     0.813900      1.89207
     0.814800      1.89199
     0.815700      1.89191
     0.816600      1.89183
     0.817500      1.89176
     0.818400      1.89168
     0.819300      1.89161
     0.820200      1.89153
     0.821100      1.89146
     0.822000      1.89138
     0.822900      1.89131
     0.823800      1.89123
     0.824700      1.89116
     0.825600      1.89108
     0.826500      1.89101
     0.827400      1.89094
     0.828300      1.89086
     0.829200      1.89079
     0.830100      1.89072
     0.831000      1.89064
     0.831900      1.89057
     0.832800      1.89050
     0.833700      1.89043
     0.834600      1.89036
     0.835500      1.89028
     0.836400      1.89021
     0.837300      1.89014
     0.838200      1.89007
     0.839100      1.89000
     0.840000      1.88993
     0.840900      1.88986
     0.841800      1.88979
     0.842700      1.88972
     0.843600      1.88965
     0.844500      1.88958
     0.845400      1.88952
     0.846300      1.88945
     0.847200      1.88938
     0.848100      1.88931
     0.849000      1.88924
     0.849900      1.88918
     0.850800      1.88911
     0.851700      1.88904
     0.852600      1.88897
     0.853500      1.88891
     0.854400      1.88884
     0.855300      1.88877
     0.856200      1.88871
     0.857100      1.88864
     0.858000      1.88858
     0.858900      1.88851
     0.859800      1.88845
     0.860700      1.88838
     0.861600      1.88832
     0.862500      1.88825
     0.863400      1.88819
     0.864300      1.88812
     0.865200      1.88806
     0.866100      1.88800
     0.867000      1.88793
     0.867900      1.88787
     0.868800      1.88781
     0.869700      1.88774
     0.870600      1.88768
     0.871500      1.88762
     0.872400      1.88756
     0.873300      1.88749
     0.874200      1.88743
     0.875100      1.88737
     0.876000      1.88731
     0.876900      1.88725
     0.877800      1.88719
     0.878700      1.88713
     0.879600      1.88707
     0.880500      1.88701
     0.881400      1.88694
     0.882300      1.88688
     0.883200      1.88682
     0.884100      1.88677
     0.885000      1.88671
     0.885900      1.88665
     0.886800      1.88659
     0.887700      1.88653
     0.888600      1.88647
     0.889500      1.88641
     0.890400      1.88635
     0.891300      1.88629
     0.892200      1.88624
     0.893100      1.88618
     0.894000      1.88612
     0.894900      1.88606
     0.895800      1.88601
     0.896700      1.88595
     0.897600      1.88589
     0.898500      1.88584
     0.899400      1.88578
     0.900300      1.88572
     0.901200      1.88567
     0.902100      1.88561
     0.903000      1.88555
     0.903900      1.88550
     0.904800      1.88544
     0.905700      1.88539
     0.906600      1.88533
     0.907500      1.88528
     0.908400      1.88522
     0.909300      1.88517
     0.910200      1.88511
     0.911100      1.88506
     0.912000      1.88501
     0.912900      1.88495
     0.913800      1.88490
     0.914700      1.88484
     0.915600      1.88479
     0.916500      1.88474
     0.917400      1.88468
     0.918300      1.88463
     0.919200      1.88458
     0.920100      1.88453
     0.921000      1.88447
     0.921900      1.88442
     0.922800      1.88437
     0.923700      1.88432
     0.924600      1.88426
     0.925500      1.88421
     0.926400      1.88416
     0.927300      1.88411
     0.928200      1.88406
     0.929100      1.88401
     0.930000      1.88396
     0.930900      1.88391
     0.931800      1.88386
     0.932700      1.88381
     0.933600      1.88375
     0.934500      1.88370
     0.935400      1.88365
     0.936300      1.88360
     0.937200      1.88356
     0.938100      1.88351
     0.939000      1.88346
     0.939900      1.88341
     0.940800      1.88336
     0.941700      1.88331
     0.942600      1.88326
     0.943500      1.88321
     0.944400      1.88316
     0.945300      1.88311
     0.946200      1.88307
     0.947100      1.88302
     0.948000      1.88297
     0.948900      1.88292
     0.949800      1.88287
     0.950700      1.88283
     0.951600      1.88278
     0.952500      1.88273
     0.953400      1.88269
     0.954300      1.88264
     0.955200      1.88259
     0.956100      1.88254
     0.957000      1.88250
     0.957900      1.88245
     0.958800      1.88241
     0.959700      1.88236
     0.960600      1.88231
     0.961500      1.88227
     0.962400      1.88222
     0.963300      1.88218
     0.964200      1.88213
     0.965100      1.88208
     0.966000      1.88204
     0.966900      1.88199
     0.967800      1.88195
     0.968700      1.88191
     0.969600      1.88186
     0.970500      1.88182
     0.971400      1.88177
     0.972300      1.88173
     0.973200      1.88168
     0.974100      1.88164
     0.975000      1.88159
     0.975900      1.88155
     0.976800      1.88151
     0.977700      1.88146
     0.978600      1.88142
     0.979500      1.88138
     0.980400      1.88133
     0.981300      1.88129
     0.982200      1.88125
     0.983100      1.88121
     0.984000      1.88116
     0.984900      1.88112
     0.985800      1.88108
     0.986700      1.88103
     0.987600      1.88099
     0.988500      1.88095
     0.989400      1.88091
     0.990300      1.88087
     0.991200      1.88083
     0.992100      1.88078
     0.993000      1.88074
     0.993900      1.88070
     0.994800      1.88066
     0.995700      1.88062
     0.996600      1.88058
     0.997500      1.88054
     0.998400      1.88050
     0.999300      1.88045
      1.00020      1.88041
      1.00110      1.88037
      1.00200      1.88033
      1.00290      1.88029
      1.00380      1.88025
      1.00470      1.88021
      1.00560      1.88017
      1.00650      1.88013
      1.00740      1.88009
      1.00830      1.88005
      1.00920      1.88001
      1.01010      1.87997
      1.01100      1.87994
      1.01190      1.87990
      1.01280      1.87986
      1.01370      1.87982
      1.01460      1.87978
      1.01550      1.87974
      1.01640      1.87970
      1.01730      1.87966
      1.01820      1.87963
      1.01910      1.87959
      1.02000      1.87955
      1.02090      1.87951
      1.02180      1.87947
      1.02270      1.87944
      1.02360      1.87940
      1.02450      1.87936
      1.02540      1.87932
      1.02630      1.87928
      1.02720      1.87925
      1.02810      1.87921
      1.02900      1.87917
      1.02990      1.87914
      1.03080      1.87910
      1.03170      1.87906
      1.03260      1.87903
      1.03350      1.87899
      1.03440      1.87895
      1.03530      1.87892
      1.03620      1.87888
      1.03710      1.87884
      1.03800      1.87881
      1.03890      1.87877
      1.03980      1.87873
      1.04070      1.87870
      1.04160      1.87866
      1.04250      1.87863
      1.04340      1.87859
      1.04430      1.87856
      1.04520      1.87852
      1.04610      1.87849
      1.04700      1.87845
      1.04790      1.87842
      1.04880      1.87838
      1.04970      1.87835
      1.05060      1.87831
      1.05150      1.87828
      1.05240      1.87824
      1.05330      1.87821
      1.05420      1.87817
      1.05510      1.87814
      1.05600      1.87810
      1.05690      1.87807
      1.05780      1.87804
      1.05870      1.87800
      1.05960      1.87797
      1.06050      1.87793
      1.06140      1.87790
      1.06230      1.87787
      1.06320      1.87783
      1.06410      1.87780
      1.06500      1.87777
      1.06590      1.87773
      1.06680      1.87770
      1.06770      1.87767
      1.06860      1.87763
      1.06950      1.87760
      1.07040      1.87757
      1.07130      1.87753
      1.07220      1.87750
      1.07310      1.87747
      1.07400      1.87744
      1.07490      1.87740
      1.07580      1.87737
      1.07670      1.87734
      1.07760      1.87731
      1.07850      1.87727
      1.07940      1.87724
      1.08030      1.87721
      1.08120      1.87718
      1.08210      1.87715
      1.08300      1.87712
      1.08390      1.87708
      1.08480      1.87705
      1.08570      1.87702
      1.08660      1.87699
      1.08750      1.87696
      1.08840      1.87693
      1.08930      1.87690
      1.09020      1.87686
      1.09110      1.87683
      1.09200      1.87680
      1.09290      1.87677
      1.09380      1.87674
      1.09470      1.87671
      1.09560      1.87668
      1.09650      1.87665
      1.09740      1.87662
      1.09830      1.87659
      1.09920      1.87656
      1.10010      1.87653
      1.10100      1.87650
      1.10190      1.87647
      1.10280      1.87644
      1.10370      1.87641
      1.10460      1.87638
      1.10550      1.87635
      1.10640      1.87632
      1.10730      1.87629
      1.10820      1.87626
      1.10910      1.87623
      1.11000      1.87620
      1.11090      1.87617
      1.11180      1.87614
      1.11270      1.87611
      1.11360      1.87608
      1.11450      1.87606
      1.11540      1.87603
      1.11630      1.87600
      1.11720      1.87597
      1.11810      1.87594
      1.11900      1.87591
      1.11990      1.87588
      1.12080      1.87585
      1.12170      1.87583
      1.12260      1.87580
      1.12350      1.87577
      1.12440      1.87574
      1.12530      1.87571
      1.12620      1.87568
      1.12710      1.87566
      1.12800      1.87563
      1.12890      1.87560
      1.12980      1.87557
      1.13070      1.87554
      1.13160      1.87552
      1.13250      1.87549
      1.13340      1.87546
      1.13430      1.87543
      1.13520      1.87541
      1.13610      1.87538
      1.13700      1.87535
      1.13790      1.87533
      1.13880      1.87530
      1.13970      1.87527
      1.14060      1.87524
      1.14150      1.87522
      1.14240      1.87519
      1.14330      1.87516
      1.14420      1.87514
      1.14510      1.87511
      1.14600      1.87508
      1.14690      1.87506
      1.14780      1.87503
      1.14870      1.87500
      1.14960      1.87498
      1.15050      1.87495
      1.15140      1.87492
      1.15230      1.87490
      1.15320      1.87487
      1.15410      1.87485
      1.15500      1.87482
      1.15590      1.87479
      1.15680      1.87477
      1.15770      1.87474
      1.15860      1.87472
      1.15950      1.87469
      1.16040      1.87467
      1.16130      1.87464
      1.16220      1.87461
      1.16310      1.87459
      1.16400      1.87456
      1.16490      1.87454
      1.16580      1.87451
      1.16670      1.87449
      1.16760      1.87446
      1.16850      1.87444
      1.16940      1.87441
      1.17030      1.87439
      1.17120      1.87436
      1.17210      1.87434
      1.17300      1.87431
      1.17390      1.87429
      1.17480      1.87426
      1.17570      1.87424
      1.17660      1.87422
      1.17750      1.87419
      1.17840      1.87417
      1.17930      1.87414
      1.18020      1.87412
      1.18110      1.87409
      1.18200      1.87407
      1.18290      1.87405
      1.18380      1.87402
      1.18470      1.87400
      1.18560      1.87397
      1.18650      1.87395
      1.18740      1.87392
      1.18830      1.87390
      1.18920      1.87388
      1.19010      1.87385
      1.19100      1.87383
      1.19190      1.87381
      1.19280      1.87378
      1.19370      1.87376
      1.19460      1.87374
      1.19550      1.87371
      1.19640      1.87369
      1.19730      1.87367
      1.19820      1.87364
      1.19910      1.87362
