     0.300000      1.66229
     0.300900      1.66190
     0.301800      1.66151
     0.302700      1.66113
     0.303600      1.66075
     0.304500      1.66038
     0.305400      1.66001
     0.306300      1.65964
     0.307200      1.65928
     0.308100      1.65892
     0.309000      1.65856
     0.309900      1.65821
     0.310800      1.65786
     0.311700      1.65752
     0.312600      1.65717
     0.313500      1.65684
     0.314400      1.65650
     0.315300      1.65617
     0.316200      1.65584
     0.317100      1.65551
     0.318000      1.65519
     0.318900      1.65487
     0.319800      1.65455
     0.320700      1.65424
     0.321600      1.65393
     0.322500      1.65362
     0.323400      1.65331
     0.324300      1.65301
     0.325200      1.65271
     0.326100      1.65242
     0.327000      1.65212
     0.327900      1.65183
     0.328800      1.65154
     0.329700      1.65126
     0.330600      1.65097
     0.331500      1.65069
     0.332400      1.65041
     0.333300      1.65014
     0.334200      1.64986
     0.335100      1.64959
     0.336000      1.64932
     0.336900      1.64906
     0.337800      1.64879
     0.338700      1.64853
     0.339600      1.64827
     0.340500      1.64802
     0.341400      1.64776
     0.342300      1.64751
     0.343200      1.64726
     0.344100      1.64701
     0.345000      1.64677
     0.345900      1.64652
     0.346800      1.64628
     0.347700      1.64604
     0.348600      1.64580
     0.349500      1.64557
     0.350400      1.64533
     0.351300      1.64510
     0.352200      1.64487
     0.353100      1.64464
     0.354000      1.64442
     0.354900      1.64419
     0.355800      1.64397
     0.356700      1.64375
     0.357600      1.64353
     0.358500      1.64332
     0.359400      1.64310
     0.360300      1.64289
     0.361200      1.64268
     0.362100      1.64247
     0.363000      1.64226
     0.363900      1.64205
     0.364800      1.64185
     0.365700      1.64164
     0.366600      1.64144
     0.367500      1.64124
     0.368400      1.64104
     0.369300      1.64085
     0.370200      1.64065
     0.371100      1.64046
     0.372000      1.64027
     0.372900      1.64008
     0.373800      1.63989
     0.374700      1.63970
     0.375600      1.63951
     0.376500      1.63933
     0.377400      1.63915
     0.378300      1.63896
     0.379200      1.63878
     0.380100      1.63860
     0.381000      1.63843
     0.381900      1.63825
     0.382800      1.63807
     0.383700      1.63790
     0.384600      1.63773
     0.385500      1.63756
     0.386400      1.63739
     0.387300      1.63722
     0.388200      1.63705
     0.389100      1.63689
     0.390000      1.63672
     0.390900      1.63656
     0.391800      1.63640
     0.392700      1.63624
     0.393600      1.63608
     0.394500      1.63592
     0.395400      1.63576
     0.396300      1.63560
     0.397200      1.63545
     0.398100      1.63529
     0.399000      1.63514
     0.399900      1.63499
     0.400800      1.63484
     0.401700      1.63469
     0.402600      1.63454
     0.403500      1.63439
     0.404400      1.63425
     0.405300      1.63410
     0.406200      1.63396
     0.407100      1.63381
     0.408000      1.63367
     0.408900      1.63353
     0.409800      1.63339
     0.410700      1.63325
     0.411600      1.63311
     0.412500      1.63297
     0.413400      1.63284
     0.414300      1.63270
     0.415200      1.63257
     0.416100      1.63243
     0.417000      1.63230
     0.417900      1.63217
     0.418800      1.63204
     0.419700      1.63191
     0.420600      1.63178
     0.421500      1.63165
     0.422400      1.63152
     0.423300      1.63139
     0.424200      1.63127
     0.425100      1.63114
     0.426000      1.63102
     0.426900      1.63090
     0.427800      1.63077
     0.428700      1.63065
     0.429600      1.63053
     0.430500      1.63041
     0.431400      1.63029
     0.432300      1.63018
     0.433200      1.63006
     0.434100      1.62994
     0.435000      1.62983
     0.435900      1.62971
     0.436800      1.62960
     0.437700      1.62948
     0.438600      1.62937
     0.439500      1.62926
     0.440400      1.62915
     0.441300      1.62903
     0.442200      1.62892
     0.443100      1.62882
     0.444000      1.62871
     0.444900      1.62860
     0.445800      1.62849
     0.446700      1.62838
     0.447600      1.62828
     0.448500      1.62817
     0.449400      1.62807
     0.450300      1.62796
     0.451200      1.62786
     0.452100      1.62776
     0.453000      1.62766
     0.453900      1.62756
     0.454800      1.62746
     0.455700      1.62736
     0.456600      1.62726
     0.457500      1.62716
     0.458400      1.62706
     0.459300      1.62696
     0.460200      1.62686
     0.461100      1.62677
     0.462000      1.62667
     0.462900      1.62658
     0.463800      1.62648
     0.464700      1.62639
     0.465600      1.62629
     0.466500      1.62620
     0.467400      1.62611
     0.468300      1.62602
     0.469200      1.62593
     0.470100      1.62584
     0.471000      1.62575
     0.471900      1.62566
     0.472800      1.62557
     0.473700      1.62548
     0.474600      1.62539
     0.475500      1.62530
     0.476400      1.62522
     0.477300      1.62513
     0.478200      1.62504
     0.479100      1.62496
     0.480000      1.62487
     0.480900      1.62479
     0.481800      1.62471
     0.482700      1.62462
     0.483600      1.62454
     0.484500      1.62446
     0.485400      1.62438
     0.486300      1.62429
     0.487200      1.62421
     0.488100      1.62413
     0.489000      1.62405
     0.489900      1.62397
     0.490800      1.62389
     0.491700      1.62381
     0.492600      1.62374
     0.493500      1.62366
     0.494400      1.62358
     0.495300      1.62350
     0.496200      1.62343
     0.497100      1.62335
     0.498000      1.62328
     0.498900      1.62320
     0.499800      1.62313
     0.500700      1.62305
     0.501600      1.62298
     0.502500      1.62290
     0.503400      1.62283
     0.504300      1.62276
     0.505200      1.62269
     0.506100      1.62262
     0.507000      1.62254
     0.507900      1.62247
     0.508800      1.62240
     0.509700      1.62233
     0.510600      1.62226
     0.511500      1.62219
     0.512400      1.62212
     0.513300      1.62205
     0.514200      1.62199
     0.515100      1.62192
     0.516000      1.62185
     0.516900      1.62178
     0.517800      1.62172
     0.518700      1.62165
     0.519600      1.62158
     0.520500      1.62152
     0.521400      1.62145
     0.522300      1.62139
     0.523200      1.62132
     0.524100      1.62126
     0.525000      1.62119
     0.525900      1.62113
     0.526800      1.62107
     0.527700      1.62100
     0.528600      1.62094
     0.529500      1.62088
     0.530400      1.62082
     0.531300      1.62076
     0.532200      1.62069
     0.533100      1.62063
     0.534000      1.62057
     0.534900      1.62051
     0.535800      1.62045
     0.536700      1.62039
     0.537600      1.62033
     0.538500      1.62027
     0.539400      1.62021
     0.540300      1.62016
     0.541200      1.62010
     0.542100      1.62004
     0.543000      1.61998
     0.543900      1.61992
     0.544800      1.61987
     0.545700      1.61981
     0.546600      1.61975
     0.547500      1.61970
     0.548400      1.61964
     0.549300      1.61959
     0.550200      1.61953
     0.551100      1.61948
     0.552000      1.61942
     0.552900      1.61937
     0.553800      1.61931
     0.554700      1.61926
     0.555600      1.61920
     0.556500      1.61915
     0.557400      1.61910
     0.558300      1.61905
     0.559200      1.61899
     0.560100      1.61894
     0.561000      1.61889
     0.561900      1.61884
     0.562800      1.61879
     0.563700      1.61873
     0.564600      1.61868
     0.565500      1.61863
     0.566400      1.61858
     0.567300      1.61853
     0.568200      1.61848
     0.569100      1.61843
     0.570000      1.61838
     0.570900      1.61833
     0.571800      1.61828
     0.572700      1.61823
     0.573600      1.61819
     0.574500      1.61814
     0.575400      1.61809
     0.576300      1.61804
     0.577200      1.61799
     0.578100      1.61795
     0.579000      1.61790
     0.579900      1.61785
     0.580800      1.61781
     0.581700      1.61776
     0.582600      1.61771
     0.583500      1.61767
     0.584400      1.61762
     0.585300      1.61757
     0.586200      1.61753
     0.587100      1.61748
     0.588000      1.61744
     0.588900      1.61739
     0.589800      1.61735
     0.590700      1.61731
     0.591600      1.61726
     0.592500      1.61722
     0.593400      1.61717
     0.594300      1.61713
     0.595200      1.61709
     0.596100      1.61704
     0.597000      1.61700
     0.597900      1.61696
     0.598800      1.61692
     0.599700      1.61687
     0.600600      1.61683
     0.601500      1.61679
     0.602400      1.61675
     0.603300      1.61671
     0.604200      1.61666
     0.605100      1.61662
     0.606000      1.61658
     0.606900      1.61654
     0.607800      1.61650
     0.608700      1.61646
     0.609600      1.61642
     0.610500      1.61638
     0.611400      1.61634
     0.612300      1.61630
     0.613200      1.61626
     0.614100      1.61622
     0.615000      1.61618
     0.615900      1.61614
     0.616800      1.61610
     0.617700      1.61607
     0.618600      1.61603
     0.619500      1.61599
     0.620400      1.61595
     0.621300      1.61591
     0.622200      1.61588
     0.623100      1.61584
     0.624000      1.61580
     0.624900      1.61576
     0.625800      1.61573
     0.626700      1.61569
     0.627600      1.61565
     0.628500      1.61562
     0.629400      1.61558
     0.630300      1.61554
     0.631200      1.61551
     0.632100      1.61547
     0.633000      1.61543
     0.633900      1.61540
     0.634800      1.61536
     0.635700      1.61533
     0.636600      1.61529
     0.637500      1.61526
     0.638400      1.61522
     0.639300      1.61519
     0.640200      1.61515
     0.641100      1.61512
     0.642000      1.61509
     0.642900      1.61505
     0.643800      1.61502
     0.644700      1.61498
     0.645600      1.61495
     0.646500      1.61492
     0.647400      1.61488
     0.648300      1.61485
     0.649200      1.61482
     0.650100      1.61478
     0.651000      1.61475
     0.651900      1.61472
     0.652800      1.61468
     0.653700      1.61465
     0.654600      1.61462
     0.655500      1.61459
     0.656400      1.61456
     0.657300      1.61452
     0.658200      1.61449
     0.659100      1.61446
     0.660000      1.61443
     0.660900      1.61440
     0.661800      1.61437
     0.662700      1.61434
     0.663600      1.61430
     0.664500      1.61427
     0.665400      1.61424
     0.666300      1.61421
     0.667200      1.61418
     0.668100      1.61415
     0.669000      1.61412
     0.669900      1.61409
     0.670800      1.61406
     0.671700      1.61403
     0.672600      1.61400
     0.673500      1.61397
     0.674400      1.61394
     0.675300      1.61391
     0.676200      1.61388
     0.677100      1.61385
     0.678000      1.61383
     0.678900      1.61380
     0.679800      1.61377
     0.680700      1.61374
     0.681600      1.61371
     0.682500      1.61368
     0.683400      1.61365
     0.684300      1.61363
     0.685200      1.61360
     0.686100      1.61357
     0.687000      1.61354
     0.687900      1.61351
     0.688800      1.61349
     0.689700      1.61346
     0.690600      1.61343
     0.691500      1.61340
     0.692400      1.61338
     0.693300      1.61335
     0.694200      1.61332
     0.695100      1.61330
     0.696000      1.61327
     0.696900      1.61324
     0.697800      1.61322
     0.698700      1.61319
     0.699600      1.61316
     0.700500      1.61314
     0.701400      1.61311
     0.702300      1.61309
     0.703200      1.61306
     0.704100      1.61303
     0.705000      1.61301
     0.705900      1.61298
     0.706800      1.61296
     0.707700      1.61293
     0.708600      1.61291
     0.709500      1.61288
     0.710400      1.61286
     0.711300      1.61283
     0.712200      1.61281
     0.713100      1.61278
     0.714000      1.61276
     0.714900      1.61273
     0.715800      1.61271
     0.716700      1.61268
     0.717600      1.61266
     0.718500      1.61263
     0.719400      1.61261
     0.720300      1.61259
     0.721200      1.61256
     0.722100      1.61254
     0.723000      1.61251
     0.723900      1.61249
     0.724800      1.61247
     0.725700      1.61244
     0.726600      1.61242
     0.727500      1.61240
     0.728400      1.61237
     0.729300      1.61235
     0.730200      1.61233
     0.731100      1.61230
     0.732000      1.61228
     0.732900      1.61226
     0.733800      1.61224
     0.734700      1.61221
     0.735600      1.61219
     0.736500      1.61217
     0.737400      1.61215
     0.738300      1.61212
     0.739200      1.61210
     0.740100      1.61208
     0.741000      1.61206
     0.741900      1.61204
     0.742800      1.61201
     0.743700      1.61199
     0.744600      1.61197
     0.745500      1.61195
     0.746400      1.61193
     0.747300      1.61190
     0.748200      1.61188
     0.749100      1.61186
     0.750000      1.61184
     0.750900      1.61182
     0.751800      1.61180
     0.752700      1.61178
     0.753600      1.61176
     0.754500      1.61174
     0.755400      1.61171
     0.756300      1.61169
     0.757200      1.61167
     0.758100      1.61165
     0.759000      1.61163
     0.759900      1.61161
     0.760800      1.61159
     0.761700      1.61157
     0.762600      1.61155
     0.763500      1.61153
     0.764400      1.61151
     0.765300      1.61149
     0.766200      1.61147
     0.767100      1.61145
     0.768000      1.61143
     0.768900      1.61141
     0.769800      1.61139
     0.770700      1.61137
     0.771600      1.61135
     0.772500      1.61133
     0.773400      1.61131
     0.774300      1.61129
     0.775200      1.61128
     0.776100      1.61126
     0.777000      1.61124
     0.777900      1.61122
     0.778800      1.61120
     0.779700      1.61118
     0.780600      1.61116
     0.781500      1.61114
     0.782400      1.61112
     0.783300      1.61111
     0.784200      1.61109
     0.785100      1.61107
     0.786000      1.61105
     0.786900      1.61103
     0.787800      1.61101
     0.788700      1.61100
     0.789600      1.61098
     0.790500      1.61096
     0.791400      1.61094
     0.792300      1.61092
     0.793200      1.61091
     0.794100      1.61089
     0.795000      1.61087
     0.795900      1.61085
     0.796800      1.61083
     0.797700      1.61082
     0.798600      1.61080
     0.799500      1.61078
     0.800400      1.61076
     0.801300      1.61075
     0.802200      1.61073
     0.803100      1.61071
     0.804000      1.61069
     0.804900      1.61068
     0.805800      1.61066
     0.806700      1.61064
     0.807600      1.61063
     0.808500      1.61061
     0.809400      1.61059
     0.810300      1.61058
     0.811200      1.61056
     0.812100      1.61054
     0.813000      1.61053
     0.813900      1.61051
     0.814800      1.61049
     0.815700      1.61048
     0.816600      1.61046
     0.817500      1.61044
     0.818400      1.61043
     0.819300      1.61041
     0.820200      1.61040
     0.821100      1.61038
     0.822000      1.61036
     0.822900      1.61035
     0.823800      1.61033
     0.824700      1.61032
     0.825600      1.61030
     0.826500      1.61028
     0.827400      1.61027
     0.828300      1.61025
     0.829200      1.61024
     0.830100      1.61022
     0.831000      1.61021
     0.831900      1.61019
     0.832800      1.61017
     0.833700      1.61016
     0.834600      1.61014
     0.835500      1.61013
     0.836400      1.61011
     0.837300      1.61010
     0.838200      1.61008
     0.839100      1.61007
     0.840000      1.61005
     0.840900      1.61004
     0.841800      1.61002
     0.842700      1.61001
     0.843600      1.60999
     0.844500      1.60998
     0.845400      1.60996
     0.846300      1.60995
     0.847200      1.60993
     0.848100      1.60992
     0.849000      1.60990
     0.849900      1.60989
     0.850800      1.60988
     0.851700      1.60986
     0.852600      1.60985
     0.853500      1.60983
     0.854400      1.60982
     0.855300      1.60980
     0.856200      1.60979
     0.857100      1.60978
     0.858000      1.60976
     0.858900      1.60975
     0.859800      1.60973
     0.860700      1.60972
     0.861600      1.60971
     0.862500      1.60969
     0.863400      1.60968
     0.864300      1.60966
     0.865200      1.60965
     0.866100      1.60964
     0.867000      1.60962
     0.867900      1.60961
     0.868800      1.60960
     0.869700      1.60958
     0.870600      1.60957
     0.871500      1.60956
     0.872400      1.60954
     0.873300      1.60953
     0.874200      1.60952
     0.875100      1.60950
     0.876000      1.60949
     0.876900      1.60948
     0.877800      1.60946
     0.878700      1.60945
     0.879600      1.60944
     0.880500      1.60942
     0.881400      1.60941
     0.882300      1.60940
     0.883200      1.60938
     0.884100      1.60937
     0.885000      1.60936
     0.885900      1.60935
     0.886800      1.60933
     0.887700      1.60932
     0.888600      1.60931
     0.889500      1.60930
     0.890400      1.60928
     0.891300      1.60927
     0.892200      1.60926
     0.893100      1.60925
     0.894000      1.60923
     0.894900      1.60922
     0.895800      1.60921
     0.896700      1.60920
     0.897600      1.60918
     0.898500      1.60917
     0.899400      1.60916
     0.900300      1.60915
     0.901200      1.60913
     0.902100      1.60912
     0.903000      1.60911
     0.903900      1.60910
     0.904800      1.60909
     0.905700      1.60907
     0.906600      1.60906
     0.907500      1.60905
     0.908400      1.60904
     0.909300      1.60903
     0.910200      1.60902
     0.911100      1.60900
     0.912000      1.60899
     0.912900      1.60898
     0.913800      1.60897
     0.914700      1.60896
     0.915600      1.60895
     0.916500      1.60893
     0.917400      1.60892
     0.918300      1.60891
     0.919200      1.60890
     0.920100      1.60889
     0.921000      1.60888
     0.921900      1.60887
     0.922800      1.60885
     0.923700      1.60884
     0.924600      1.60883
     0.925500      1.60882
     0.926400      1.60881
     0.927300      1.60880
     0.928200      1.60879
     0.929100      1.60878
     0.930000      1.60876
     0.930900      1.60875
     0.931800      1.60874
     0.932700      1.60873
     0.933600      1.60872
     0.934500      1.60871
     0.935400      1.60870
     0.936300      1.60869
     0.937200      1.60868
     0.938100      1.60867
     0.939000      1.60866
     0.939900      1.60865
     0.940800      1.60863
     0.941700      1.60862
     0.942600      1.60861
     0.943500      1.60860
     0.944400      1.60859
     0.945300      1.60858
     0.946200      1.60857
     0.947100      1.60856
     0.948000      1.60855
     0.948900      1.60854
     0.949800      1.60853
     0.950700      1.60852
     0.951600      1.60851
     0.952500      1.60850
     0.953400      1.60849
     0.954300      1.60848
     0.955200      1.60847
     0.956100      1.60846
     0.957000      1.60845
     0.957900      1.60844
     0.958800      1.60843
     0.959700      1.60842
     0.960600      1.60841
     0.961500      1.60840
     0.962400      1.60839
     0.963300      1.60838
     0.964200      1.60837
     0.965100      1.60836
     0.966000      1.60835
     0.966900      1.60834
     0.967800      1.60833
     0.968700      1.60832
     0.969600      1.60831
     0.970500      1.60830
     0.971400      1.60829
     0.972300      1.60828
     0.973200      1.60827
     0.974100      1.60826
     0.975000      1.60825
     0.975900      1.60824
     0.976800      1.60823
     0.977700      1.60822
     0.978600      1.60821
     0.979500      1.60820
     0.980400      1.60819
     0.981300      1.60819
     0.982200      1.60818
     0.983100      1.60817
     0.984000      1.60816
     0.984900      1.60815
     0.985800      1.60814
     0.986700      1.60813
     0.987600      1.60812
     0.988500      1.60811
     0.989400      1.60810
     0.990300      1.60809
     0.991200      1.60808
     0.992100      1.60808
     0.993000      1.60807
     0.993900      1.60806
     0.994800      1.60805
     0.995700      1.60804
     0.996600      1.60803
     0.997500      1.60802
     0.998400      1.60801
     0.999300      1.60800
      1.00020      1.60799
      1.00110      1.60799
      1.00200      1.60798
      1.00290      1.60797
      1.00380      1.60796
      1.00470      1.60795
      1.00560      1.60794
      1.00650      1.60793
      1.00740      1.60792
      1.00830      1.60792
      1.00920      1.60791
      1.01010      1.60790
      1.01100      1.60789
      1.01190      1.60788
      1.01280      1.60787
      1.01370      1.60786
      1.01460      1.60786
      1.01550      1.60785
      1.01640      1.60784
      1.01730      1.60783
      1.01820      1.60782
      1.01910      1.60781
      1.02000      1.60781
      1.02090      1.60780
      1.02180      1.60779
      1.02270      1.60778
      1.02360      1.60777
      1.02450      1.60776
      1.02540      1.60776
      1.02630      1.60775
      1.02720      1.60774
      1.02810      1.60773
      1.02900      1.60772
      1.02990      1.60772
      1.03080      1.60771
      1.03170      1.60770
      1.03260      1.60769
      1.03350      1.60768
      1.03440      1.60768
      1.03530      1.60767
      1.03620      1.60766
      1.03710      1.60765
      1.03800      1.60764
      1.03890      1.60764
      1.03980      1.60763
      1.04070      1.60762
      1.04160      1.60761
      1.04250      1.60760
      1.04340      1.60760
      1.04430      1.60759
      1.04520      1.60758
      1.04610      1.60757
      1.04700      1.60757
      1.04790      1.60756
      1.04880      1.60755
      1.04970      1.60754
      1.05060      1.60754
      1.05150      1.60753
      1.05240      1.60752
      1.05330      1.60751
      1.05420      1.60751
      1.05510      1.60750
      1.05600      1.60749
      1.05690      1.60748
      1.05780      1.60748
      1.05870      1.60747
      1.05960      1.60746
      1.06050      1.60745
      1.06140      1.60745
      1.06230      1.60744
      1.06320      1.60743
      1.06410      1.60742
      1.06500      1.60742
      1.06590      1.60741
      1.06680      1.60740
      1.06770      1.60739
      1.06860      1.60739
      1.06950      1.60738
      1.07040      1.60737
      1.07130      1.60737
      1.07220      1.60736
      1.07310      1.60735
      1.07400      1.60734
      1.07490      1.60734
      1.07580      1.60733
      1.07670      1.60732
      1.07760      1.60732
      1.07850      1.60731
      1.07940      1.60730
      1.08030      1.60729
      1.08120      1.60729
      1.08210      1.60728
      1.08300      1.60727
      1.08390      1.60727
      1.08480      1.60726
      1.08570      1.60725
      1.08660      1.60725
      1.08750      1.60724
      1.08840      1.60723
      1.08930      1.60723
      1.09020      1.60722
      1.09110      1.60721
      1.09200      1.60721
      1.09290      1.60720
      1.09380      1.60719
      1.09470      1.60719
      1.09560      1.60718
      1.09650      1.60717
      1.09740      1.60716
      1.09830      1.60716
      1.09920      1.60715
      1.10010      1.60715
      1.10100      1.60714
      1.10190      1.60713
      1.10280      1.60713
      1.10370      1.60712
      1.10460      1.60711
      1.10550      1.60711
      1.10640      1.60710
      1.10730      1.60709
      1.10820      1.60709
      1.10910      1.60708
      1.11000      1.60707
      1.11090      1.60707
      1.11180      1.60706
      1.11270      1.60705
      1.11360      1.60705
      1.11450      1.60704
      1.11540      1.60703
      1.11630      1.60703
      1.11720      1.60702
      1.11810      1.60702
      1.11900      1.60701
      1.11990      1.60700
      1.12080      1.60700
      1.12170      1.60699
      1.12260      1.60698
      1.12350      1.60698
      1.12440      1.60697
      1.12530      1.60697
      1.12620      1.60696
      1.12710      1.60695
      1.12800      1.60695
      1.12890      1.60694
      1.12980      1.60694
      1.13070      1.60693
      1.13160      1.60692
      1.13250      1.60692
      1.13340      1.60691
      1.13430      1.60690
      1.13520      1.60690
      1.13610      1.60689
      1.13700      1.60689
      1.13790      1.60688
      1.13880      1.60687
      1.13970      1.60687
      1.14060      1.60686
      1.14150      1.60686
      1.14240      1.60685
      1.14330      1.60685
      1.14420      1.60684
      1.14510      1.60683
      1.14600      1.60683
      1.14690      1.60682
      1.14780      1.60682
      1.14870      1.60681
      1.14960      1.60680
      1.15050      1.60680
      1.15140      1.60679
      1.15230      1.60679
      1.15320      1.60678
      1.15410      1.60678
      1.15500      1.60677
      1.15590      1.60676
      1.15680      1.60676
      1.15770      1.60675
      1.15860      1.60675
      1.15950      1.60674
      1.16040      1.60674
      1.16130      1.60673
      1.16220      1.60672
      1.16310      1.60672
      1.16400      1.60671
      1.16490      1.60671
      1.16580      1.60670
      1.16670      1.60670
      1.16760      1.60669
      1.16850      1.60669
      1.16940      1.60668
      1.17030      1.60667
      1.17120      1.60667
      1.17210      1.60666
      1.17300      1.60666
      1.17390      1.60665
      1.17480      1.60665
      1.17570      1.60664
      1.17660      1.60664
      1.17750      1.60663
      1.17840      1.60663
      1.17930      1.60662
      1.18020      1.60661
      1.18110      1.60661
      1.18200      1.60660
      1.18290      1.60660
      1.18380      1.60659
      1.18470      1.60659
      1.18560      1.60658
      1.18650      1.60658
      1.18740      1.60657
      1.18830      1.60657
      1.18920      1.60656
      1.19010      1.60656
      1.19100      1.60655
      1.19190      1.60655
      1.19280      1.60654
      1.19370      1.60654
      1.19460      1.60653
      1.19550      1.60653
      1.19640      1.60652
      1.19730      1.60652
      1.19820      1.60651
      1.19910      1.60651
