     0.300000      1.90913
     0.300900      1.90770
     0.301800      1.90629
     0.302700      1.90489
     0.303600      1.90351
     0.304500      1.90215
     0.305400      1.90080
     0.306300      1.89947
     0.307200      1.89815
     0.308100      1.89686
     0.309000      1.89557
     0.309900      1.89430
     0.310800      1.89305
     0.311700      1.89181
     0.312600      1.89058
     0.313500      1.88937
     0.314400      1.88818
     0.315300      1.88699
     0.316200      1.88582
     0.317100      1.88466
     0.318000      1.88352
     0.318900      1.88239
     0.319800      1.88127
     0.320700      1.88016
     0.321600      1.87907
     0.322500      1.87799
     0.323400      1.87692
     0.324300      1.87586
     0.325200      1.87481
     0.326100      1.87378
     0.327000      1.87275
     0.327900      1.87174
     0.328800      1.87074
     0.329700      1.86974
     0.330600      1.86876
     0.331500      1.86779
     0.332400      1.86683
     0.333300      1.86588
     0.334200      1.86494
     0.335100      1.86401
     0.336000      1.86308
     0.336900      1.86217
     0.337800      1.86127
     0.338700      1.86038
     0.339600      1.85949
     0.340500      1.85861
     0.341400      1.85775
     0.342300      1.85689
     0.343200      1.85604
     0.344100      1.85520
     0.345000      1.85436
     0.345900      1.85354
     0.346800      1.85272
     0.347700      1.85191
     0.348600      1.85111
     0.349500      1.85032
     0.350400      1.84953
     0.351300      1.84876
     0.352200      1.84798
     0.353100      1.84722
     0.354000      1.84647
     0.354900      1.84572
     0.355800      1.84497
     0.356700      1.84424
     0.357600      1.84351
     0.358500      1.84279
     0.359400      1.84208
     0.360300      1.84137
     0.361200      1.84067
     0.362100      1.83997
     0.363000      1.83929
     0.363900      1.83860
     0.364800      1.83793
     0.365700      1.83726
     0.366600      1.83659
     0.367500      1.83594
     0.368400      1.83528
     0.369300      1.83464
     0.370200      1.83400
     0.371100      1.83336
     0.372000      1.83274
     0.372900      1.83211
     0.373800      1.83149
     0.374700      1.83088
     0.375600      1.83027
     0.376500      1.82967
     0.377400      1.82908
     0.378300      1.82848
     0.379200      1.82790
     0.380100      1.82732
     0.381000      1.82674
     0.381900      1.82617
     0.382800      1.82560
     0.383700      1.82504
     0.384600      1.82448
     0.385500      1.82393
     0.386400      1.82338
     0.387300      1.82284
     0.388200      1.82230
     0.389100      1.82177
     0.390000      1.82124
     0.390900      1.82071
     0.391800      1.82019
     0.392700      1.81968
     0.393600      1.81916
     0.394500      1.81866
     0.395400      1.81815
     0.396300      1.81765
     0.397200      1.81715
     0.398100      1.81666
     0.399000      1.81617
     0.399900      1.81569
     0.400800      1.81521
     0.401700      1.81473
     0.402600      1.81426
     0.403500      1.81379
     0.404400      1.81333
     0.405300      1.81287
     0.406200      1.81241
     0.407100      1.81195
     0.408000      1.81150
     0.408900      1.81105
     0.409800      1.81061
     0.410700      1.81017
     0.411600      1.80973
     0.412500      1.80930
     0.413400      1.80887
     0.414300      1.80844
     0.415200      1.80802
     0.416100      1.80760
     0.417000      1.80718
     0.417900      1.80677
     0.418800      1.80635
     0.419700      1.80595
     0.420600      1.80554
     0.421500      1.80514
     0.422400      1.80474
     0.423300      1.80434
     0.424200      1.80395
     0.425100      1.80356
     0.426000      1.80317
     0.426900      1.80279
     0.427800      1.80241
     0.428700      1.80203
     0.429600      1.80165
     0.430500      1.80128
     0.431400      1.80091
     0.432300      1.80054
     0.433200      1.80017
     0.434100      1.79981
     0.435000      1.79945
     0.435900      1.79909
     0.436800      1.79874
     0.437700      1.79838
     0.438600      1.79803
     0.439500      1.79769
     0.440400      1.79734
     0.441300      1.79700
     0.442200      1.79666
     0.443100      1.79632
     0.444000      1.79598
     0.444900      1.79565
     0.445800      1.79532
     0.446700      1.79499
     0.447600      1.79467
     0.448500      1.79434
     0.449400      1.79402
     0.450300      1.79370
     0.451200      1.79338
     0.452100      1.79307
     0.453000      1.79275
     0.453900      1.79244
     0.454800      1.79213
     0.455700      1.79183
     0.456600      1.79152
     0.457500      1.79122
     0.458400      1.79092
     0.459300      1.79062
     0.460200      1.79032
     0.461100      1.79003
     0.462000      1.78973
     0.462900      1.78944
     0.463800      1.78915
     0.464700      1.78887
     0.465600      1.78858
     0.466500      1.78830
     0.467400      1.78802
     0.468300      1.78774
     0.469200      1.78746
     0.470100      1.78718
     0.471000      1.78691
     0.471900      1.78664
     0.472800      1.78637
     0.473700      1.78610
     0.474600      1.78583
     0.475500      1.78556
     0.476400      1.78530
     0.477300      1.78504
     0.478200      1.78478
     0.479100      1.78452
     0.480000      1.78426
     0.480900      1.78400
     0.481800      1.78375
     0.482700      1.78350
     0.483600      1.78325
     0.484500      1.78300
     0.485400      1.78275
     0.486300      1.78250
     0.487200      1.78226
     0.488100      1.78201
     0.489000      1.78177
     0.489900      1.78153
     0.490800      1.78129
     0.491700      1.78106
     0.492600      1.78082
     0.493500      1.78059
     0.494400      1.78035
     0.495300      1.78012
     0.496200      1.77989
     0.497100      1.77966
     0.498000      1.77944
     0.498900      1.77921
     0.499800      1.77899
     0.500700      1.77876
     0.501600      1.77854
     0.502500      1.77832
     0.503400      1.77810
     0.504300      1.77788
     0.505200      1.77767
     0.506100      1.77745
     0.507000      1.77724
     0.507900      1.77702
     0.508800      1.77681
     0.509700      1.77660
     0.510600      1.77639
     0.511500      1.77618
     0.512400      1.77598
     0.513300      1.77577
     0.514200      1.77557
     0.515100      1.77536
     0.516000      1.77516
     0.516900      1.77496
     0.517800      1.77476
     0.518700      1.77456
     0.519600      1.77437
     0.520500      1.77417
     0.521400      1.77397
     0.522300      1.77378
     0.523200      1.77359
     0.524100      1.77340
     0.525000      1.77320
     0.525900      1.77301
     0.526800      1.77283
     0.527700      1.77264
     0.528600      1.77245
     0.529500      1.77227
     0.530400      1.77208
     0.531300      1.77190
     0.532200      1.77172
     0.533100      1.77154
     0.534000      1.77135
     0.534900      1.77118
     0.535800      1.77100
     0.536700      1.77082
     0.537600      1.77064
     0.538500      1.77047
     0.539400      1.77029
     0.540300      1.77012
     0.541200      1.76995
     0.542100      1.76978
     0.543000      1.76960
     0.543900      1.76944
     0.544800      1.76927
     0.545700      1.76910
     0.546600      1.76893
     0.547500      1.76877
     0.548400      1.76860
     0.549300      1.76844
     0.550200      1.76827
     0.551100      1.76811
     0.552000      1.76795
     0.552900      1.76779
     0.553800      1.76763
     0.554700      1.76747
     0.555600      1.76731
     0.556500      1.76715
     0.557400      1.76700
     0.558300      1.76684
     0.559200      1.76668
     0.560100      1.76653
     0.561000      1.76638
     0.561900      1.76622
     0.562800      1.76607
     0.563700      1.76592
     0.564600      1.76577
     0.565500      1.76562
     0.566400      1.76547
     0.567300      1.76533
     0.568200      1.76518
     0.569100      1.76503
     0.570000      1.76489
     0.570900      1.76474
     0.571800      1.76460
     0.572700      1.76445
     0.573600      1.76431
     0.574500      1.76417
     0.575400      1.76403
     0.576300      1.76389
     0.577200      1.76375
     0.578100      1.76361
     0.579000      1.76347
     0.579900      1.76333
     0.580800      1.76320
     0.581700      1.76306
     0.582600      1.76292
     0.583500      1.76279
     0.584400      1.76265
     0.585300      1.76252
     0.586200      1.76239
     0.587100      1.76226
     0.588000      1.76212
     0.588900      1.76199
     0.589800      1.76186
     0.590700      1.76173
     0.591600      1.76160
     0.592500      1.76148
     0.593400      1.76135
     0.594300      1.76122
     0.595200      1.76109
     0.596100      1.76097
     0.597000      1.76084
     0.597900      1.76072
     0.598800      1.76059
     0.599700      1.76047
     0.600600      1.76035
     0.601500      1.76022
     0.602400      1.76010
     0.603300      1.75998
     0.604200      1.75986
     0.605100      1.75974
     0.606000      1.75962
     0.606900      1.75950
     0.607800      1.75938
     0.608700      1.75927
     0.609600      1.75915
     0.610500      1.75903
     0.611400      1.75892
     0.612300      1.75880
     0.613200      1.75869
     0.614100      1.75857
     0.615000      1.75846
     0.615900      1.75835
     0.616800      1.75823
     0.617700      1.75812
     0.618600      1.75801
     0.619500      1.75790
     0.620400      1.75779
     0.621300      1.75768
     0.622200      1.75757
     0.623100      1.75746
     0.624000      1.75735
     0.624900      1.75724
     0.625800      1.75713
     0.626700      1.75703
     0.627600      1.75692
     0.628500      1.75681
     0.629400      1.75671
     0.630300      1.75660
     0.631200      1.75650
     0.632100      1.75639
     0.633000      1.75629
     0.633900      1.75619
     0.634800      1.75608
     0.635700      1.75598
     0.636600      1.75588
     0.637500      1.75578
     0.638400      1.75568
     0.639300      1.75558
     0.640200      1.75548
     0.641100      1.75538
     0.642000      1.75528
     0.642900      1.75518
     0.643800      1.75508
     0.644700      1.75498
     0.645600      1.75488
     0.646500      1.75479
     0.647400      1.75469
     0.648300      1.75459
     0.649200      1.75450
     0.650100      1.75440
     0.651000      1.75431
     0.651900      1.75421
     0.652800      1.75412
     0.653700      1.75403
     0.654600      1.75393
     0.655500      1.75384
     0.656400      1.75375
     0.657300      1.75366
     0.658200      1.75356
     0.659100      1.75347
     0.660000      1.75338
     0.660900      1.75329
     0.661800      1.75320
     0.662700      1.75311
     0.663600      1.75302
     0.664500      1.75293
     0.665400      1.75285
     0.666300      1.75276
     0.667200      1.75267
     0.668100      1.75258
     0.669000      1.75250
     0.669900      1.75241
     0.670800      1.75232
     0.671700      1.75224
     0.672600      1.75215
     0.673500      1.75207
     0.674400      1.75198
     0.675300      1.75190
     0.676200      1.75181
     0.677100      1.75173
     0.678000      1.75165
     0.678900      1.75156
     0.679800      1.75148
     0.680700      1.75140
     0.681600      1.75132
     0.682500      1.75123
     0.683400      1.75115
     0.684300      1.75107
     0.685200      1.75099
     0.686100      1.75091
     0.687000      1.75083
     0.687900      1.75075
     0.688800      1.75067
     0.689700      1.75059
     0.690600      1.75052
     0.691500      1.75044
     0.692400      1.75036
     0.693300      1.75028
     0.694200      1.75020
     0.695100      1.75013
     0.696000      1.75005
     0.696900      1.74997
     0.697800      1.74990
     0.698700      1.74982
     0.699600      1.74975
     0.700500      1.74967
     0.701400      1.74960
     0.702300      1.74952
     0.703200      1.74945
     0.704100      1.74937
     0.705000      1.74930
     0.705900      1.74923
     0.706800      1.74915
     0.707700      1.74908
     0.708600      1.74901
     0.709500      1.74894
     0.710400      1.74886
     0.711300      1.74879
     0.712200      1.74872
     0.713100      1.74865
     0.714000      1.74858
     0.714900      1.74851
     0.715800      1.74844
     0.716700      1.74837
     0.717600      1.74830
     0.718500      1.74823
     0.719400      1.74816
     0.720300      1.74809
     0.721200      1.74802
     0.722100      1.74796
     0.723000      1.74789
     0.723900      1.74782
     0.724800      1.74775
     0.725700      1.74769
     0.726600      1.74762
     0.727500      1.74755
     0.728400      1.74749
     0.729300      1.74742
     0.730200      1.74735
     0.731100      1.74729
     0.732000      1.74722
     0.732900      1.74716
     0.733800      1.74709
     0.734700      1.74703
     0.735600      1.74696
     0.736500      1.74690
     0.737400      1.74683
     0.738300      1.74677
     0.739200      1.74671
     0.740100      1.74664
     0.741000      1.74658
     0.741900      1.74652
     0.742800      1.74646
     0.743700      1.74639
     0.744600      1.74633
     0.745500      1.74627
     0.746400      1.74621
     0.747300      1.74615
     0.748200      1.74609
     0.749100      1.74603
     0.750000      1.74597
     0.750900      1.74590
     0.751800      1.74584
     0.752700      1.74578
     0.753600      1.74573
     0.754500      1.74567
     0.755400      1.74561
     0.756300      1.74555
     0.757200      1.74549
     0.758100      1.74543
     0.759000      1.74537
     0.759900      1.74531
     0.760800      1.74526
     0.761700      1.74520
     0.762600      1.74514
     0.763500      1.74508
     0.764400      1.74503
     0.765300      1.74497
     0.766200      1.74491
     0.767100      1.74486
     0.768000      1.74480
     0.768900      1.74474
     0.769800      1.74469
     0.770700      1.74463
     0.771600      1.74458
     0.772500      1.74452
     0.773400      1.74447
     0.774300      1.74441
     0.775200      1.74436
     0.776100      1.74430
     0.777000      1.74425
     0.777900      1.74419
     0.778800      1.74414
     0.779700      1.74409
     0.780600      1.74403
     0.781500      1.74398
     0.782400      1.74393
     0.783300      1.74387
     0.784200      1.74382
     0.785100      1.74377
     0.786000      1.74372
     0.786900      1.74367
     0.787800      1.74361
     0.788700      1.74356
     0.789600      1.74351
     0.790500      1.74346
     0.791400      1.74341
     0.792300      1.74336
     0.793200      1.74331
     0.794100      1.74325
     0.795000      1.74320
     0.795900      1.74315
     0.796800      1.74310
     0.797700      1.74305
     0.798600      1.74300
     0.799500      1.74295
     0.800400      1.74291
     0.801300      1.74286
     0.802200      1.74281
     0.803100      1.74276
     0.804000      1.74271
     0.804900      1.74266
     0.805800      1.74261
     0.806700      1.74256
     0.807600      1.74252
     0.808500      1.74247
     0.809400      1.74242
     0.810300      1.74237
     0.811200      1.74233
     0.812100      1.74228
     0.813000      1.74223
     0.813900      1.74218
     0.814800      1.74214
     0.815700      1.74209
     0.816600      1.74204
     0.817500      1.74200
     0.818400      1.74195
     0.819300      1.74191
     0.820200      1.74186
     0.821100      1.74182
     0.822000      1.74177
     0.822900      1.74172
     0.823800      1.74168
     0.824700      1.74163
     0.825600      1.74159
     0.826500      1.74154
     0.827400      1.74150
     0.828300      1.74146
     0.829200      1.74141
     0.830100      1.74137
     0.831000      1.74132
     0.831900      1.74128
     0.832800      1.74124
     0.833700      1.74119
     0.834600      1.74115
     0.835500      1.74111
     0.836400      1.74106
     0.837300      1.74102
     0.838200      1.74098
     0.839100      1.74093
     0.840000      1.74089
     0.840900      1.74085
     0.841800      1.74081
     0.842700      1.74077
     0.843600      1.74072
     0.844500      1.74068
     0.845400      1.74064
     0.846300      1.74060
     0.847200      1.74056
     0.848100      1.74052
     0.849000      1.74047
     0.849900      1.74043
     0.850800      1.74039
     0.851700      1.74035
     0.852600      1.74031
     0.853500      1.74027
     0.854400      1.74023
     0.855300      1.74019
     0.856200      1.74015
     0.857100      1.74011
     0.858000      1.74007
     0.858900      1.74003
     0.859800      1.73999
     0.860700      1.73995
     0.861600      1.73991
     0.862500      1.73987
     0.863400      1.73984
     0.864300      1.73980
     0.865200      1.73976
     0.866100      1.73972
     0.867000      1.73968
     0.867900      1.73964
     0.868800      1.73960
     0.869700      1.73957
     0.870600      1.73953
     0.871500      1.73949
     0.872400      1.73945
     0.873300      1.73941
     0.874200      1.73938
     0.875100      1.73934
     0.876000      1.73930
     0.876900      1.73926
     0.877800      1.73923
     0.878700      1.73919
     0.879600      1.73915
     0.880500      1.73912
     0.881400      1.73908
     0.882300      1.73904
     0.883200      1.73901
     0.884100      1.73897
     0.885000      1.73894
     0.885900      1.73890
     0.886800      1.73886
     0.887700      1.73883
     0.888600      1.73879
     0.889500      1.73876
     0.890400      1.73872
     0.891300      1.73869
     0.892200      1.73865
     0.893100      1.73862
     0.894000      1.73858
     0.894900      1.73855
     0.895800      1.73851
     0.896700      1.73848
     0.897600      1.73844
     0.898500      1.73841
     0.899400      1.73837
     0.900300      1.73834
     0.901200      1.73830
     0.902100      1.73827
     0.903000      1.73824
     0.903900      1.73820
     0.904800      1.73817
     0.905700      1.73813
     0.906600      1.73810
     0.907500      1.73807
     0.908400      1.73803
     0.909300      1.73800
     0.910200      1.73797
     0.911100      1.73794
     0.912000      1.73790
     0.912900      1.73787
     0.913800      1.73784
     0.914700      1.73780
     0.915600      1.73777
     0.916500      1.73774
     0.917400      1.73771
     0.918300      1.73767
     0.919200      1.73764
     0.920100      1.73761
     0.921000      1.73758
     0.921900      1.73755
     0.922800      1.73752
     0.923700      1.73748
     0.924600      1.73745
     0.925500      1.73742
     0.926400      1.73739
     0.927300      1.73736
     0.928200      1.73733
     0.929100      1.73730
     0.930000      1.73726
     0.930900      1.73723
     0.931800      1.73720
     0.932700      1.73717
     0.933600      1.73714
     0.934500      1.73711
     0.935400      1.73708
     0.936300      1.73705
     0.937200      1.73702
     0.938100      1.73699
     0.939000      1.73696
     0.939900      1.73693
     0.940800      1.73690
     0.941700      1.73687
     0.942600      1.73684
     0.943500      1.73681
     0.944400      1.73678
     0.945300      1.73675
     0.946200      1.73672
     0.947100      1.73669
     0.948000      1.73666
     0.948900      1.73663
     0.949800      1.73661
     0.950700      1.73658
     0.951600      1.73655
     0.952500      1.73652
     0.953400      1.73649
     0.954300      1.73646
     0.955200      1.73643
     0.956100      1.73640
     0.957000      1.73638
     0.957900      1.73635
     0.958800      1.73632
     0.959700      1.73629
     0.960600      1.73626
     0.961500      1.73624
     0.962400      1.73621
     0.963300      1.73618
     0.964200      1.73615
     0.965100      1.73612
     0.966000      1.73610
     0.966900      1.73607
     0.967800      1.73604
     0.968700      1.73602
     0.969600      1.73599
     0.970500      1.73596
     0.971400      1.73593
     0.972300      1.73591
     0.973200      1.73588
     0.974100      1.73585
     0.975000      1.73583
     0.975900      1.73580
     0.976800      1.73577
     0.977700      1.73575
     0.978600      1.73572
     0.979500      1.73569
     0.980400      1.73567
     0.981300      1.73564
     0.982200      1.73561
     0.983100      1.73559
     0.984000      1.73556
     0.984900      1.73554
     0.985800      1.73551
     0.986700      1.73548
     0.987600      1.73546
     0.988500      1.73543
     0.989400      1.73541
     0.990300      1.73538
     0.991200      1.73536
     0.992100      1.73533
     0.993000      1.73531
     0.993900      1.73528
     0.994800      1.73526
     0.995700      1.73523
     0.996600      1.73521
     0.997500      1.73518
     0.998400      1.73516
     0.999300      1.73513
      1.00020      1.73511
      1.00110      1.73508
      1.00200      1.73506
      1.00290      1.73503
      1.00380      1.73501
      1.00470      1.73498
      1.00560      1.73496
      1.00650      1.73494
      1.00740      1.73491
      1.00830      1.73489
      1.00920      1.73486
      1.01010      1.73484
      1.01100      1.73481
      1.01190      1.73479
      1.01280      1.73477
      1.01370      1.73474
      1.01460      1.73472
      1.01550      1.73470
      1.01640      1.73467
      1.01730      1.73465
      1.01820      1.73463
      1.01910      1.73460
      1.02000      1.73458
      1.02090      1.73456
      1.02180      1.73453
      1.02270      1.73451
      1.02360      1.73449
      1.02450      1.73446
      1.02540      1.73444
      1.02630      1.73442
      1.02720      1.73439
      1.02810      1.73437
      1.02900      1.73435
      1.02990      1.73433
      1.03080      1.73430
      1.03170      1.73428
      1.03260      1.73426
      1.03350      1.73424
      1.03440      1.73421
      1.03530      1.73419
      1.03620      1.73417
      1.03710      1.73415
      1.03800      1.73413
      1.03890      1.73410
      1.03980      1.73408
      1.04070      1.73406
      1.04160      1.73404
      1.04250      1.73402
      1.04340      1.73399
      1.04430      1.73397
      1.04520      1.73395
      1.04610      1.73393
      1.04700      1.73391
      1.04790      1.73389
      1.04880      1.73387
      1.04970      1.73384
      1.05060      1.73382
      1.05150      1.73380
      1.05240      1.73378
      1.05330      1.73376
      1.05420      1.73374
      1.05510      1.73372
      1.05600      1.73370
      1.05690      1.73368
      1.05780      1.73365
      1.05870      1.73363
      1.05960      1.73361
      1.06050      1.73359
      1.06140      1.73357
      1.06230      1.73355
      1.06320      1.73353
      1.06410      1.73351
      1.06500      1.73349
      1.06590      1.73347
      1.06680      1.73345
      1.06770      1.73343
      1.06860      1.73341
      1.06950      1.73339
      1.07040      1.73337
      1.07130      1.73335
      1.07220      1.73333
      1.07310      1.73331
      1.07400      1.73329
      1.07490      1.73327
      1.07580      1.73325
      1.07670      1.73323
      1.07760      1.73321
      1.07850      1.73319
      1.07940      1.73317
      1.08030      1.73315
      1.08120      1.73313
      1.08210      1.73311
      1.08300      1.73309
      1.08390      1.73307
      1.08480      1.73305
      1.08570      1.73303
      1.08660      1.73302
      1.08750      1.73300
      1.08840      1.73298
      1.08930      1.73296
      1.09020      1.73294
      1.09110      1.73292
      1.09200      1.73290
      1.09290      1.73288
      1.09380      1.73286
      1.09470      1.73284
      1.09560      1.73283
      1.09650      1.73281
      1.09740      1.73279
      1.09830      1.73277
      1.09920      1.73275
      1.10010      1.73273
      1.10100      1.73271
      1.10190      1.73270
      1.10280      1.73268
      1.10370      1.73266
      1.10460      1.73264
      1.10550      1.73262
      1.10640      1.73260
      1.10730      1.73259
      1.10820      1.73257
      1.10910      1.73255
      1.11000      1.73253
      1.11090      1.73251
      1.11180      1.73250
      1.11270      1.73248
      1.11360      1.73246
      1.11450      1.73244
      1.11540      1.73243
      1.11630      1.73241
      1.11720      1.73239
      1.11810      1.73237
      1.11900      1.73236
      1.11990      1.73234
      1.12080      1.73232
      1.12170      1.73230
      1.12260      1.73229
      1.12350      1.73227
      1.12440      1.73225
      1.12530      1.73223
      1.12620      1.73222
      1.12710      1.73220
      1.12800      1.73218
      1.12890      1.73217
      1.12980      1.73215
      1.13070      1.73213
      1.13160      1.73211
      1.13250      1.73210
      1.13340      1.73208
      1.13430      1.73206
      1.13520      1.73205
      1.13610      1.73203
      1.13700      1.73201
      1.13790      1.73200
      1.13880      1.73198
      1.13970      1.73196
      1.14060      1.73195
      1.14150      1.73193
      1.14240      1.73191
      1.14330      1.73190
      1.14420      1.73188
      1.14510      1.73187
      1.14600      1.73185
      1.14690      1.73183
      1.14780      1.73182
      1.14870      1.73180
      1.14960      1.73178
      1.15050      1.73177
      1.15140      1.73175
      1.15230      1.73174
      1.15320      1.73172
      1.15410      1.73170
      1.15500      1.73169
      1.15590      1.73167
      1.15680      1.73166
      1.15770      1.73164
      1.15860      1.73162
      1.15950      1.73161
      1.16040      1.73159
      1.16130      1.73158
      1.16220      1.73156
      1.16310      1.73155
      1.16400      1.73153
      1.16490      1.73152
      1.16580      1.73150
      1.16670      1.73148
      1.16760      1.73147
      1.16850      1.73145
      1.16940      1.73144
      1.17030      1.73142
      1.17120      1.73141
      1.17210      1.73139
      1.17300      1.73138
      1.17390      1.73136
      1.17480      1.73135
      1.17570      1.73133
      1.17660      1.73132
      1.17750      1.73130
      1.17840      1.73129
      1.17930      1.73127
      1.18020      1.73126
      1.18110      1.73124
      1.18200      1.73123
      1.18290      1.73121
      1.18380      1.73120
      1.18470      1.73118
      1.18560      1.73117
      1.18650      1.73115
      1.18740      1.73114
      1.18830      1.73113
      1.18920      1.73111
      1.19010      1.73110
      1.19100      1.73108
      1.19190      1.73107
      1.19280      1.73105
      1.19370      1.73104
      1.19460      1.73102
      1.19550      1.73101
      1.19640      1.73100
      1.19730      1.73098
      1.19820      1.73097
      1.19910      1.73095
