# device segmentation data
# 
# (a): device name
# (b): number of amplifiers
# (c): pixels x
# (d): pixels y
#  
# (1): amplifier name
# (2-5): x low, x high, y low, y high
# (6): serialread
# (7): parallelread
# (8-9): gain, % variation
# (10-11): bias level, % variation
# (12-13): readnoise , % variation
# (14-15): dark current, % variation
# (16-19): parallel prescan, serial overscan, serial prescan, parallel overscan (pixel)
# (20): hot pixel rate
# (21): hot column rate
# (22-35): crosstalk
# 
#  (a)    (b)       (c)         (d)
#  (1)           (2)  (3)    (4)  (5) (6) (7)(8 9) (10 11)(12 13)(14 15) (16-19)    (20)      (21)      (22-37)
chipa  4  2048  2048
chipa_C0     0  2047     0   511  1 -1 1.7 3.0 1000.0 2.0 7.0 3.0 0.02 0.0  1  6  4  0 0.00000012 0.00000012 18 1.0 0.0 0.0 0.0 0 0 0 0 0 0
chipa_C1     0  2047   512  1023  1 -1 1.7 3.0 1000.0 2.0 7.0 3.0 0.02 0.0  1  6  4  0 0.00000012 0.00000012 18 0.0 1.0 0.0 0.0 0 0 0 0 0 0
chipa_C2     0  2047  1024  1535  1 -1 1.7 3.0 1000.0 2.0 7.0 3.0 0.02 0.0  1  6  4  0 0.00000012 0.00000012 18 0.0 0.0 1.0 0.0 0 0 0 0 0 0
chipa_C3     0  2047  1536  2047  1 -1 1.7 3.0 1000.0 2.0 7.0 3.0 0.02 0.0  1  6  4  0 0.00000012 0.00000012 18 0.0 0.0 0.0 1.0 0 0 0 0 0 0
chipb  4  2048  2048
chipb_C0     0  2047     0   511  1 -1 1.7 3.0 1000.0 2.0 7.0 3.0 0.02 0.0  1  6  4  0 0.00000012 0.00000012 18 1.0 0.0 0.0 0.0 0 0 0 0 0 0
chipb_C1     0  2047   512  1023  1 -1 1.7 3.0 1000.0 2.0 7.0 3.0 0.02 0.0  1  6  4  0 0.00000012 0.00000012 18 0.0 1.0 0.0 0.0 0 0 0 0 0 0
chipb_C2     0  2047  1024  1535  1 -1 1.7 3.0 1000.0 2.0 7.0 3.0 0.02 0.0  1  6  4  0 0.00000012 0.00000012 18 0.0 0.0 1.0 0.0 0 0 0 0 0 0
chipb_C3     0  2047  1536  2047  1 -1 1.7 3.0 1000.0 2.0 7.0 3.0 0.02 0.0  1  6  4  0 0.00000012 0.00000012 18 0.0 0.0 0.0 1.0 0 0 0 0 0 0
chipc  4  2048  2048
chipc_C0     0  2047     0   511  1 -1 1.7 3.0 1000.0 2.0 7.0 3.0 0.02 0.0  1  6  4  0 0.00000012 0.00000012 18 1.0 0.0 0.0 0.0 0 0 0 0 0 0
chipc_C1     0  2047   512  1023  1 -1 1.7 3.0 1000.0 2.0 7.0 3.0 0.02 0.0  1  6  4  0 0.00000012 0.00000012 18 0.0 1.0 0.0 0.0 0 0 0 0 0 0
chipc_C2     0  2047  1024  1535  1 -1 1.7 3.0 1000.0 2.0 7.0 3.0 0.02 0.0  1  6  4  0 0.00000012 0.00000012 18 0.0 0.0 1.0 0.0 0 0 0 0 0 0
chipc_C3     0  2047  1536  2047  1 -1 1.7 3.0 1000.0 2.0 7.0 3.0 0.02 0.0  1  6  4  0 0.00000012 0.00000012 18 0.0 0.0 0.0 1.0 0 0 0 0 0 0
chipd  4  2048  2048
chipd_C0     0  2047     0   511  1 -1 1.7 3.0 1000.0 2.0 7.0 3.0 0.02 0.0  1  6  4  0 0.00000012 0.00000012 18 1.0 0.0 0.0 0.0 0 0 0 0 0 0
chipd_C1     0  2047   512  1023  1 -1 1.7 3.0 1000.0 2.0 7.0 3.0 0.02 0.0  1  6  4  0 0.00000012 0.00000012 18 0.0 1.0 0.0 0.0 0 0 0 0 0 0
chipd_C2     0  2047  1024  1535  1 -1 1.7 3.0 1000.0 2.0 7.0 3.0 0.02 0.0  1  6  4  0 0.00000012 0.00000012 18 0.0 0.0 1.0 0.0 0 0 0 0 0 0
chipd_C3     0  2047  1536  2047  1 -1 1.7 3.0 1000.0 2.0 7.0 3.0 0.02 0.0  1  6  4  0 0.00000012 0.00000012 18 0.0 0.0 0.0 1.0 0 0 0 0 0 0
