M1                              0       body  0 random          0  0.0           0.0  0.0  0.0  0.0  0.0  1.0                  0.0                  0.0
M2                              1       body  2 random          0  0.0           0.785398 0.0  0.0  0.0  0.0  1.0              0.0             0.0
L1                              2       body  2 random          0  0.0           1.57080  0.0  0.0  0.0  0.0  1.0                  0.0                  0.0
L1                              2       body  4 random          0  0.0           119.0  0.0  0.0  0.0  0.0  1.0                  0.0                  0.0
L1E                             3       body  2 random          0  0.0           1.57080  0.0  0.0  0.0  0.0  1.0                  0.0                  0.0
L1E                             3       body  4 random          0  0.0           122.0  0.0  0.0  0.0  0.0  1.0                  0.0                  0.0
L2                              4       body  2 random          0  0.0           1.57080  0.0  0.0  0.0  0.0  1.0                  0.0                  0.0
L2                              4       body  4 random          0  0.0           129.22  0.0  0.0  0.0  0.0  1.0                  0.0                  0.0
L2E                             5       body  2 random          0  0.0           1.57080  0.0  0.0  0.0  0.0  1.0                  0.0                  0.0
L2E                             5       body  4 random          0  0.0           134.22  0.0  0.0  0.0  0.0  1.0                  0.0                  0.0
D                               6       body  2 random          0  0.0           1.57080  0.0  0.0  0.0  0.0  1.0                  0.0                  0.0
D                               6       body  4 random          0  0.0           140.22  0.0  0.0  0.0  0.0  1.0                  0.0                  0.0
