0.3340	1.590830831066         1.644579e-07
0.3541	1.582842758730         1.963720e-08
0.3742	1.576504548767         7.686445e-09
0.3943	1.571357318479         3.139575e-09
0.4144	1.567099880544         3.299694e-09
0.4346	1.563525186199         3.459813e-09
0.4547	1.560485681983         3.619933e-09
0.4748	1.557873136927         3.780052e-09
0.4949	1.555606262864         3.940171e-09
0.5150	1.553622786691         4.100290e-09
0.5351	1.551874191744         4.260409e-09
0.5552	1.550322125061         4.420529e-09
0.5753	1.548935880292         4.580648e-09
0.5954	1.547690595572         4.740767e-09
0.6156	1.546565938685         4.900886e-09
0.6357	1.545545131673         5.061006e-09
0.6558	1.544614216531         5.221125e-09
0.6759	1.543761495041         5.381244e-09
0.6960	1.542977096357         5.541363e-09
0.7161	1.542252639592         5.701482e-09
0.7362	1.541580967949         5.861602e-09
0.7563	1.540955937326         6.021721e-09
0.7764	1.540372246855         6.181840e-09
0.7966	1.539825302008         6.341959e-09
0.8167	1.539311103236         6.502078e-09
0.8368	1.538826154773         6.662198e-09
0.8569	1.538367389506         6.822317e-09
0.8770	1.537932106712         6.982436e-09
0.8971	1.537517920195         7.142555e-09
0.9172	1.537122714856         7.302674e-09
0.9373	1.536744610154         7.462794e-09
0.9574	1.536381929234         7.622913e-09
0.9776	1.536033172716         7.783032e-09
0.9977	1.535696996374         7.943151e-09
1.0178	1.535372192027         8.103271e-09
1.0379	1.535057671152         8.263390e-09
1.0580	1.534752450754         8.423509e-09
1.0781	1.534455641159         8.583628e-09
1.0982	1.534166435430         8.743747e-09
1.1183	1.533884100163         8.903867e-09
1.1384	1.533607967461         9.063986e-09
1.1586	1.533337427911         9.224105e-09
1.1787	1.533071924432         9.384224e-09
1.1988	1.532810946861         9.544343e-09
1.2189	1.532554027185         9.704463e-09
1.2390	1.532300735332         9.864582e-09
1.2591	1.532050675439         1.002470e-08
1.2792	1.531803482546         1.018482e-08
1.2993	1.531558819656         1.034494e-08
1.3194	1.531316375112         1.050506e-08
1.3396	1.531075860261         1.066518e-08
1.3597	1.530837007363         1.082530e-08
1.3798	1.530599567715         1.098542e-08
1.3999	1.530363309971         1.114554e-08
1.4200	1.530128018632         1.130565e-08
1.4401	1.529893492681         1.146577e-08
1.4602	1.529659544357         1.162589e-08
1.4803	1.529425998047         1.178601e-08
1.5004	1.529192689282         1.194613e-08
1.5206	1.528959463824         1.210625e-08
1.5407	1.528726176848         1.226637e-08
1.5608	1.528492692186         1.242649e-08
1.5809	1.528258881649         1.258661e-08
1.6010	1.528024624402         1.274673e-08
1.6211	1.527789806402         1.290685e-08
1.6412	1.527554319876         1.306697e-08
1.6613	1.527318062850         1.322709e-08
1.6814	1.527080938716         1.338720e-08
1.7016	1.526842855831         1.354732e-08
1.7217	1.526603727157         1.370744e-08
1.7418	1.526363469925         1.386756e-08
1.7619	1.526122005324         1.402768e-08
1.7820	1.525879258221         1.418780e-08
1.8021	1.525635156898         1.434792e-08
1.8222	1.525389632811         1.450804e-08
1.8423	1.525142620368         1.466816e-08
1.8624	1.524894056723         1.482828e-08
1.8826	1.524643881582         1.498840e-08
1.9027	1.524392037035         1.514852e-08
1.9228	1.524138467382         1.530863e-08
1.9429	1.523883118990         1.546875e-08
1.9630	1.523625940148         1.562887e-08
1.9831	1.523366880934         1.578899e-08
2.0032	1.523105893098         1.594911e-08
2.0233	1.522842929945         1.610923e-08
2.0434	1.522577946231         1.626935e-08
2.0636	1.522310898061         1.642947e-08
2.0837	1.522041742801         1.658959e-08
2.1038	1.521770438989         1.674971e-08
2.1239	1.521496946257         1.690983e-08
2.1440	1.521221225251         1.706995e-08
2.1641	1.520943237565         1.723007e-08
2.1842	1.520662945672         1.739018e-08
2.2043	1.520380312862         1.755030e-08
2.2244	1.520095303186         1.771042e-08
2.2446	1.519807881396         1.787054e-08
2.2647	1.519518012899         1.803066e-08
2.2848	1.519225663703         1.819078e-08
2.3049	1.518930800376         1.835090e-08
2.3250	1.518633389999         1.851102e-08
