optics g       0.30  0.70  0.52  60223.0 1 1 0
Primary     mirror     28804.4        0.0000  4000.0000  600.0 -1.003825 -0.000000e+00 -0.000000e+00 -0.000000e+00 -0.000000e+00 -0.000000e+00 -0.000000e+00 -0.000000e+00 -0.000000e+00 -0.000000e+00 -0.000000e+00 -0.000000e+00 -0.000000e+00 -0.000000e+00 -0.000000e+00 -0.000000e+00     protected_al2o3   air   none
Secondary   mirror      4191.3    12542.1402   511.9694   77.5 -1.613600 -0.000000e+00 -0.000000e+00 -0.000000e+00 -0.000000e+00 -0.000000e+00 -0.000000e+00 -0.000000e+00 -0.000000e+00 -0.000000e+00 -0.000000e+00 -0.000000e+00 -0.000000e+00 -0.000000e+00 -0.000000e+00 -0.000000e+00     protected_al2o3   air   none
Fold        mirror         0.0   -15442.1402   250.0000    0.0  0.000000 -0.000000e+00 -0.000000e+00 -0.000000e+00 -0.000000e+00 -0.000000e+00 -0.000000e+00 -0.000000e+00 -0.000000e+00 -0.000000e+00 -0.000000e+00 -0.000000e+00 -0.000000e+00 -0.000000e+00 -0.000000e+00 -0.000000e+00     protected_al2o3   air   none
# --- COLLIMATOR TRIPLET 1: J2A6429(BSL7Y) + CAFL + JAE7216B(BAL15Y) ---
CL1a        lens       258.155           0.0   140.0000    0.0  0.000000 -0.000000e+00 -0.000000e+00 -0.000000e+00 -0.000000e+00 -0.000000e+00 -0.000000e+00 -0.000000e+00 -0.000000e+00 -0.000000e+00 -0.000000e+00 -0.000000e+00 -0.000000e+00 -0.000000e+00 -0.000000e+00 -0.000000e+00     lenses.txt        J2A6429.txt   none
CL1b        lens       229.945           0.0   136.0000    0.0  0.000000 -0.000000e+00 -0.000000e+00 -0.000000e+00 -0.000000e+00 -0.000000e+00 -0.000000e+00 -0.000000e+00 -0.000000e+00 -0.000000e+00 -0.000000e+00 -0.000000e+00 -0.000000e+00 -0.000000e+00 -0.000000e+00 -0.000000e+00     lenses.txt        CAFL.txt      none
CL1c        lens       -355.038           0.0   133.0000    0.0  0.000000 -0.000000e+00 -0.000000e+00 -0.000000e+00 -0.000000e+00 -0.000000e+00 -0.000000e+00 -0.000000e+00 -0.000000e+00 -0.000000e+00 -0.000000e+00 -0.000000e+00 -0.000000e+00 -0.000000e+00 -0.000000e+00 -0.000000e+00     lenses.txt        JAE7216B.txt  none
CL1E        lens      4075.943           0.0   128.0000    0.0  0.000000 -0.000000e+00 -0.000000e+00 -0.000000e+00 -0.000000e+00 -0.000000e+00 -0.000000e+00 -0.000000e+00 -0.000000e+00 -0.000000e+00 -0.000000e+00 -0.000000e+00 -0.000000e+00 -0.000000e+00 -0.000000e+00 -0.000000e+00     lenses.txt        air           none
# --- COLLIMATOR TRIPLET 2: T2A5806(S-BSL7) + CAFL + J2F5613(PBL1Y) ---
CL2a        lens      -144.928           0.0    70.0000    0.0  0.000000 -0.000000e+00 -0.000000e+00 -0.000000e+00 -0.000000e+00 -0.000000e+00 -0.000000e+00 -0.000000e+00 -0.000000e+00 -0.000000e+00 -0.000000e+00 -0.000000e+00 -0.000000e+00 -0.000000e+00 -0.000000e+00 -0.000000e+00     lenses.txt        T2A5806.txt   none
CL2b        lens      -111.400           0.0    71.0000    0.0  0.000000 -0.000000e+00 -0.000000e+00 -0.000000e+00 -0.000000e+00 -0.000000e+00 -0.000000e+00 -0.000000e+00 -0.000000e+00 -0.000000e+00 -0.000000e+00 -0.000000e+00 -0.000000e+00 -0.000000e+00 -0.000000e+00 -0.000000e+00     lenses.txt        CAFL.txt      none
CL2c        lens     5942.858           0.0    74.0000    0.0  0.000000 -0.000000e+00 -0.000000e+00 -0.000000e+00 -0.000000e+00 -0.000000e+00 -0.000000e+00 -0.000000e+00 -0.000000e+00 -0.000000e+00 -0.000000e+00 -0.000000e+00 -0.000000e+00 -0.000000e+00 -0.000000e+00 -0.000000e+00     lenses.txt        J2F5613.txt   none
CL2E        lens      -662.129           0.0    74.0000    0.0  0.000000 -0.000000e+00 -0.000000e+00 -0.000000e+00 -0.000000e+00 -0.000000e+00 -0.000000e+00 -0.000000e+00 -0.000000e+00 -0.000000e+00 -0.000000e+00 -0.000000e+00 -0.000000e+00 -0.000000e+00 -0.000000e+00 -0.000000e+00     lenses.txt        air           none
# --- COLLIMATOR TRIPLET 3: JAE7216A(BAL15Y) + CAFL + 115160/1(BALF5) ---
CL3a        lens      1343.548           0.0    77.0000    0.0  0.000000 -0.000000e+00 -0.000000e+00 -0.000000e+00 -0.000000e+00 -0.000000e+00 -0.000000e+00 -0.000000e+00 -0.000000e+00 -0.000000e+00 -0.000000e+00 -0.000000e+00 -0.000000e+00 -0.000000e+00 -0.000000e+00 -0.000000e+00     lenses.txt        JAE7216A.txt  none
CL3b        lens       423.997           0.0    77.0000    0.0  0.000000 -0.000000e+00 -0.000000e+00 -0.000000e+00 -0.000000e+00 -0.000000e+00 -0.000000e+00 -0.000000e+00 -0.000000e+00 -0.000000e+00 -0.000000e+00 -0.000000e+00 -0.000000e+00 -0.000000e+00 -0.000000e+00 -0.000000e+00     lenses.txt        CAFL.txt      none
CL3c        lens      -214.884           0.0    77.0000    0.0  0.000000 -0.000000e+00 -0.000000e+00 -0.000000e+00 -0.000000e+00 -0.000000e+00 -0.000000e+00 -0.000000e+00 -0.000000e+00 -0.000000e+00 -0.000000e+00 -0.000000e+00 -0.000000e+00 -0.000000e+00 -0.000000e+00 -0.000000e+00     lenses.txt        115160_1.txt  none
# --- COLLIMATOR SINGLET: J475405(PBL1Y) ---
CL4         lens      -419.212           0.0    78.0000    0.0  0.000000 -0.000000e+00 -0.000000e+00 -0.000000e+00 -0.000000e+00 -0.000000e+00 -0.000000e+00 -0.000000e+00 -0.000000e+00 -0.000000e+00 -0.000000e+00 -0.000000e+00 -0.000000e+00 -0.000000e+00 -0.000000e+00 -0.000000e+00     lenses.txt        J475405.txt   none
CL4E        lens      -357.134           0.0    78.0000    0.0  0.000000 -0.000000e+00 -0.000000e+00 -0.000000e+00 -0.000000e+00 -0.000000e+00 -0.000000e+00 -0.000000e+00 -0.000000e+00 -0.000000e+00 -0.000000e+00 -0.000000e+00 -0.000000e+00 -0.000000e+00 -0.000000e+00 -0.000000e+00     lenses.txt        air           none
# --- Filter WINDOW (flat, 10mm thick) ---
CL_win_Filter      filter         0.0           0.0    75.0000    0.0  0.000000 -0.000000e+00 -0.000000e+00 -0.000000e+00 -0.000000e+00 -0.000000e+00 -0.000000e+00 -0.000000e+00 -0.000000e+00 -0.000000e+00 -0.000000e+00 -0.000000e+00 -0.000000e+00 -0.000000e+00 -0.000000e+00 -0.000000e+00     sdss_g        SILICA.txt    none
CL_winE_Filter     filter         0.0           0.0    74.0000    0.0  0.000000 -0.000000e+00 -0.000000e+00 -0.000000e+00 -0.000000e+00 -0.000000e+00 -0.000000e+00 -0.000000e+00 -0.000000e+00 -0.000000e+00 -0.000000e+00 -0.000000e+00 -0.000000e+00 -0.000000e+00 -0.000000e+00 -0.000000e+00     lenses.txt        air           none
GM          mirror       0.0           0.0    75.0000    0.0  0.000000 -0.000000e+00 -0.000000e+00 -0.000000e+00 -0.000000e+00 -0.000000e+00 -0.000000e+00 -0.000000e+00 -0.000000e+00 -0.000000e+00 -0.000000e+00 -0.000000e+00 -0.000000e+00 -0.000000e+00 -0.000000e+00 -0.000000e+00     protected_al2o3   air   none
# --- GMOS CAMERA QUAD 1: JAE7216B2(BAL15Y) + L1553S5(S-FPL53) + K1H46S3(S-LAL7) + SILICA ---
CG1a        lens      383.273           0.0    90.0000    0.0  0.000000 -0.000000e+00 -0.000000e+00 -0.000000e+00 -0.000000e+00 -0.000000e+00 -0.000000e+00 -0.000000e+00 -0.000000e+00 -0.000000e+00 -0.000000e+00 -0.000000e+00 -0.000000e+00 -0.000000e+00 -0.000000e+00 -0.000000e+00     lenses.txt        JAE7216B2.txt none
CG1b        lens      271.872           0.0    90.0000    0.0  0.000000 -0.000000e+00 -0.000000e+00 -0.000000e+00 -0.000000e+00 -0.000000e+00 -0.000000e+00 -0.000000e+00 -0.000000e+00 -0.000000e+00 -0.000000e+00 -0.000000e+00 -0.000000e+00 -0.000000e+00 -0.000000e+00 -0.000000e+00     lenses.txt        L1553S5.txt   none
CG1c        lens      -371.126           0.0    90.0000    0.0  0.000000 -0.000000e+00 -0.000000e+00 -0.000000e+00 -0.000000e+00 -0.000000e+00 -0.000000e+00 -0.000000e+00 -0.000000e+00 -0.000000e+00 -0.000000e+00 -0.000000e+00 -0.000000e+00 -0.000000e+00 -0.000000e+00 -0.000000e+00     lenses.txt        K1H46S3.txt   none
CG1d        lens      -575.083           0.0    92.0000    0.0  0.000000 -0.000000e+00 -0.000000e+00 -0.000000e+00 -0.000000e+00 -0.000000e+00 -0.000000e+00 -0.000000e+00 -0.000000e+00 -0.000000e+00 -0.000000e+00 -0.000000e+00 -0.000000e+00 -0.000000e+00 -0.000000e+00 -0.000000e+00     lenses.txt        SILICA.txt    none
CG1E        lens      -1733.996           0.0    93.0000    0.0  0.000000 -0.000000e+00 -0.000000e+00 -0.000000e+00 -0.000000e+00 -0.000000e+00 -0.000000e+00 -0.000000e+00 -0.000000e+00 -0.000000e+00 -0.000000e+00 -0.000000e+00 -0.000000e+00 -0.000000e+00 -0.000000e+00 -0.000000e+00     lenses.txt        air           none
# --- GMOS CAMERA QUAD 2: SILICA + JAE7216C(BAL15Y) + CAFL + H7584/37(BAK4) ---
CG2a        lens      186.476           0.0    96.0000    0.0  0.000000 -0.000000e+00 -0.000000e+00 -0.000000e+00 -0.000000e+00 -0.000000e+00 -0.000000e+00 -0.000000e+00 -0.000000e+00 -0.000000e+00 -0.000000e+00 -0.000000e+00 -0.000000e+00 -0.000000e+00 -0.000000e+00 -0.000000e+00     lenses.txt        SILICA.txt    none
CG2b        lens      366.826           0.0    94.0000    0.0  0.000000 -0.000000e+00 -0.000000e+00 -0.000000e+00 -0.000000e+00 -0.000000e+00 -0.000000e+00 -0.000000e+00 -0.000000e+00 -0.000000e+00 -0.000000e+00 -0.000000e+00 -0.000000e+00 -0.000000e+00 -0.000000e+00 -0.000000e+00     lenses.txt        JAE7216C.txt  none
CG2c        lens      137.103           0.0    90.0000    0.0  0.000000 -0.000000e+00 -0.000000e+00 -0.000000e+00 -0.000000e+00 -0.000000e+00 -0.000000e+00 -0.000000e+00 -0.000000e+00 -0.000000e+00 -0.000000e+00 -0.000000e+00 -0.000000e+00 -0.000000e+00 -0.000000e+00 -0.000000e+00     lenses.txt        CAFL.txt      none
CG2d        lens      -323.579           0.0    85.0000    0.0  0.000000 -0.000000e+00 -0.000000e+00 -0.000000e+00 -0.000000e+00 -0.000000e+00 -0.000000e+00 -0.000000e+00 -0.000000e+00 -0.000000e+00 -0.000000e+00 -0.000000e+00 -0.000000e+00 -0.000000e+00 -0.000000e+00 -0.000000e+00     lenses.txt        H7584_37.txt  none
CG2E        lens      -1233.111           0.0    85.0000    0.0  0.000000 -0.000000e+00 -0.000000e+00 -0.000000e+00 -0.000000e+00 -0.000000e+00 -0.000000e+00 -0.000000e+00 -0.000000e+00 -0.000000e+00 -0.000000e+00 -0.000000e+00 -0.000000e+00 -0.000000e+00 -0.000000e+00 -0.000000e+00     lenses.txt        air           none
# --- GMOS CAMERA TRIPLET 3: JAE7216B3(BAL15Y) + CAFL + 121490-2(F5) ---
CG3a        lens      224.061           0.0    80.0000    0.0  0.000000 -0.000000e+00 -0.000000e+00 -0.000000e+00 -0.000000e+00 -0.000000e+00 -0.000000e+00 -0.000000e+00 -0.000000e+00 -0.000000e+00 -0.000000e+00 -0.000000e+00 -0.000000e+00 -0.000000e+00 -0.000000e+00 -0.000000e+00     lenses.txt        JAE7216B3.txt none
CG3b        lens       96.993           0.0    70.0000    0.0  0.000000 -0.000000e+00 -0.000000e+00 -0.000000e+00 -0.000000e+00 -0.000000e+00 -0.000000e+00 -0.000000e+00 -0.000000e+00 -0.000000e+00 -0.000000e+00 -0.000000e+00 -0.000000e+00 -0.000000e+00 -0.000000e+00 -0.000000e+00     lenses.txt        CAFL.txt      none
CG3c        lens      299.987           0.0    65.0000    0.0  0.000000 -0.000000e+00 -0.000000e+00 -0.000000e+00 -0.000000e+00 -0.000000e+00 -0.000000e+00 -0.000000e+00 -0.000000e+00 -0.000000e+00 -0.000000e+00 -0.000000e+00 -0.000000e+00 -0.000000e+00 -0.000000e+00 -0.000000e+00     lenses.txt        121490-2.txt  none
CG3E        lens      424.248           0.0    65.0000    0.0  0.000000 -0.000000e+00 -0.000000e+00 -0.000000e+00 -0.000000e+00 -0.000000e+00 -0.000000e+00 -0.000000e+00 -0.000000e+00 -0.000000e+00 -0.000000e+00 -0.000000e+00 -0.000000e+00 -0.000000e+00 -0.000000e+00 -0.000000e+00     lenses.txt        air           none
# --- GMOS CAMERA SINGLET: SILICA ---
CG4         lens       -192.348           0.0    57.0000    0.0  0.000000 -0.000000e+00 -0.000000e+00 -0.000000e+00 -0.000000e+00 -0.000000e+00 -0.000000e+00 -0.000000e+00 -0.000000e+00 -0.000000e+00 -0.000000e+00 -0.000000e+00 -0.000000e+00 -0.000000e+00 -0.000000e+00 -0.000000e+00     lenses.txt        SILICA.txt    none
CG4E        lens      271.868           0.0    57.0000    0.0  0.000000 -0.000000e+00 -0.000000e+00 -0.000000e+00 -0.000000e+00 -0.000000e+00 -0.000000e+00 -0.000000e+00 -0.000000e+00 -0.000000e+00 -0.000000e+00 -0.000000e+00 -0.000000e+00 -0.000000e+00 -0.000000e+00 -0.000000e+00     lenses.txt        air           none
Det         det            0.0           0.0    30.7531    0.0  0.000000 -0.000000e+00 -0.000000e+00 -0.000000e+00 -0.000000e+00 -0.000000e+00 -0.000000e+00 -0.000000e+00 -0.000000e+00 -0.000000e+00 -0.000000e+00 -0.000000e+00 -0.000000e+00 -0.000000e+00 -0.000000e+00 -0.000000e+00     detector_ar       air           none