0,-3.3,3.1916628624757424,0.49965675965976863
1,-3.275,3.192986262115539,0.4999844752784052
2,-3.25,3.182949732976607,0.4999844752784052
3,-3.225,3.1879785800195055,0.49969510525496796
4,-3.2,3.1887796162334694,0.4976070525069036
5,-3.1750000000000003,3.187637218588564,0.49775898019161213
6,-3.1500000000000004,3.184332735828775,0.4986569993597253
7,-3.1250000000000004,3.190005378154683,0.49905398648911203
8,-3.1000000000000005,3.187825300807046,0.49899128414143756
9,-3.0750000000000006,3.1882274531655557,0.49995607165298106
10,-3.0500000000000007,3.1893964261645866,0.5005923127386509
11,-3.025000000000001,3.1855483669998113,0.5006409727038178
12,-3.000000000000001,3.1848053095586932,0.4998323402705733
13,-2.975000000000001,3.1854886605024033,0.4998323402705733
14,-2.950000000000001,3.1868274978798325,0.49938398941200446
15,-2.925000000000001,3.1843858751822243,0.4994540021963976
16,-2.9000000000000012,3.1794716375206433,0.5004608200929506
17,-2.8750000000000013,3.186257150787215,0.49992492354958057
18,-2.8500000000000014,3.187311202164848,0.4996574330981487
19,-2.8250000000000015,3.1892543084575413,0.49887328649692947
20,-2.8000000000000016,3.185213554869872,0.49984101196444125
21,-2.7750000000000017,3.1838664508550534,0.4999663298517095
22,-2.7500000000000018,3.1854025868877143,0.5004774208094162
23,-2.725000000000002,3.1862074280562185,0.5004524706179845
24,-2.700000000000002,3.18516628531674,0.4997811545336859
25,-2.675000000000002,3.1847566793569526,0.4996627057183698
26,-2.650000000000002,3.182418200173894,0.49979713803789794
27,-2.625000000000002,3.183540889107004,0.49974521635453406
28,-2.6000000000000023,3.184935104964633,0.49938096022525813
29,-2.5750000000000024,3.184480774954625,0.4992252933280652
30,-2.5500000000000025,3.1836751290310823,0.4999996399489136
31,-2.5250000000000026,3.184589341691565,0.5003931801734636
32,-2.5000000000000027,3.188441723607381,0.4997954041795253
33,-2.4750000000000028,3.191924286790379,0.49979540473304424
34,-2.450000000000003,3.1863059044386857,0.4998849362833
35,-2.425000000000003,3.182541580168383,0.49976426367402554
36,-2.400000000000003,3.1819314589465875,0.4991223113183199
37,-2.375000000000003,3.18321533776228,0.49915771177550006
38,-2.350000000000003,3.182890214497342,0.5002213838927674
39,-2.3250000000000033,3.182221793669048,0.5003260502800719
40,-2.3000000000000034,3.1795477171047413,0.4997470212354476
41,-2.2750000000000035,3.1804557843991206,0.4991130249999137
42,-2.2500000000000036,3.1809423678476128,0.499098233088337
43,-2.2250000000000036,3.181007901267463,0.49943436718513645
44,-2.2000000000000037,3.1824949726628247,0.5000559515957705
45,-2.175000000000004,3.1808936055815296,0.50014416053018
46,-2.150000000000004,3.1803983595156993,0.49963251476819637
47,-2.125000000000004,3.1828287668677047,0.49955571226902284
48,-2.100000000000004,3.178430837274566,0.4996422658301885
49,-2.075000000000004,3.178430837274566,0.4993204622374474
50,-2.0500000000000043,3.178714730294588,0.49933371793511117
51,-2.0250000000000044,3.17603688804524,0.49991414927332756
52,-2.0000000000000044,3.177083638754681,0.49991414927332756
53,-1.9750000000000045,3.1762443244082146,0.4994241010406092
54,-1.9500000000000046,3.1793307373287516,0.499408580207152
55,-1.9250000000000047,3.1795734072135566,0.49909396712831405
56,-1.9000000000000048,3.177497824756784,0.4993876012483203
57,-1.8750000000000049,3.1763575409533926,0.4992314297548352
58,-1.850000000000005,3.17653821236654,0.4985967879488828
59,-1.825000000000005,3.1730761185795764,0.4981736910587484
60,-1.8000000000000052,3.1712520122265544,0.49820707352297217
61,-1.7750000000000052,3.170947795002862,0.4987086287700006
62,-1.7500000000000053,3.1729337336634167,0.4983437824265282
63,-1.7250000000000054,3.1723723064364053,0.4985246368887266
64,-1.7000000000000055,3.173641882969844,0.4992179745845239
65,-1.6750000000000056,3.1711419742105096,0.4994413213496468
66,-1.6500000000000057,3.1700297082555986,0.4987802352612175
67,-1.6250000000000058,3.1756864107349094,0.498224619833894
68,-1.6000000000000059,3.173034837417497,0.4978733584908668
69,-1.575000000000006,3.1705718400503176,0.4984484067938746
70,-1.550000000000006,3.1701683105824534,0.49774785269261335
71,-1.5250000000000061,3.169663225142007,0.49733668093619754
72,-1.5000000000000062,3.172118361744809,0.4976944481053622
73,-1.4750000000000063,3.167703468065634,0.4972591675628084
74,-1.4500000000000064,3.162115347111599,0.49742621160282585
75,-1.4250000000000065,3.162115347111599,0.49766602428532525
76,-1.4000000000000066,3.162614074026146,0.4972425405369532
77,-1.3750000000000067,3.160824129584903,0.49667589882332674
78,-1.3500000000000068,3.1601482506363965,0.49664663185481944
79,-1.3250000000000068,3.1601482506363965,0.49631939370908285
80,-1.300000000000007,3.1557165177412387,0.49631939370908285
81,-1.275000000000007,3.1541535376891803,0.49684252858120415
82,-1.250000000000007,3.153960756316897,0.49694800722603927
83,-1.2250000000000072,3.1496097949944892,0.4963341917431805
84,-1.2000000000000073,3.147257616008785,0.4945644987460641
85,-1.1750000000000074,3.146502753283933,0.4950071566355225
86,-1.1500000000000075,3.146580548701949,0.4950902737308285
87,-1.1250000000000075,3.1434922495605804,0.49567615956836164
88,-1.1000000000000076,3.1389771521669116,0.4941622349749279
89,-1.0750000000000077,3.1380247940649637,0.49368017454527036
90,-1.0500000000000078,3.1325176107466604,0.4936167971621413
91,-1.025000000000008,3.1282440907262994,0.4921925957176241
92,-1.000000000000008,3.1282440907262994,0.492204772082778
93,-0.9750000000000081,3.1260733450977245,0.49312283532482737
94,-0.9500000000000082,3.1200638744718727,0.49255306840932334
95,-0.9250000000000083,3.1179457080617814,0.4918719024725719
96,-0.9000000000000083,3.1110741688594583,0.49134662869255064
97,-0.8750000000000084,3.1049826561762677,0.49110750174017104
98,-0.8500000000000085,3.1011985272813356,0.4909718699859831
99,-0.8250000000000086,3.0969055367292464,0.4895287434269866
100,-0.8000000000000087,3.092948200424817,0.4893545860477807
101,-0.7750000000000088,3.086560779165309,0.4882091375437714
102,-0.7500000000000089,3.0791738274220437,0.48795377614682817
103,-0.725000000000009,3.0762424742222794,0.4873592536809389
104,-0.7000000000000091,3.0683582603117614,0.4862802223934668
105,-0.6750000000000091,3.0665993190556113,0.4853853873559849
106,-0.6500000000000092,3.0581091900627513,0.48435286025198554
107,-0.6250000000000093,3.04925271052958,0.48373210340341577
108,-0.6000000000000094,3.041512240174786,0.48317133825713693
109,-0.5750000000000095,3.0360487447202384,0.48133515904879476
110,-0.5500000000000096,3.024505797199927,0.47990668232173933
111,-0.5250000000000097,3.017020000063365,0.47980573470354454
112,-0.5000000000000098,3.0080602087497255,0.478489404299729
113,-0.47500000000000986,2.997577995857226,0.476591206805318
114,-0.45000000000000995,2.985917596446299,0.4755882766718522
115,-0.42500000000001004,2.9743283579220376,0.47388740732879625
116,-0.4000000000000101,2.9603345037041295,0.4725804454661252
117,-0.3750000000000102,2.948718743331984,0.47093101345350574
118,-0.3500000000000103,2.9384237805447584,0.46919511240878087
119,-0.3250000000000104,2.9249739651952193,0.4674690193636039
120,-0.3000000000000105,2.9073316215677183,0.4668863598259318
121,-0.27500000000001057,2.888386447922232,0.46427445352815255
122,-0.25000000000001066,2.8726483159362086,0.4613532731761105
123,-0.22500000000001075,2.8537954250572324,0.45899852176388656
124,-0.20000000000001084,2.8377543399184213,0.45752723663660677
125,-0.17500000000001092,2.8186525380014587,0.45454751514563085
126,-0.150000000000011,2.797670811599738,0.45188485373514425
127,-0.1250000000000111,2.7804506333507195,0.44818905412338833
128,-0.10000000000001119,2.755372445863106,0.4464548309039604
129,-0.07500000000001128,2.7321102712440393,0.44408091031106195
130,-0.05000000000001137,2.7077229255478743,0.4408963147131908
131,-0.025000000000011458,2.6730319096744464,0.43721985750803116
132,-1.1546319456101628e-14,2.6517721120224302,0.4325498808236945
133,0.024999999999988365,2.6216307965545482,0.4289895724264869
134,0.049999999999988276,2.5973035210689868,0.42418169433939806
135,0.07499999999998819,2.5550810039067513,0.42090452087121294
136,0.0999999999999881,2.5243976223719358,0.4160563325843873
137,0.12499999999998801,2.4787265868149415,0.4132796687246511
138,0.14999999999998792,2.447422888733254,0.4071483248450164
139,0.17499999999998783,2.410753411537641,0.4028331025823578
140,0.19999999999998774,2.3768008082013328,0.39670166280001873
141,0.22499999999998765,2.3214616661088416,0.38962648723370746
142,0.24999999999998757,2.288284722319466,0.3840253472255297
143,0.2749999999999875,2.2493572663671815,0.3788971919538333
144,0.2999999999999874,2.159720992414487,0.37257428937594766
145,0.3249999999999873,2.1205278143557633,0.3654020673420427
146,0.3499999999999872,2.0929421200103056,0.35850613720350544
147,0.3749999999999871,2.00829900165602,0.35128807929216727
148,0.39999999999998703,1.978608036452114,0.34320598031689087
149,0.42499999999998694,1.9101932746007906,0.3347684977817763
150,0.44999999999998685,1.8254684025442978,0.3260433362262115
151,0.47499999999998677,1.777164161606443,0.31855593985138597
152,0.4999999999999867,1.729431160410238,0.31026941009551096
153,0.5249999999999866,1.647318927874263,0.29910409247235037
154,0.5499999999999865,1.5953131268537624,0.2907096747828328
155,0.5749999999999864,1.5354081012980563,0.2801515658744728
156,0.5999999999999863,1.460751988605669,0.27041947817997547
157,0.6249999999999862,1.3820292229750841,0.2604285838699947
158,0.6499999999999861,1.3285884147184104,0.2487890141278939
159,0.6749999999999861,1.257494199152278,0.23832891811135237
160,0.699999999999986,1.196997059641103,0.2293692625883227
161,0.7249999999999863,1.1286176241465533,0.21562871240192336
162,0.7499999999999858,1.0645918087319615,0.20698026285275048
163,0.7749999999999853,1.0035060004985321,0.19691450071580036
164,0.7999999999999856,0.9510351611660667,0.18578721385765223
165,0.824999999999986,0.881127075440814,0.17401944953982906
166,0.8499999999999854,0.82232816867828,0.16681778981082845
167,0.8749999999999849,0.7633430198392881,0.1525088351723669
168,0.8999999999999853,0.7028231488025145,0.14468110155498626
169,0.9249999999999856,0.6461909922061937,0.13596251924027442
170,0.9499999999999851,0.6138267388726684,0.12598803409792925
171,0.9749999999999845,0.5490590262800459,0.11759763896063784
172,0.9999999999999849,0.5056969480160288,0.10833404922137942
173,1.0249999999999853,0.44931134347470225,0.10065966440170301
174,1.0499999999999847,0.4050435520768598,0.09181832565800149
175,1.0749999999999842,0.34152057335556274,0.08560322448064173
176,1.0999999999999845,0.2892453835995926,0.07930294022424705
177,1.124999999999985,0.26386088994100015,0.07172120557790482
178,1.1499999999999844,0.2234883545520809,0.06694831526557876
179,1.1749999999999838,0.19956548850554395,0.060103435736289484
180,1.1999999999999842,0.16135549041349992,0.05610774587569689
181,1.2249999999999845,0.08937188477613088,0.05013826102741692
182,1.249999999999984,0.0895626672997138,0.04583799042369119
183,1.2749999999999835,0.08227781685730133,0.04233421080596562
184,1.2999999999999838,0.01420009729528676,0.037167099623887756
185,1.3249999999999842,-0.001290829710500388,0.03423187467022397
186,1.3499999999999837,-0.00956639161820112,0.03193536040210351
187,1.3749999999999831,-0.080334604114135,0.027860529868435402
188,1.3999999999999835,-0.08569937917487361,0.02548016643933594
189,1.4249999999999838,-0.08644345227942614,0.02362886302133438
190,1.4499999999999833,-0.12796562630146055,0.02046575580325137
191,1.4749999999999828,-0.15160009520415121,0.018186831482764915
192,1.4999999999999831,-0.17471502414169005,0.017080938531030265
193,1.5249999999999835,-0.20140166836924198,0.015325838643215128
194,1.549999999999983,-0.21465751785954346,0.013707232253833967
195,1.5749999999999824,-0.23083279950033536,0.01249267700134343
196,1.5999999999999828,-0.2361702115483903,0.011361771337059623
197,1.6249999999999831,-0.2628601288864114,0.009852214676275853
198,1.6499999999999826,-0.2884840033611579,0.009252747296767594
199,1.674999999999982,-0.30313840059647557,0.00831986470891427
200,1.6999999999999824,-0.33302338453693764,0.007508881329566286
201,1.7249999999999828,-0.3536081371499217,0.0068718774863432315
202,1.7499999999999822,-0.37881652101875163,0.0061274794414627465
203,1.7749999999999817,-0.3979128778126594,0.00565066738714437
204,1.799999999999982,-0.417738767464877,0.005138953920917788
205,1.8249999999999824,-0.43416842419409896,0.004723966582728556
206,1.8499999999999819,-0.4442199588050776,0.004676709899000042
207,1.8749999999999813,-0.4956131186934925,0.0040147739301743535
208,1.8999999999999817,-0.5010781976049957,0.0036672242412620903
209,1.924999999999982,-0.5174953584703613,0.0033092312092526943
210,1.9499999999999815,-0.5793991217032726,0.0028792680078931765
211,1.974999999999981,-0.5961843395247238,0.002526124144940356
212,1.9999999999999813,-0.5799067069093162,0.002526124144940356
213,2.0249999999999817,-0.6189677763762889,0.003373386448626824
214,2.049999999999981,-0.6521927164326679,0.001603014312195894
215,2.0749999999999806,-0.7101677607456933,0.0015657165123189598
216,2.099999999999981,-0.783590585494415,0.002103083603167577
217,2.1249999999999813,-0.7803653581397128,0.001204649795276378
