
#lable  surface curvature       z step          aperture                
#        type    radius          
optics none 0.30  1.20  0.5   35759.26  1 1 0
L1      lens    0.0             0.0             100.0           30.453799   0.0  0.0 0.0 0.0      0.0     0.0 0.0 0.0 0.0 0.0 0.0 0.0 0.0 0.0 0.0 0.0  lenses.txt N_BK7.txt none
L1e     lens    0.0             -5.0            100.022985      0.0         0.0  0.0 0.0 6.44e-13 3.8e-19 0.0 0.0 0.0 0.0 0.0 0.0 0.0 0.0 0.0 0.0 0.0  lenses.txt air       none
m1      mirror  812.0           -293.0          102.068544      21.646317   0.0  0.0 0.0 0.0      0.0     0.0 0.0 0.0 0.0 0.0 0.0 0.0 0.0 0.0 0.0 0.0  none       air       none
m2      mirror  286.0           293.0           30.453799       0.0         0.0  0.0 0.0 0.0      0.0     0.0 0.0 0.0 0.0 0.0 0.0 0.0 0.0 0.0 0.0 0.0  none       air       none
L2      lens    -103.5          -280.0          21.646317       0.0         0.0  0.0 0.0 0.0      0.0     0.0 0.0 0.0 0.0 0.0 0.0 0.0 0.0 0.0 0.0 0.0  lenses.txt N_SK2.txt none
L2e     lens    144.0           -7.5            20.905514       0.0         0.0  0.0 0.0 0.0      0.0     0.0 0.0 0.0 0.0 0.0 0.0 0.0 0.0 0.0 0.0 0.0  lenses.txt air       none
L3      lens    142.6           -2.2            20.360864       0.0         0.0  0.0 0.0 0.0      0.0     0.0 0.0 0.0 0.0 0.0 0.0 0.0 0.0 0.0 0.0 0.0  lenses.txt K10.txt   none
L3e     lens    -65.0           -5.0            19.776628       0.0         0.0  0.0 0.0 0.0      0.0     0.0 0.0 0.0 0.0 0.0 0.0 0.0 0.0 0.0 0.0 0.0  lenses.txt air       none
D       det     0.0             -243.446568     14.303976       0.0         0.0  0.0 0.0 0.0      0.0     0.0 0.0 0.0 0.0 0.0 0.0 0.0 0.0 0.0 0.0 0.0  none       air       none

