optics i		0.20  1.20  0.76  392727.272727 -1 1 1
primary  	mirror	12253.5		0.0		1750.016136328	0.0	-1.0708	    0.0  0.0  0.0  0.0  0.0  0.0  0.0  0.0  0.0  0.0  0.0  0.0  0.0  0.0  0.0 mirror air m1.txt
secondary  	mirror	5332.5 		4203.735455319 606.5175192075	0.0	-3.74	    0.0  0.0  0.0  0.0  0.0  0.0  0.0  0.0  0.0  0.0  0.0  0.0  0.0  0.0  0.0 protAl.txt air none
tertiary  	mirror	0.0		-3728.335455319	577.5253210944	0.0	0.0	    0.0  0.0  0.0  0.0  0.0  0.0  0.0  0.0  0.0  0.0  0.0  0.0  0.0  0.0  0.0 protAl.txt air none
FCL1      	lens	-1412.838581522 0.0		253.5428	0.0	0.0         0.0  0.0  8.279908770168e-14  0.0  -1.771527190009e-19  0.0  1.983015591251e-24  0.0  -1.247769972800e-29  0.0  0.0  0.0  0.0  0.0  0.0 lenses.txt HPFS_7980.txt none
FCL2      	lens	-1181.324794648 0.0		253.5428	0.0	0.0         0.0  0.0  0.0  0.0  0.0  0.0  0.0  0.0  0.0  0.0  0.0  0.0  0.0  0.0  0.0 lenses.txt air none
ADC11		lens	0.0		0.0		285.1631648913 	0.0	0.0         0.0  0.0  0.0  0.0  0.0  0.0  0.0  0.0  0.0  0.0  0.0  0.0  0.0  0.0  0.0 lenses.txt HPFS_7980.txt none
ADC12  		lens 	0.0		0.0		284.1246174164 	0.0	0.0         0.0  0.0  0.0  0.0  0.0  0.0  0.0  0.0  0.0  0.0  0.0  0.0  0.0  0.0  0.0 none PBL6Y_SCS2610.txt none
ADC13		lens	0.0		0.0		283.5840941602 	0.0	0.0         0.0  0.0  0.0  0.0  0.0  0.0  0.0  0.0  0.0  0.0  0.0  0.0  0.0  0.0  0.0 lenses.txt air none
ADC21  		lens 	0.0		0.0		280.8823934117 	0.0	0.0         0.0  0.0  0.0  0.0  0.0  0.0  0.0  0.0  0.0  0.0  0.0  0.0  0.0  0.0  0.0 lenses.txt HPFS_7980.txt none
ADC22		lens	0.0		0.0		279.8345288695	0.0	0.0         0.0  0.0  0.0  0.0  0.0  0.0  0.0  0.0  0.0  0.0  0.0  0.0  0.0  0.0  0.0 none PBL6Y_SCS2610.txt none
ADC23		lens	0.0		0.0		279.2841712751	0.0	0.0         0.0  0.0  0.0  0.0  0.0  0.0  0.0  0.0  0.0  0.0  0.0  0.0  0.0  0.0  0.0 lenses.txt air none
F1		filter	0.0		0.0		273.1145792683	0.0	0.0         0.0  0.0  0.0  0.0  0.0  0.0  0.0  0.0  0.0  0.0  0.0  0.0  0.0  0.0  0.0 odi_i.txt HPFS_7980.txt none
F2		filter	0.0		0.0		272.6403590736	0.0	0.0         0.0  0.0  0.0  0.0  0.0  0.0  0.0  0.0  0.0  0.0  0.0  0.0  0.0  0.0  0.0 none air none
L21		lens	-811.7776969767 0.0		268.0656266598	0.0	0.0         0.0  0.0  0.0  0.0  0.0  0.0  0.0  0.0  0.0  0.0  0.0  0.0  0.0  0.0  0.0 lenses.txt HPFS_7980.txt none
L22		lens	-2213.111848022	0.0		272.8776352605	0.0	0.0         0.0  0.0  0.0  0.0  0.0  0.0  0.0  0.0  0.0  0.0  0.0  0.0  0.0  0.0  0.0 lenses.txt vacuum none
FPA		det	0.0		0.0		277.3257069075	0.0	0.0         0.0  0.0  0.0  0.0  0.0  0.0  0.0  0.0  0.0  0.0  0.0  0.0  0.0  0.0  0.0 detectorar.txt vacuum none
