      350.170  1.00000e-05
      350.430  1.00000e-05
      350.700  1.00000e-05
      350.960  1.00000e-05
      351.230  1.00000e-05
      351.490  1.00000e-05
      351.760  1.00000e-05
      352.020  1.00000e-05
      352.290  1.00000e-05
      352.550  1.00000e-05
      352.820  1.00000e-05
      353.080  1.00000e-05
      353.350  1.00000e-05
      353.620  1.00000e-05
      353.880  1.00000e-05
      354.150  1.00000e-05
      354.410  1.00000e-05
      354.680  1.00000e-05
      354.940  1.00000e-05
      355.210  1.00000e-05
      355.470  1.00000e-05
      355.740  1.00000e-05
      356.000  1.00000e-05
      356.270  1.00000e-05
      356.530  1.00000e-05
      356.800  1.00000e-05
      357.070  1.00000e-05
      357.330  1.00000e-05
      357.600  1.00000e-05
      357.860  1.00000e-05
      358.130  1.00000e-05
      358.390  1.00000e-05
      358.660  1.00000e-05
      358.920  1.00000e-05
      359.190  1.00000e-05
      359.450  1.00000e-05
      359.720  1.00000e-05
      359.980  1.00000e-05
      360.250  1.00000e-05
      360.510  1.00000e-05
      360.780  1.00000e-05
      361.050  1.00000e-05
      361.310  1.00000e-05
      361.580  1.00000e-05
      361.840  1.00000e-05
      362.110  1.00000e-05
      362.370  1.00000e-05
      362.640  1.00000e-05
      362.900  1.00000e-05
      363.170  1.00000e-05
      363.430  1.00000e-05
      363.700  1.00000e-05
      363.960  1.00000e-05
      364.230  1.00000e-05
      364.490  1.00640e-05
      364.760  1.02316e-05
      365.030  1.04015e-05
      365.290  1.05675e-05
      365.560  1.07422e-05
      365.820  1.09128e-05
      366.090  1.10925e-05
      366.350  1.12679e-05
      366.620  1.14526e-05
      366.880  1.16329e-05
      367.150  1.18228e-05
      367.410  1.20081e-05
      367.680  1.22031e-05
      367.940  1.23936e-05
      368.210  1.25940e-05
      368.470  1.27896e-05
      368.740  1.29956e-05
      369.010  1.32043e-05
      369.270  1.34081e-05
      369.540  1.36225e-05
      369.800  1.38317e-05
      370.070  1.40519e-05
      370.330  1.42667e-05
      370.600  1.44928e-05
      370.860  1.47134e-05
      371.130  1.49455e-05
      371.390  1.51720e-05
      371.660  1.54102e-05
      371.920  1.56426e-05
      372.190  1.58871e-05
      372.450  1.61256e-05
      372.720  1.63765e-05
      372.990  1.66306e-05
      373.250  1.68786e-05
      373.520  1.71393e-05
      373.780  1.73937e-05
      374.050  1.76611e-05
      374.310  1.79220e-05
      374.580  1.81962e-05
      374.840  1.84637e-05
      375.110  1.87450e-05
      375.370  1.90193e-05
      375.640  1.93077e-05
      375.900  1.95888e-05
      376.170  1.98844e-05
      376.430  2.01726e-05
      376.700  2.04756e-05
      376.970  2.07823e-05
      377.230  2.10814e-05
      377.500  2.13957e-05
      377.760  2.17021e-05
      378.030  2.20241e-05
      378.290  2.23380e-05
      378.560  2.26679e-05
      378.820  2.29894e-05
      379.090  2.33273e-05
      379.350  2.36565e-05
      379.620  2.40025e-05
      379.880  2.43396e-05
      380.150  2.46939e-05
      380.410  2.50390e-05
      380.680  2.54017e-05
      380.950  2.57687e-05
      381.210  2.61261e-05
      381.480  2.65017e-05
      381.740  2.68676e-05
      382.010  2.72520e-05
      382.270  2.76263e-05
      382.540  2.80196e-05
      382.800  2.84025e-05
      383.070  2.88048e-05
      383.330  2.91966e-05
      383.600  2.96081e-05
      383.860  3.00087e-05
      384.130  3.04296e-05
      384.400  3.08551e-05
      384.660  3.12695e-05
      384.930  3.17047e-05
      385.190  3.21283e-05
      385.460  3.25731e-05
      385.720  3.30062e-05
      385.990  3.34608e-05
      386.250  3.39034e-05
      386.520  3.43680e-05
      386.780  3.48203e-05
      387.050  3.52950e-05
      387.310  3.57571e-05
      387.580  3.62421e-05
      387.840  3.67141e-05
      388.110  3.72095e-05
      388.380  3.77103e-05
      388.640  3.81977e-05
      388.910  3.87090e-05
      389.170  3.92067e-05
      389.440  3.97288e-05
      389.700  4.02369e-05
      389.970  4.07699e-05
      390.230  4.12886e-05
      390.500  4.18327e-05
      390.760  4.23620e-05
      391.030  4.29173e-05
      391.290  4.34575e-05
      391.560  4.40241e-05
      391.820  4.45753e-05
      392.090  4.51534e-05
      392.360  4.57374e-05
      392.620  4.63054e-05
      392.890  4.69012e-05
      393.150  4.74805e-05
      393.420  4.80880e-05
      393.680  4.86788e-05
      393.950  4.92983e-05
      394.210  4.99006e-05
      394.480  5.05323e-05
      394.740  5.11463e-05
      395.010  5.17902e-05
      395.270  5.24161e-05
      395.540  5.30723e-05
      395.800  5.37101e-05
      396.070  5.43789e-05
      396.340  5.50540e-05
      396.600  5.57102e-05
      396.870  5.63980e-05
      397.130  5.70665e-05
      397.400  5.77671e-05
      397.660  5.84480e-05
      397.930  5.91616e-05
      398.190  5.98550e-05
      398.460  6.05817e-05
      398.720  6.12878e-05
      398.990  6.20276e-05
      399.250  6.27465e-05
      399.520  6.34997e-05
      399.780  6.42314e-05
      400.050  6.49980e-05
      400.320  6.57716e-05
      400.580  6.65229e-05
      400.850  6.73101e-05
      401.110  6.80746e-05
      401.380  6.88755e-05
      401.640  6.96534e-05
      401.910  7.04680e-05
      402.170  7.12593e-05
      402.440  7.20879e-05
      402.700  7.28926e-05
      402.970  7.37353e-05
      403.230  7.45536e-05
      403.500  7.54104e-05
      403.760  7.62424e-05
      404.030  7.71135e-05
      404.300  7.79919e-05
      404.560  7.88447e-05
      404.830  7.97375e-05
      405.090  8.06042e-05
      405.360  8.15115e-05
      405.620  8.23922e-05
      405.890  8.33142e-05
      406.150  8.42089e-05
      406.420  8.51456e-05
      406.680  8.60545e-05
      406.950  8.70059e-05
      407.210  8.79291e-05
      407.480  8.88953e-05
      407.740  8.98328e-05
      408.010  9.08139e-05
      408.280  9.18026e-05
      408.540  9.27619e-05
      408.810  9.37656e-05
      409.070  9.47394e-05
      409.340  9.57582e-05
      409.600  9.67466e-05
      409.870  9.77805e-05
      410.130  9.87836e-05
      410.400  9.98327e-05
      410.660  0.000100850
      410.930  0.000101915
      411.190  0.000102947
      411.460  0.000104027
      411.730  0.000105115
      411.990  0.000106169
      412.260  0.000107272
      412.520  0.000108342
      412.790  0.000109460
      413.050  0.000110545
      413.320  0.000111678
      413.580  0.000112778
      413.850  0.000113927
      414.110  0.000115041
      414.380  0.000116206
      414.640  0.000117336
      414.910  0.000118516
      415.170  0.000119660
      415.440  0.000120856
      415.710  0.000122060
      415.970  0.000123227
      416.240  0.000124446
      416.500  0.000125628
      416.770  0.000126863
      417.030  0.000128060
      417.300  0.000129311
      417.560  0.000130523
      417.830  0.000131789
      418.090  0.000133016
      418.360  0.000134298
      418.620  0.000135540
      418.890  0.000136837
      419.150  0.000138094
      419.420  0.000139407
      419.690  0.000140728
      419.950  0.000142007
      420.220  0.000143344
      420.480  0.000144638
      420.750  0.000145990
      421.010  0.000147299
      421.280  0.000148666
      421.540  0.000149991
      421.810  0.000151373
      422.070  0.000152712
      422.340  0.000154110
      422.600  0.000155464
      422.870  0.000156877
      423.130  0.000158245
      423.400  0.000159674
      423.670  0.000161110
      423.930  0.000162500
      424.200  0.000163952
      424.460  0.000165357
      424.730  0.000166823
      424.990  0.000168242
      425.260  0.000169724
      425.520  0.000171157
      425.790  0.000172654
      426.050  0.000174102
      426.320  0.000175613
      426.580  0.000177075
      426.850  0.000178601
      427.110  0.000180077
      427.380  0.000181617
      427.650  0.000183165
      427.910  0.000184663
      428.180  0.000186225
      428.440  0.000187736
      428.710  0.000189312
      428.970  0.000190837
      429.240  0.000192428
      429.500  0.000193967
      429.770  0.000195571
      430.030  0.000197123
      430.300  0.000198742
      430.560  0.000200307
      430.830  0.000201940
      431.090  0.000203518
      431.360  0.000205164
      431.630  0.000206818
      431.890  0.000208416
      432.160  0.000210082
      432.420  0.000211693
      432.690  0.000213373
      432.950  0.000214997
      433.220  0.000216689
      433.480  0.000218325
      433.750  0.000220031
      434.010  0.000221680
      434.280  0.000223398
      434.540  0.000225059
      434.810  0.000226789
      435.070  0.000228462
      435.340  0.000230205
      435.610  0.000231955
      435.870  0.000233645
      436.140  0.000235407
      436.400  0.000237109
      436.670  0.000238882
      436.930  0.000240595
      437.200  0.000242381
      437.460  0.000244105
      437.730  0.000245901
      437.990  0.000247637
      438.260  0.000249444
      438.520  0.000251190
      438.790  0.000253009
      439.050  0.000254765
      439.320  0.000256595
      439.590  0.000258430
      439.850  0.000260202
      440.120  0.000262047
      440.380  0.000263829
      440.650  0.000265684
      440.910  0.000267476
      441.180  0.000269341
      441.440  0.000271142
      441.710  0.000273017
      441.970  0.000274827
      442.240  0.000276711
      442.500  0.000278530
      442.770  0.000280424
      443.040  0.000282322
      443.300  0.000284154
      443.570  0.000286061
      443.830  0.000287901
      444.100  0.000289817
      444.360  0.000291665
      444.630  0.000293589
      444.890  0.000295445
      445.160  0.000297377
      445.420  0.000299240
      445.690  0.000301180
      445.950  0.000303051
      446.220  0.000304997
      446.480  0.000306875
      446.750  0.000308829
      447.020  0.000310786
      447.280  0.000312673
      447.550  0.000314637
      447.810  0.000316531
      448.080  0.000318501
      448.340  0.000320401
      448.610  0.000322377
      448.870  0.000324283
      449.140  0.000326265
      449.400  0.000328176
      449.670  0.000330163
      449.930  0.000332079
      450.200  0.000334071
      450.460  0.000335992
      450.730  0.000337989
      451.000  0.000339988
      451.260  0.000341916
      451.530  0.000343919
      451.790  0.000345851
      452.060  0.000347858
      452.320  0.000349794
      452.590  0.000351805
      452.850  0.000353743
      453.120  0.000355758
      453.380  0.000357699
      453.650  0.000359717
      453.910  0.000361661
      454.180  0.000363681
      454.440  0.000365628
      454.710  0.000367650
      454.980  0.000369674
      455.240  0.000371623
      455.510  0.000373649
      455.770  0.000375600
      456.040  0.000377627
      456.300  0.000379579
      456.570  0.000381607
      456.830  0.000383560
      457.100  0.000385589
      457.360  0.000387543
      457.630  0.000389572
      457.890  0.000391527
      458.160  0.000393556
      458.420  0.000395510
      458.690  0.000397539
      458.960  0.000399568
      459.220  0.000401522
      459.490  0.000403550
      459.750  0.000405503
      460.020  0.000407530
      460.280  0.000409481
      460.550  0.000411507
      460.810  0.000413457
      461.080  0.000415481
      461.340  0.000417429
      461.610  0.000419451
      461.870  0.000421397
      462.140  0.000423416
      462.400  0.000425359
      462.670  0.000427376
      462.940  0.000429391
      463.200  0.000431330
      463.470  0.000433342
      463.730  0.000435277
      464.000  0.000437285
      464.260  0.000439217
      464.530  0.000441221
      464.790  0.000443149
      465.060  0.000445149
      465.320  0.000447073
      465.590  0.000449068
      465.850  0.000450987
      466.120  0.000452977
      466.380  0.000454891
      466.650  0.000456876
      466.920  0.000458858
      467.180  0.000460764
      467.450  0.000462740
      467.710  0.000464640
      467.980  0.000466611
      468.240  0.000468505
      468.510  0.000470468
      468.770  0.000472356
      469.040  0.000474313
      469.300  0.000476194
      469.570  0.000478144
      469.830  0.000480018
      470.100  0.000481960
      470.370  0.000483898
      470.630  0.000485761
      470.900  0.000487692
      471.160  0.000489547
      471.430  0.000491469
      471.690  0.000493316
      471.960  0.000495230
      472.220  0.000497069
      472.490  0.000498974
      472.750  0.000500804
      473.020  0.000502700
      473.280  0.000504521
      473.550  0.000506407
      473.810  0.000508219
      474.080  0.000510096
      474.350  0.000511967
      474.610  0.000513765
      474.880  0.000515627
      475.140  0.000517414
      475.410  0.000519265
      475.670  0.000521043
      475.940  0.000522883
      476.200  0.000524650
      476.470  0.000526479
      476.730  0.000528235
      477.000  0.000530054
      477.260  0.000531799
      477.530  0.000533605
      477.790  0.000535339
      478.060  0.000537134
      478.330  0.000538923
      478.590  0.000540640
      478.860  0.000542416
      479.120  0.000544121
      479.390  0.000545885
      479.650  0.000547578
      479.920  0.000549329
      480.180  0.000551009
      480.450  0.000552748
      480.710  0.000554416
      480.980  0.000556141
      481.240  0.000557796
      481.510  0.000559508
      481.770  0.000561150
      482.040  0.000562849
      482.310  0.000564540
      482.570  0.000566162
      482.840  0.000567839
      483.100  0.000569448
      483.370  0.000571111
      483.630  0.000572706
      483.900  0.000574354
      484.160  0.000575935
      484.430  0.000577570
      484.690  0.000579136
      484.960  0.000580756
      485.220  0.000582308
      485.490  0.000583913
      485.750  0.000585451
      486.020  0.000587040
      486.290  0.000588622
      486.550  0.000590137
      486.820  0.000591704
      487.080  0.000593205
      487.350  0.000594755
      487.610  0.000596241
      487.880  0.000597776
      488.140  0.000599246
      488.410  0.000600765
      488.670  0.000602221
      488.940  0.000603723
      489.200  0.000605163
      489.470  0.000606650
      489.730  0.000608074
      490.000  0.000609544
      490.270  0.000611006
      490.530  0.000612406
      490.800  0.000613851
      491.060  0.000615235
      491.330  0.000616664
      491.590  0.000618032
      491.860  0.000619444
      492.120  0.000620795
      492.390  0.000622190
      492.650  0.000623525
      492.920  0.000624903
      493.180  0.000626222
      493.450  0.000627583
      493.710  0.000628885
      493.980  0.000630229
      494.250  0.000631563
      494.510  0.000632840
      494.780  0.000634158
      495.040  0.000635418
      495.310  0.000636718
      495.570  0.000637961
      495.840  0.000639243
      496.100  0.000640470
      496.370  0.000641735
      496.630  0.000642944
      496.900  0.000644191
      497.160  0.000645383
      497.430  0.000646613
      497.700  0.000647833
      497.960  0.000648999
      498.230  0.000650202
      498.490  0.000651351
      498.760  0.000652536
      499.020  0.000653668
      499.290  0.000654834
      499.550  0.000655949
      499.820  0.000657098
      500.080  0.000658195
      500.350  0.000659326
      500.610  0.000660406
      500.880  0.000661518
      501.140  0.000662581
      501.410  0.000663676
      501.680  0.000664761
      501.940  0.000665798
      502.210  0.000666865
      502.470  0.000667884
      502.740  0.000668933
      503.000  0.000669935
      503.270  0.000670966
      503.530  0.000671951
      503.800  0.000672964
      504.060  0.000673931
      504.330  0.000674926
      504.590  0.000675875
      504.860  0.000676852
      505.120  0.000677784
      505.390  0.000678743
      505.660  0.000679693
      505.920  0.000680599
      506.190  0.000681531
      506.450  0.000682420
      506.720  0.000683333
      506.980  0.000684205
      507.250  0.000685101
      507.510  0.000685955
      507.780  0.000686833
      508.040  0.000687670
      508.310  0.000688530
      508.570  0.000689350
      508.840  0.000690192
      509.100  0.000690995
      509.370  0.000691819
      509.640  0.000692635
      509.900  0.000693412
      510.170  0.000694210
      510.430  0.000694970
      510.700  0.000695750
      510.960  0.000696493
      511.230  0.000697256
      511.490  0.000697982
      511.760  0.000698727
      512.020  0.000699437
      512.290  0.000700165
      512.550  0.000700857
      512.820  0.000701568
      513.080  0.000702244
      513.350  0.000702937
      513.620  0.000703622
      513.880  0.000704273
      514.150  0.000704941
      514.410  0.000705575
      514.680  0.000706226
      514.940  0.000706844
      515.210  0.000707478
      515.470  0.000708080
      515.740  0.000708697
      516.000  0.000709283
      516.270  0.000709883
      516.530  0.000710453
      516.800  0.000711036
      517.060  0.000711590
      517.330  0.000712157
      517.600  0.000712716
      517.860  0.000713246
      518.130  0.000713788
      518.390  0.000714303
      518.660  0.000714828
      518.920  0.000715327
      519.190  0.000715837
      519.450  0.000716321
      519.720  0.000716814
      519.980  0.000717282
      520.250  0.000717760
      520.510  0.000718213
      520.780  0.000718675
      521.040  0.000719113
      521.310  0.000719560
      521.580  0.000719998
      521.840  0.000720413
      522.110  0.000720837
      522.370  0.000721237
      522.640  0.000721645
      522.900  0.000722030
      523.170  0.000722423
      523.430  0.000722794
      523.700  0.000723172
      523.960  0.000723528
      524.230  0.000723891
      524.490  0.000724233
      524.760  0.000724581
      525.030  0.000724922
      525.290  0.000725243
      525.560  0.000725569
      525.820  0.000725876
      526.090  0.000726187
      526.350  0.000726480
      526.620  0.000726778
      526.880  0.000727057
      527.150  0.000727340
      527.410  0.000727606
      527.680  0.000727875
      527.940  0.000728128
      528.210  0.000728383
      528.470  0.000728622
      528.740  0.000728864
      529.010  0.000729098
      529.270  0.000729318
      529.540  0.000729539
      529.800  0.000729745
      530.070  0.000729953
      530.330  0.000730147
      530.600  0.000730342
      530.860  0.000730523
      531.130  0.000730704
      531.390  0.000730873
      531.660  0.000731042
      531.920  0.000731198
      532.190  0.000731354
      532.450  0.000731498
      532.720  0.000731641
      532.990  0.000731778
      533.250  0.000731904
      533.520  0.000732029
      533.780  0.000732143
      534.050  0.000732255
      534.310  0.000732358
      534.580  0.000732458
      534.840  0.000732549
      535.110  0.000732637
      535.370  0.000732717
      535.640  0.000732793
      535.900  0.000732861
      536.170  0.000732926
      536.430  0.000732984
      536.700  0.000733037
      536.970  0.000733085
      537.230  0.000733125
      537.500  0.000733162
      537.760  0.000733192
      538.030  0.000733217
      538.290  0.000733237
      538.560  0.000733251
      538.820  0.000733260
      539.090  0.000733263
      539.350  0.000733262
      539.620  0.000733255
      539.880  0.000733243
      540.150  0.000733226
      540.410  0.000733204
      540.680  0.000733176
      540.950  0.000733143
      541.210  0.000733107
      541.480  0.000733063
      541.740  0.000733017
      542.010  0.000732964
      542.270  0.000732908
      542.540  0.000732845
      542.800  0.000732780
      543.070  0.000732707
      543.330  0.000732633
      543.600  0.000732551
      543.860  0.000732467
      544.130  0.000732375
      544.390  0.000732283
      544.660  0.000732182
      544.930  0.000732076
      545.190  0.000731970
      545.460  0.000731856
      545.720  0.000731741
      545.990  0.000731617
      546.250  0.000731494
      546.520  0.000731362
      546.780  0.000731230
      547.050  0.000731089
      547.310  0.000730949
      547.580  0.000730800
      547.840  0.000730652
      548.110  0.000730494
      548.370  0.000730338
      548.640  0.000730172
      548.910  0.000730002
      549.170  0.000729834
      549.440  0.000729656
      549.700  0.000729480
      549.970  0.000729294
      550.230  0.000729111
      550.500  0.000728917
      550.760  0.000728726
      551.030  0.000728525
      551.290  0.000728327
      551.560  0.000728118
      551.820  0.000727913
      552.090  0.000727696
      552.360  0.000727476
      552.620  0.000727260
      552.890  0.000727032
      553.150  0.000726810
      553.420  0.000726575
      553.680  0.000726346
      553.950  0.000726104
      554.210  0.000725868
      554.480  0.000725619
      554.740  0.000725377
      555.010  0.000725121
      555.270  0.000724872
      555.540  0.000724610
      555.800  0.000724355
      556.070  0.000724086
      556.340  0.000723814
      556.600  0.000723550
      556.870  0.000723272
      557.130   0.00432138
      557.400   0.00923019
      557.660    0.0126275
      557.930   0.00992349
      558.190   0.00501161
      558.460  0.000721570
      558.720  0.000721281
      558.990  0.000720978
      559.250  0.000720684
      559.520  0.000720376
      559.780  0.000720076
      560.050  0.000719762
      560.320  0.000719445
      560.580  0.000719137
      560.850  0.000718815
      561.110  0.000718501
      561.380  0.000718173
      561.640  0.000717855
      561.910  0.000717522
      562.170  0.000717198
      562.440  0.000716859
      562.700  0.000716531
      562.970  0.000716187
      563.230  0.000715853
      563.500  0.000715504
      563.760  0.000715166
      564.030  0.000714812
      564.300  0.000714455
      564.560  0.000714109
      564.830  0.000713748
      565.090  0.000713398
      565.360  0.000713032
      565.620  0.000712677
      565.890  0.000712306
      566.150  0.000711946
      566.420  0.000711571
      566.680  0.000711207
      566.950  0.000710827
      567.210  0.000710459
      567.480  0.000710074
      567.740  0.000709702
      568.010  0.000709313
      568.280  0.000708922
      568.540  0.000708544
      568.810  0.000708148
      569.070  0.000707766
      569.340  0.000707366
      569.600  0.000706979
      569.870  0.000706576
      570.130  0.000706185
      570.400  0.000705778
      570.660  0.000705383
      570.930  0.000704972
      571.190  0.000704573
      571.460  0.000704158
      571.720  0.000703756
      571.990  0.000703337
      572.260  0.000702915
      572.520  0.000702508
      572.790  0.000702083
      573.050  0.000701672
      573.320  0.000701244
      573.580  0.000700829
      573.850  0.000700397
      574.110  0.000699979
      574.380  0.000699544
      574.640  0.000699122
      574.910  0.000698683
      575.170  0.000698259
      575.440  0.000697816
      575.700  0.000697389
      575.970  0.000696943
      576.240  0.000696495
      576.500  0.000696063
      576.770  0.000695612
      577.030  0.000695176
      577.300  0.000694723
      577.560  0.000694284
      577.830  0.000693827
      578.090  0.000693385
      578.360  0.000692925
      578.620  0.000692481
      578.890  0.000692017
      579.150  0.000691570
      579.420  0.000691104
      579.680  0.000690654
      579.950  0.000690185
      580.220  0.000689714
      580.480  0.000689260
      580.750  0.000688786
      581.010  0.000688329
      581.280  0.000687853
      581.540  0.000687394
      581.810  0.000686915
      582.070  0.000686452
      582.340  0.000685971
      582.600  0.000685506
      582.870  0.000685022
      583.130  0.000684554
      583.400  0.000684067
      583.670  0.000683579
      583.930  0.000683108
      584.200  0.000682617
      584.460  0.000682144
      584.730  0.000681651
      584.990  0.000681175
      585.260  0.000680679
      585.520  0.000680201
      585.790  0.000679703
      586.050  0.000679222
      586.320  0.000678722
      586.580  0.000678239
      586.850  0.000677736
      587.110  0.000677251
      587.380  0.000676746
      587.650  0.000676240
      587.910  0.000675752
      588.180  0.000675243
      588.440  0.000674753
      588.710  0.000674242
      588.970  0.000673749
      589.240  0.000673237
      589.500  0.000672742
      589.770  0.000672227
      590.030  0.000671730
      590.300  0.000671214
      590.560  0.000670715
      590.830  0.000670196
      591.090  0.000669695
      591.360  0.000669174
      591.630  0.000668652
      591.890  0.000668149
      592.160  0.000667625
      592.420  0.000667120
      592.690  0.000666594
      592.950  0.000666086
      593.220  0.000665559
      593.480  0.000665049
      593.750  0.000664520
      594.010  0.000664009
      594.280  0.000663477
      594.540  0.000662964
      594.810  0.000662431
      595.070  0.000661917
      595.340  0.000661381
      595.610  0.000660846
      595.870  0.000660328
      596.140  0.000659791
      596.400  0.000659272
      596.670  0.000658733
      596.930  0.000658212
      597.200  0.000657671
      597.460  0.000657149
      597.730  0.000656606
      597.990  0.000656083
      598.260  0.000655538
      598.520  0.000655013
      598.790  0.000654467
      599.050  0.000653940
      599.320  0.000653392
      599.590  0.000652844
      599.850  0.000652315
      600.120  0.000651765
      600.380  0.000651234
      600.650  0.000650682
      600.910  0.000650151
      601.180  0.000649597
      601.440  0.000649064
      601.710  0.000648509
      601.970  0.000647975
      602.240  0.000647418
      602.500  0.000646882
      602.770  0.000646325
      603.030  0.000645787
      603.300  0.000645228
      603.570  0.000644668
      603.830  0.000644129
      604.100  0.000643568
      604.360  0.000643026
      604.630  0.000642464
      604.890  0.000641922
      605.160  0.000641358
      605.420  0.000640814
      605.690  0.000640249
      605.950  0.000639704
      606.220  0.000639138
      606.480  0.000638591
      606.750  0.000638023
      607.010  0.000637476
      607.280  0.000636907
      607.550  0.000636337
      607.810  0.000635788
      608.080  0.000635217
      608.340  0.000634666
      608.610  0.000634094
      608.870  0.000633543
      609.140  0.000632969
      609.400  0.000632416
      609.670  0.000631842
      609.930  0.000631288
      610.200  0.000630712
      610.460  0.000630156
      610.730  0.000629580
      611.000  0.000629002
      611.260  0.000628445
      611.530  0.000627866
      611.790  0.000627309
      612.060  0.000626729
      612.320  0.000626169
      612.590  0.000625588
      612.850  0.000625029
      613.120  0.000624446
      613.380  0.000623885
      613.650  0.000623302
      613.910  0.000622740
      614.180  0.000622156
      614.440  0.000621592
      614.710  0.000621007
      614.980  0.000620421
      615.240  0.000619857
      615.510  0.000619270
      615.770  0.000618704
      616.040  0.000618116
      616.300  0.000617549
      616.570  0.000616960
      616.830  0.000616393
      617.100  0.000615803
      617.360  0.000615234
      617.630  0.000614643
      617.890  0.000614074
      618.160  0.000613482
      618.420  0.000612912
      618.690  0.000612319
      618.960  0.000611725
      619.220  0.000611154
      619.490  0.000610560
      619.750  0.000609987
      620.020  0.000609392
      620.280  0.000608818
      620.550  0.000608222
      620.810  0.000607648
      621.080  0.000607051
      621.340  0.000606475
      621.610  0.000605878
      621.870  0.000605302
      622.140  0.000604703
      622.400  0.000604126
      622.670  0.000603526
      622.940  0.000602926
      623.200  0.000602348
      623.470  0.000601747
      623.730  0.000601168
      624.000  0.000600567
      624.260  0.000599987
      624.530  0.000599384
      624.790  0.000598804
      625.060  0.000598201
      625.320  0.000597619
      625.590  0.000597015
      625.850  0.000596433
      626.120  0.000595828
      626.380  0.000595245
      626.650  0.000594640
      626.920  0.000594034
      627.180  0.000593450
      627.450  0.000592843
      627.710  0.000592258
      627.980  0.000591651
      628.240  0.000591066
      628.510  0.000590457
      628.770  0.000589871
      629.040  0.000589262
      629.300   0.00271915
      629.570    0.0116280
      629.830    0.0201801
      630.100    0.0246092
      630.360    0.0157783
      630.630   0.00727771
      630.900  0.000585058
      631.160  0.000584469
      631.430  0.000583857
      631.690  0.000583267
      631.960  0.000582654
      632.220  0.000582064
      632.490  0.000581450
      632.750  0.000580859
      633.020  0.000580246
      633.280  0.000579654
      633.550  0.000579039
      633.810  0.000578447
      634.080  0.000577832
      634.340  0.000577239
      634.610  0.000576623
      634.880  0.000576007
      635.140  0.000575413
      635.410  0.000574797
      635.670   0.00172593
      635.940   0.00424443
      636.200   0.00690000
      636.470   0.00777297
      636.730   0.00515830
      637.000   0.00234258
      637.260  0.000570563
      637.530  0.000569944
      637.790  0.000569348
      638.060  0.000568728
      638.330  0.000568108
      638.590  0.000567511
      638.860  0.000566891
      639.120  0.000566293
      639.390  0.000565672
      639.650  0.000565074
      639.920  0.000564453
      640.180  0.000563854
      640.450  0.000563232
      640.710  0.000562633
      640.980  0.000562011
      641.240  0.000561411
      641.510  0.000560788
      641.770  0.000560188
      642.040  0.000559565
      642.310  0.000558941
      642.570  0.000558341
      642.840  0.000557716
      643.100  0.000557115
      643.370  0.000556491
      643.630  0.000555889
      643.900  0.000555264
      644.160  0.000554662
      644.430  0.000554037
      644.690  0.000553435
      644.960  0.000552809
      645.220  0.000552206
      645.490  0.000551580
      645.750  0.000550977
      646.020  0.000550350
      646.290  0.000549724
      646.550  0.000549120
      646.820  0.000548493
      647.080  0.000547889
      647.350  0.000547261
      647.610  0.000546657
      647.880  0.000546029
      648.140  0.000545424
      648.410  0.000544796
      648.670  0.000544191
      648.940  0.000543562
      649.200  0.000542956
      649.470  0.000542328
      649.730  0.000541722
      650.000  0.000541092
      650.270  0.000540463
      650.530  0.000539857
      650.800  0.000539227
      651.060  0.000538621
      651.330  0.000537990
      651.590  0.000537383
      651.860  0.000536753
      652.120  0.000536146
      652.390  0.000535515
      652.650  0.000534908
      652.920  0.000534277
      653.180  0.000533669
      653.450  0.000533038
      653.710  0.000532430
      653.980  0.000531799
      654.250  0.000531167
      654.510  0.000530559
      654.780  0.000529927
      655.040  0.000529319
      655.310  0.000528686
      655.570  0.000528078
      655.840  0.000527445
      656.100  0.000526836
      656.370  0.000526204
      656.630  0.000525595
      656.900  0.000524962
      657.160  0.000524352
      657.430  0.000523719
      657.690  0.000523110
      657.960  0.000522477
      658.230  0.000521843
      658.490  0.000521233
      658.760  0.000520600
      659.020  0.000519990
      659.290  0.000519357
      659.550  0.000518746
      659.820  0.000518112
      660.080  0.000517502
      660.350  0.000516868
      660.610  0.000516258
      660.880  0.000515623
      661.140  0.000515013
      661.410  0.000514379
      661.670  0.000513768
      661.940  0.000513133
      662.210  0.000512499
      662.470  0.000511888
      662.740  0.000511253
      663.000  0.000510642
      663.270  0.000510008
      663.530  0.000509396
      663.800  0.000508762
      664.060  0.000508150
      664.330  0.000507516
      664.590  0.000506904
      664.860  0.000506269
      665.120  0.000505658
      665.390  0.000505023
      665.660  0.000504388
      665.920  0.000503776
      666.190  0.000503141
      666.450  0.000502529
      666.720  0.000501894
      666.980  0.000501283
      667.250  0.000500647
      667.510  0.000500035
      667.780  0.000499400
      668.040  0.000498788
      668.310  0.000498153
      668.570  0.000497541
      668.840  0.000496906
      669.100  0.000496294
      669.370  0.000495659
      669.640  0.000495023
      669.900  0.000494412
      670.170  0.000493776
      670.430  0.000493164
      670.700  0.000492529
      670.960  0.000491917
      671.230  0.000491282
      671.490  0.000490670
      671.760  0.000490035
      672.020  0.000489423
      672.290  0.000488788
      672.550  0.000488176
      672.820  0.000487541
      673.080  0.000486929
      673.350  0.000486294
      673.620  0.000485659
      673.880  0.000485047
      674.150  0.000484412
      674.410  0.000483800
      674.680  0.000483165
      674.940  0.000482554
      675.210  0.000481919
      675.470  0.000481307
      675.740  0.000480672
      676.000  0.000480061
      676.270  0.000479426
      676.530  0.000478815
      676.800  0.000478180
      677.060  0.000477569
      677.330  0.000476934
      677.600  0.000476300
      677.860  0.000475689
      678.130  0.000475054
      678.390  0.000474443
      678.660  0.000473809
      678.920  0.000473198
      679.190  0.000472564
      679.450  0.000471953
      679.720  0.000471319
      679.980  0.000470709
      680.250  0.000470075
      680.510  0.000469465
      680.780  0.000468831
      681.040  0.000468221
      681.310  0.000467587
      681.580  0.000466953
      681.840  0.000466343
      682.110  0.000465710
      682.370  0.000465100
      682.640  0.000464467
      682.900  0.000463858
      683.170  0.000463225
      683.430  0.000462615
      683.700  0.000461982
      683.960  0.000461373
      684.230  0.000460741
      684.490  0.000460132
      684.760  0.000459499
      685.020  0.000458890
      685.290  0.000458258
      685.560  0.000457626
      685.820  0.000457018
      686.090  0.000456386
      686.350  0.000455778
      686.620  0.000455146
      686.880  0.000454538
      687.150  0.000453907
      687.410  0.000453299
      687.680  0.000452668
      687.940  0.000452060
      688.210  0.000451429
      688.470  0.000450822
      688.740  0.000450192
      689.000  0.000449584
      689.270  0.000448954
      689.540  0.000448324
      689.800  0.000447717
      690.070  0.000447088
      690.330  0.000446481
      690.600  0.000445852
      690.860  0.000445246
      691.130  0.000444616
      691.390  0.000444010
      691.660  0.000443382
      691.920  0.000442776
      692.190  0.000442147
      692.450  0.000441542
      692.720  0.000440914
      692.990  0.000440286
      693.250  0.000439681
      693.520  0.000439053
      693.780  0.000438449
      694.050  0.000437821
      694.310  0.000437217
      694.580  0.000436590
      694.840  0.000435987
      695.110  0.000435360
      695.370  0.000434756
      695.640  0.000434130
      695.900  0.000433527
      696.170  0.000432901
      696.430  0.000432298
      696.700  0.000431673
      696.970  0.000431047
      697.230  0.000430445
      697.500  0.000429820
      697.760  0.000429218
      698.030  0.000428593
      698.290  0.000427992
      698.560  0.000427368
      698.820  0.000426767
      699.090  0.000426143
      699.350  0.000425542
      699.620  0.000424919
      699.880  0.000424319
      700.150  0.000423695
      700.410  0.000423096
      700.680  0.000422473
      700.950  0.000421851
      701.210  0.000421252
      701.480  0.000420630
      701.740  0.000420031
      702.010  0.000419409
      702.270  0.000418811
      702.540  0.000418190
      702.800  0.000417592
      703.070  0.000416971
      703.330  0.000416374
      703.600  0.000415754
      703.860  0.000415157
      704.130  0.000414537
      704.390  0.000413940
      704.660  0.000413321
      704.930  0.000412702
      705.190  0.000412106
      705.460  0.000411488
      705.720  0.000410893
      705.990  0.000410274
      706.250  0.000409680
      706.520  0.000409062
      706.780  0.000408468
      707.050  0.000407851
      707.310  0.000407257
      707.580  0.000406640
      707.840  0.000406047
      708.110  0.000405431
      708.370  0.000404838
      708.640  0.000404222
      708.910  0.000403607
      709.170  0.000403015
      709.440  0.000402400
      709.700  0.000401809
      709.970  0.000401195
      710.230  0.000400603
      710.500  0.000399990
      710.760  0.000399399
      711.030  0.000398786
      711.290  0.000398196
      711.560  0.000397584
      711.820  0.000396994
      712.090  0.000396382
      712.350  0.000395793
      712.620  0.000395182
      712.890  0.000394571
      713.150  0.000393982
      713.420  0.000393372
      713.680  0.000392784
      713.950  0.000392175
      714.210  0.000391587
      714.480  0.000390978
      714.740  0.000390392
      715.010  0.000389783
      715.270  0.000389197
      715.540  0.000388589
      715.800  0.000388004
      716.070  0.000387396
      716.330  0.000386811
      716.600  0.000386205
      716.870  0.000385598
      717.130  0.000385014
      717.400  0.000384408
      717.660  0.000383825
      717.930  0.000383220
      718.190  0.000382637
      718.460  0.000382032
      718.720  0.000381451
      718.990  0.000380846
      719.250  0.000380265
      719.520  0.000379662
      719.780  0.000379081
      720.050  0.000378478
      720.320  0.000377876
      720.580  0.000377296
      720.850  0.000376694
      721.110  0.000376115
      721.380  0.000375514
      721.640  0.000374935
      721.910  0.000374335
      722.170  0.000373757
      722.440  0.000373157
      722.700  0.000372580
      722.970  0.000371981
      723.230  0.000371404
      723.500  0.000370806
      723.760  0.000370230
      724.030  0.000369632
      724.300  0.000369035
      724.560  0.000368460
      724.830  0.000367864
      725.090  0.000367289
      725.360  0.000366694
      725.620  0.000366120
      725.890  0.000365525
      726.150  0.000364952
      726.420  0.000364357
      726.680  0.000363785
      726.950  0.000363191
      727.210  0.000362620
      727.480  0.000362027
      727.740  0.000361456
      728.010  0.000360864
      728.280  0.000360272
      728.540  0.000359702
      728.810  0.000359111
      729.070  0.000358542
      729.340  0.000357952
      729.600  0.000357384
      729.870  0.000356794
      730.130  0.000356226
      730.400  0.000355637
      730.660  0.000355071
      730.930  0.000354482
      731.190  0.000353916
      731.460  0.000353329
      731.720  0.000352764
      731.990  0.000352177
      732.260  0.000351591
      732.520  0.000351026
      732.790  0.000350441
      733.050  0.000349878
      733.320  0.000349293
      733.580  0.000348730
      733.850  0.000348146
      734.110  0.000347584
      734.380  0.000347001
      734.640  0.000346440
      734.910  0.000345858
      735.170  0.000345298
      735.440  0.000344716
      735.700  0.000344156
      735.970  0.000343576
      736.240  0.000342995
      736.500  0.000342437
      736.770  0.000341857
      737.030  0.000341300
      737.300  0.000340721
      737.560  0.000340164
      737.830  0.000339586
      738.090  0.000339030
      738.360  0.000338453
      738.620  0.000337898
      738.890  0.000337322
      739.150  0.000336767
      739.420  0.000336192
      739.680  0.000335638
      739.950  0.000335064
      740.220  0.000334490
      740.480  0.000333938
      740.750  0.000333364
      741.010  0.000332813
      741.280  0.000332240
      741.540  0.000331690
      741.810  0.000331118
      742.070  0.000330568
      742.340  0.000329997
      742.600  0.000329448
      742.870  0.000328879
      743.130  0.000328330
      743.400  0.000327761
      743.660  0.000327214
      743.930  0.000326646
      744.200  0.000326078
      744.460  0.000325532
      744.730  0.000324965
      744.990  0.000324420
      745.260  0.000323854
      745.520  0.000323310
      745.790  0.000322745
      746.050  0.000322201
      746.320  0.000321637
      746.580  0.000321094
      746.850  0.000320531
      747.110  0.000319990
      747.380  0.000319427
      747.640  0.000318886
      747.910  0.000318325
      748.180  0.000317764
      748.440  0.000317224
      748.710  0.000316664
      748.970  0.000316126
      749.240  0.000315567
      749.500  0.000315029
      749.770  0.000314470
      750.030  0.000313933
      750.300  0.000313376
      750.560  0.000312840
      750.830  0.000312284
      751.090  0.000311748
      751.360  0.000311193
      751.630  0.000310638
      751.890  0.000310104
      752.160  0.000309551
      752.420  0.000309018
      752.690  0.000308464
      752.950  0.000307932
      753.220  0.000307380
      753.480  0.000306849
      753.750  0.000306298
      754.010  0.000305768
      754.280  0.000305218
      754.540  0.000304688
      754.810  0.000304139
      755.070  0.000303611
      755.340  0.000303063
      755.610  0.000302515
      755.870  0.000301988
      756.140  0.000301441
      756.400  0.000300915
      756.670  0.000300369
      756.930  0.000299844
      757.200  0.000299299
      757.460  0.000298775
      757.730  0.000298231
      757.990  0.000297708
      758.260  0.000297165
      758.520  0.000296643
      758.790  0.000296101
      759.050  0.000295579
      759.320  0.000295038
      759.590  0.000294498
      759.850  0.000293978
      760.120  0.000293439
      760.380  0.000292920
      760.650  0.000292381
      760.910  0.000291863
      761.180  0.000291326
      761.440  0.000290809
      761.710  0.000290272
      761.970  0.000289756
      762.240  0.000289221
      762.500  0.000288705
      762.770  0.000288171
      763.030  0.000287657
      763.300  0.000287123
      763.570  0.000286591
      763.830  0.000286078
      764.100  0.000285546
      764.360  0.000285034
      764.630  0.000284503
      764.890  0.000283993
      765.160  0.000283463
      765.420  0.000282953
      765.690  0.000282424
      765.950  0.000281915
      766.220  0.000281388
      766.480  0.000280880
      766.750  0.000280353
      767.010  0.000279846
      767.280  0.000279321
      767.550  0.000278795
      767.810  0.000278290
      768.080  0.000277766
      768.340  0.000277262
      768.610  0.000276738
      768.870  0.000276235
      769.140  0.000275713
      769.400  0.000275211
      769.670  0.000274690
      769.930  0.000274189
      770.200  0.000273668
      770.460  0.000273168
      770.730  0.000272649
      770.990  0.000272150
      771.260  0.000271632
      771.530  0.000271115
      771.790  0.000270617
      772.060  0.000270101
      772.320  0.000269604
      772.590  0.000269089
      772.850  0.000268593
      773.120  0.000268079
      773.380  0.000267584
      773.650  0.000267071
      773.910  0.000266578
      774.180  0.000266066
      774.440  0.000265573
      774.710  0.000265062
      774.970  0.000264570
      775.240  0.000264061
      775.510  0.000263551
      775.770  0.000263061
      776.040  0.000262553
      776.300  0.000262064
      776.570  0.000261557
      776.830  0.000261069
      777.100  0.000260563
      777.360  0.000260076
      777.630  0.000259571
      777.890  0.000259085
      778.160  0.000258581
      778.420  0.000258096
      778.690  0.000257593
      778.960  0.000257091
      779.220  0.000256608
      779.490  0.000256106
      779.750  0.000255624
      780.020  0.000255124
      780.280  0.000254643
      780.550  0.000254144
      780.810  0.000253664
      781.080  0.000253166
      781.340  0.000252687
      781.610  0.000252190
      781.870  0.000251712
      782.140  0.000251216
      782.400  0.000250740
      782.670  0.000250245
      782.940  0.000249751
      783.200  0.000249276
      783.470  0.000248783
      783.730  0.000248308
      784.000  0.000247817
      784.260  0.000247343
      784.530  0.000246853
      784.790  0.000246381
      785.060  0.000245891
      785.320  0.000245420
      785.590  0.000244931
      785.850  0.000244462
      786.120  0.000243974
      786.380  0.000243505
      786.650  0.000243019
      786.920  0.000242533
      787.180  0.000242066
      787.450  0.000241582
      787.710  0.000241115
      787.980  0.000240632
      788.240  0.000240167
      788.510  0.000239684
      788.770  0.000239221
      789.040  0.000238739
      789.300  0.000238276
      789.570  0.000237796
      789.830  0.000237335
      790.100  0.000236856
      790.360  0.000236395
      790.630  0.000235917
      790.900  0.000235440
      791.160  0.000234981
      791.430  0.000234505
      791.690  0.000234047
      791.960  0.000233572
      792.220  0.000233115
      792.490  0.000232641
      792.750  0.000232185
      793.020  0.000231712
      793.280  0.000231258
      793.550  0.000230786
      793.810  0.000230333
      794.080  0.000229862
      794.340  0.000229410
      794.610  0.000228940
      794.880  0.000228472
      795.140  0.000228021
      795.410  0.000227553
      795.670  0.000227104
      795.940  0.000226637
      796.200  0.000226188
      796.470  0.000225723
      796.730  0.000225276
      797.000  0.000224812
      797.260  0.000224365
      797.530  0.000223902
      797.790  0.000223457
      798.060  0.000222995
      798.320  0.000222551
      798.590  0.000222090
      798.860  0.000221630
      799.120  0.000221188
      799.390  0.000220729
      799.650  0.000220287
      799.920  0.000219830
      800.180  0.000219389
      800.450  0.000218933
      800.710  0.000218493
      800.980  0.000218038
      801.240  0.000217600
      801.510  0.000217146
      801.770  0.000216709
      802.040  0.000216255
      802.300  0.000215820
      802.570  0.000215368
      802.840  0.000214916
      803.100  0.000214482
      803.370  0.000214032
      803.630  0.000213599
      803.900  0.000213150
      804.160  0.000212718
      804.430  0.000212270
      804.690  0.000211839
      804.960  0.000211392
      805.220  0.000210963
      805.490  0.000210517
      805.750  0.000210089
      806.020  0.000209644
      806.290  0.000209200
      806.550  0.000208774
      806.820  0.000208331
      807.080  0.000207905
      807.350  0.000207464
      807.610  0.000207039
      807.880  0.000206599
      808.140  0.000206175
      808.410  0.000205736
      808.670  0.000205314
      808.940  0.000204876
      809.200  0.000204455
      809.470  0.000204018
      809.730  0.000203598
      810.000  0.000203162
      810.270  0.000202727
      810.530  0.000202309
      810.800  0.000201875
      811.060  0.000201458
      811.330  0.000201025
      811.590  0.000200609
      811.860  0.000200177
      812.120  0.000199762
      812.390  0.000199332
      812.650  0.000198918
      812.920  0.000198489
      813.180  0.000198076
      813.450  0.000197648
      813.710  0.000197236
      813.980  0.000196810
      814.250  0.000196383
      814.510  0.000195974
      814.780  0.000195548
      815.040  0.000195140
      815.310  0.000194716
      815.570  0.000194308
      815.840  0.000193886
      816.100  0.000193479
      816.370  0.000193058
      816.630  0.000192652
      816.900  0.000192232
      817.160  0.000191828
      817.430  0.000191409
      817.690  0.000191005
      817.960  0.000190587
      818.230  0.000190170
      818.490  0.000189769
      818.760  0.000189352
      819.020  0.000188952
      819.290  0.000188537
      819.550  0.000188138
      819.820  0.000187724
      820.080  0.000187326
      820.350  0.000186914
      820.610  0.000186517
      820.880  0.000186105
      821.140  0.000185710
      821.410  0.000185299
      821.670  0.000184905
      821.940  0.000184496
      822.210  0.000184087
      822.470  0.000183694
      822.740  0.000183287
      823.000  0.000182895
      823.270  0.000182489
      823.530  0.000182098
      823.800  0.000181693
      824.060  0.000181304
      824.330  0.000180900
      824.590  0.000180512
      824.860  0.000180109
      825.120  0.000179722
      825.390  0.000179321
      825.650  0.000178935
      825.920  0.000178534
      826.190  0.000178135
      826.450  0.000177750
      826.720  0.000177352
      826.980  0.000176969
      827.250  0.000176571
      827.510  0.000176189
      827.780  0.000175793
      828.040  0.000175412
      828.310  0.000175017
      828.570  0.000174638
      828.840  0.000174244
      829.100  0.000173865
      829.370  0.000173473
      829.630  0.000173095
      829.900  0.000172704
      830.170  0.000172313
      830.430  0.000171937
      830.700  0.000171547
      830.960  0.000171173
      831.230  0.000170784
      831.490  0.000170411
      831.760  0.000170024
      832.020  0.000169651
      832.290  0.000169265
      832.550  0.000168894
      832.820  0.000168509
      833.080  0.000168139
      833.350  0.000167755
      833.620  0.000167372
      833.880  0.000167003
      834.150  0.000166621
      834.410  0.000166254
      834.680  0.000165873
      834.940  0.000165507
      835.210  0.000165128
      835.470  0.000164763
      835.740  0.000164384
      836.000  0.000164020
      836.270  0.000163643
      836.530  0.000163280
      836.800  0.000162904
      837.060  0.000162543
      837.330  0.000162168
      837.600  0.000161793
      837.860  0.000161433
      838.130  0.000161060
      838.390  0.000160701
      838.660  0.000160330
      838.920  0.000159972
      839.190  0.000159601
      839.450  0.000159244
      839.720  0.000158875
      839.980  0.000158519
      840.250  0.000158151
      840.510  0.000157797
      840.780  0.000157429
      841.040  0.000157076
      841.310  0.000156710
      841.580  0.000156344
      841.840  0.000155993
      842.110  0.000155629
      842.370  0.000155278
      842.640  0.000154915
      842.900  0.000154566
      843.170  0.000154204
      843.430  0.000153856
      843.700  0.000153495
      843.960  0.000153148
      844.230  0.000152788
      844.490  0.000152442
      844.760  0.000152084
      845.020  0.000151739
      845.290  0.000151382
      845.560  0.000151025
      845.820  0.000150682
      846.090  0.000150326
      846.350  0.000149984
      846.620  0.000149630
      846.880  0.000149289
      847.150  0.000148936
      847.410  0.000148596
      847.680  0.000148244
      847.940  0.000147905
      848.210  0.000147554
      848.470  0.000147217
      848.740  0.000146867
      849.000  0.000146531
      849.270  0.000146182
      849.540  0.000145834
      849.800  0.000145499
      850.070  0.000145152
      850.330  0.000144819
      850.600  0.000144473
      850.860  0.000144141
      851.130  0.000143796
      851.390  0.000143465
      851.660  0.000143121
      851.920  0.000142791
      852.190  0.000142449
      852.450  0.000142120
      852.720  0.000141778
      852.980  0.000141450
      853.250  0.000141110
      853.520  0.000140771
      853.780  0.000140444
      854.050  0.000140106
      854.310  0.000139781
      854.580  0.000139444
      854.840  0.000139120
      855.110  0.000138784
      855.370  0.000138461
      855.640  0.000138126
      855.900  0.000137804
      856.170  0.000137470
      856.430  0.000137149
      856.700  0.000136817
      856.960  0.000136497
      857.230  0.000136166
      857.500  0.000135835
      857.760  0.000135517
      858.030  0.000135187
      858.290  0.000134870
      858.560  0.000134541
      858.820  0.000134225
      859.090  0.000133898
      859.350  0.000133583
      859.620  0.000133257
      859.880  0.000132943
      860.150  0.000132618
      860.410  0.000132306
      860.680  0.000131981
      860.950  0.000131658
      861.210  0.000131347
      861.480  0.000131025
      861.740  0.000130715
      862.010  0.000575660
      862.270  0.000578923
      862.540   0.00157400
      862.800   0.00110211
      863.070   0.00138257
      863.330  0.000378671
      863.600  0.000381627
      863.860  0.000106999
      864.130  0.000109575
      864.390  0.000473568
      864.660  0.000579074
      864.930  0.000581960
      865.190  0.000601042
      865.460  0.000501078
      865.720  0.000504011
      865.990  0.000127806
      866.250   0.00102505
      866.520   0.00102836
      866.780   0.00216671
      867.050   0.00127433
      867.310   0.00210360
      867.580  0.000983921
      867.840   0.00127868
      868.110  0.000454599
      868.370  0.000444061
      868.640  0.000122685
      868.910  0.000122378
      869.170  0.000122084
      869.440  0.000121778
      869.700  0.000121484
      869.970  0.000121180
      870.230  0.000120887
      870.500  0.000120584
      870.760  0.000120292
      871.030  0.000119990
      871.290  0.000119700
      871.560  0.000119398
      871.820  0.000119109
      872.090  0.000118809
      872.350  0.000118521
      872.620  0.000118222
      872.890  0.000117923
      873.150  0.000117636
      873.420  0.000117339
      873.680  0.000117053
      873.950  0.000116757
      874.210  0.000116473
      874.480  0.000116177
      874.740  0.000115894
      875.010  0.000115600
      875.270  0.000115317
      875.540  0.000115024
      875.800  0.000114743
      876.070  0.000114451
      876.330  0.000114170
      876.600  0.000113880
      876.870  0.000113590
      877.130  0.000113311
      877.400  0.000113021
      877.660  0.000112744
      877.930  0.000112456
      878.190  0.000112179
      878.460  0.000111892
      878.720  0.000111616
      878.990  0.000111330
      879.250  0.000111055
      879.520  0.000110771
      879.780  0.000110497
      880.050  0.000110213
      880.310  0.000109941
      880.580  0.000109658
      880.850  0.000109376
      881.110  0.000109105
      881.380  0.000108824
      881.640  0.000108554
      881.910  0.000108274
      882.170  0.000108005
      882.440  0.000107726
      882.700  0.000107458
      882.970  0.000107180
      883.230  0.000106913
      883.500  0.000106636
      883.760  0.000106370
      884.030  0.000106094
      884.290  0.000105829
      884.560  0.000105555
      884.830  0.000105281
      885.090  0.000105017
      885.360  0.000104744
      885.620  0.000104482
      885.890  0.000104210
      886.150  0.000103948
      886.420  0.000103677
      886.680  0.000103417
      886.950  0.000103147
      887.210  0.000102888
      887.480  0.000102619
      887.740  0.000102360
      888.010  0.000102093
      888.270  0.000101835
      888.540  0.000101568
      888.810  0.000101302
      889.070  0.000101046
      889.340  0.000100781
      889.600  0.000100526
      889.870  0.000100262
      890.130  0.000100008
      890.400  9.97452e-05
      890.660  9.94924e-05
      890.930  9.92303e-05
      891.190  9.89784e-05
      891.460  9.87174e-05
      891.720  9.84665e-05
      891.990  9.82065e-05
      892.260  9.79470e-05
      892.520  9.76977e-05
      892.790  9.74392e-05
      893.050  9.71909e-05
      893.320  9.69334e-05
      893.580  9.66860e-05
      893.850  9.64296e-05
      894.110  9.61832e-05
      894.380  9.59278e-05
      894.640  9.56824e-05
      894.910  9.54281e-05
      895.170  9.51836e-05
      895.440  9.49303e-05
      895.700  9.46868e-05
      895.970  9.44345e-05
      896.240  9.41827e-05
      896.500  9.39406e-05
      896.770  9.36899e-05
      897.030  9.34488e-05
      897.300  9.31991e-05
      897.560  9.29590e-05
      897.830  9.27102e-05
      898.090  9.24711e-05
      898.360  9.22234e-05
      898.620  9.19853e-05
      898.890  9.17385e-05
      899.150  9.15014e-05
      899.420  9.12557e-05
      899.680  9.10195e-05
      899.950  9.07747e-05
      900.220  9.05304e-05
      900.480  9.02957e-05
      900.750  9.00524e-05
      901.010  8.98187e-05
      901.280  8.95764e-05
      901.540  8.93436e-05
      901.810  8.91023e-05
      902.070  8.88705e-05
      902.340  8.86302e-05
      902.600  8.83993e-05
      902.870  8.81600e-05
      903.130  8.79300e-05
      903.400  8.76917e-05
      903.660  8.74628e-05
      903.930  8.72254e-05
      904.200  8.69886e-05
      904.460  8.67610e-05
      904.730  8.65252e-05
      904.990  8.62985e-05
      905.260  8.60636e-05
      905.520  8.58379e-05
      905.790  8.56041e-05
      906.050  8.53793e-05
      906.320  8.51464e-05
      906.580  8.49226e-05
      906.850  8.46906e-05
      907.110  8.44678e-05
      907.380  8.42368e-05
      907.640  8.40148e-05
      907.910  8.37848e-05
      908.180  8.35553e-05
      908.440  8.33347e-05
      908.710  8.31062e-05
      908.970  8.28866e-05
      909.240  8.26590e-05
      909.500  8.24403e-05
      909.770  8.22136e-05
      910.030  8.19958e-05
      910.300  8.17702e-05
      910.560  8.15533e-05
      910.830  8.13286e-05
      911.090  8.11126e-05
      911.360  8.08889e-05
      911.620  8.06738e-05
      911.890  8.04510e-05
      912.160  8.02287e-05
      912.420  8.00150e-05
      912.690  7.97936e-05
      912.950  7.95809e-05
      913.220  7.93605e-05
      913.480  7.91486e-05
      913.750  7.89291e-05
      914.010  7.87182e-05
      914.280  7.84996e-05
      914.540  7.82896e-05
      914.810  7.80719e-05
      915.070  7.78628e-05
      915.340  7.76461e-05
      915.600  7.74379e-05
      915.870  7.72221e-05
      916.140  7.70068e-05
      916.400  7.67999e-05
      916.670  7.65856e-05
      916.930  7.63796e-05
      917.200  7.61662e-05
      917.460  7.59611e-05
      917.730  7.57486e-05
      917.990  7.55444e-05
      918.260  7.53328e-05
      918.520  7.51295e-05
      918.790  7.49188e-05
      919.050  7.47164e-05
      919.320  7.45066e-05
      919.590  7.42973e-05
      919.850  7.40962e-05
      920.000  7.39804e-05
      920.500  7.35953e-05
      921.000  7.32119e-05
      921.500  7.28300e-05
      922.000  7.24497e-05
      922.500  7.20710e-05
      923.000  7.16939e-05
      923.500  7.13183e-05
      924.000  7.09443e-05
      924.500  7.05719e-05
      925.000  7.02010e-05
      925.500  6.98317e-05
      926.000  6.94639e-05
      926.500  6.90976e-05
      927.000  6.87329e-05
      927.500  6.83698e-05
      928.000  6.80082e-05
      928.500  6.76481e-05
      929.000  6.72895e-05
      929.500  6.69324e-05
      930.000  6.65769e-05
      930.500  6.62229e-05
      931.000  6.58704e-05
      931.500  6.55194e-05
      932.000  6.51699e-05
      932.500  6.48219e-05
      933.000  6.44754e-05
      933.500  6.41303e-05
      934.000  6.37868e-05
      934.500  6.34447e-05
      935.000  6.31041e-05
      935.500  6.27650e-05
      936.000  6.24274e-05
      936.500  6.20912e-05
      937.000  6.17565e-05
      937.500  6.14232e-05
      938.000  6.10914e-05
      938.500  6.07611e-05
      939.000  6.04321e-05
      939.500  6.01047e-05
      940.000  5.97786e-05
      940.500  5.94540e-05
      941.000  5.91308e-05
      941.500  5.88091e-05
      942.000  5.84887e-05
      942.500  5.81698e-05
      943.000  5.78523e-05
      943.500  5.75362e-05
      944.000  5.72215e-05
      944.500  5.69082e-05
      945.000  5.65963e-05
      945.500  5.62857e-05
      946.000  5.59766e-05
      946.500  5.56688e-05
      947.000  5.53625e-05
      947.500  5.50575e-05
      948.000  5.47538e-05
      948.500  5.44516e-05
      949.000  5.41507e-05
      949.500  5.38511e-05
      950.000  5.35529e-05
      950.500  5.32561e-05
      951.000  5.29606e-05
      951.500  5.26664e-05
      952.000  5.23736e-05
      952.500  5.20821e-05
      953.000  5.17920e-05
      953.500  5.15031e-05
      954.000  5.12156e-05
      954.500  5.09294e-05
      955.000  5.06446e-05
      955.500  5.03610e-05
      956.000  5.00787e-05
      956.500  4.97977e-05
      957.000  4.95181e-05
      957.500  4.92397e-05
      958.000  4.89626e-05
      958.500  4.86868e-05
      959.000  4.84122e-05
      959.500  4.81390e-05
      960.000  4.78670e-05
      960.500  4.75963e-05
      961.000  4.73268e-05
      961.500  4.70586e-05
      962.000  4.67917e-05
      962.500  4.65260e-05
      963.000  4.62615e-05
      963.500  4.59983e-05
      964.000  4.57363e-05
      964.500  4.54756e-05
      965.000  4.52161e-05
      965.500  4.49578e-05
      966.000  4.47007e-05
      966.500  4.44449e-05
      967.000  4.41903e-05
      967.500  4.39369e-05
      968.000  4.36847e-05
      968.500  4.34337e-05
      969.000  4.31839e-05
      969.500  4.29352e-05
      970.000  4.26878e-05
      970.500  4.24416e-05
      971.000  4.21965e-05
      971.500  4.19526e-05
      972.000  4.17099e-05
      972.500  4.14684e-05
      973.000  4.12280e-05
      973.500  4.09888e-05
      974.000  4.07507e-05
      974.500  4.05138e-05
      975.000  4.02781e-05
      975.500  4.00435e-05
      976.000  3.98100e-05
      976.500  3.95776e-05
      977.000  3.93464e-05
      977.500  3.91164e-05
      978.000  3.88874e-05
      978.500  3.86596e-05
      979.000  3.84329e-05
      979.500  3.82073e-05
      980.000  3.79828e-05
      980.500  3.77594e-05
      981.000  3.75371e-05
      981.500  3.73159e-05
      982.000  3.70959e-05
      982.500  3.68769e-05
      983.000  3.66589e-05
      983.500  3.64421e-05
      984.000  3.62263e-05
      984.500  3.60117e-05
      985.000  3.57980e-05
      985.500  3.55855e-05
      986.000  3.53740e-05
      986.500  3.51636e-05
      987.000  3.49542e-05
      987.500  3.47458e-05
      988.000  3.45386e-05
      988.500  3.43323e-05
      989.000  3.41271e-05
      989.500  3.39230e-05
      990.000  3.37198e-05
      990.500  3.35177e-05
      991.000  3.33166e-05
      991.500  3.31166e-05
      992.000  3.29175e-05
      992.500  3.27194e-05
      993.000  3.25224e-05
      993.500  3.23264e-05
      994.000  3.21313e-05
      994.500  3.19373e-05
      995.000  3.17442e-05
      995.500  3.15522e-05
      996.000  3.13611e-05
      996.500  3.11710e-05
      997.000  3.09819e-05
      997.500  3.07938e-05
      998.000  3.06066e-05
      998.500  3.04204e-05
      999.000  3.02351e-05
      999.500  3.00508e-05
      1000.00  2.98675e-05
      1000.50  2.96851e-05
      1001.00  2.95037e-05
      1001.50  2.93232e-05
      1002.00  2.91436e-05
      1002.50  2.89650e-05
      1003.00  2.87873e-05
      1003.50  2.86105e-05
      1004.00  2.84347e-05
      1004.50  2.82598e-05
      1005.00  2.80858e-05
      1005.50  2.79127e-05
      1006.00  2.77405e-05
      1006.50  2.75692e-05
      1007.00  2.73988e-05
      1007.50  2.72294e-05
      1008.00  2.70608e-05
      1008.50  2.68931e-05
      1009.00  2.67263e-05
      1009.50  2.65604e-05
      1010.00  2.63953e-05
      1010.50  2.62312e-05
      1011.00  2.60679e-05
      1011.50  2.59055e-05
      1012.00  2.57439e-05
      1012.50  2.55832e-05
      1013.00  2.54234e-05
      1013.50  2.52644e-05
      1014.00  2.51063e-05
      1014.50  2.49490e-05
      1015.00  2.47926e-05
      1015.50  2.46370e-05
      1016.00  2.44823e-05
      1016.50  2.43284e-05
      1017.00  2.41753e-05
      1017.50  2.40230e-05
      1018.00  2.38716e-05
      1018.50  2.37210e-05
      1019.00  2.35712e-05
      1019.50  2.34222e-05
      1020.00  2.32740e-05
      1020.50  2.31266e-05
      1021.00  2.29801e-05
      1021.50  2.28343e-05
      1022.00  2.26893e-05
      1022.50  2.25452e-05
      1023.00  2.24018e-05
      1023.50  2.22592e-05
      1024.00  2.21173e-05
      1024.50  2.19763e-05
      1025.00  2.18360e-05
      1025.50  2.16965e-05
      1026.00  2.15578e-05
      1026.50  2.14199e-05
      1027.00  2.12827e-05
      1027.50  2.11462e-05
      1028.00  2.10105e-05
      1028.50  2.08756e-05
      1029.00  2.07414e-05
      1029.50  2.06080e-05
      1030.00  2.04753e-05
      1030.50  2.03434e-05
      1031.00  2.02121e-05
      1031.50  2.00816e-05
      1032.00  1.99519e-05
      1032.50  1.98229e-05
      1033.00  1.96945e-05
      1033.50  1.95670e-05
      1034.00  1.94401e-05
      1034.50  1.93139e-05
      1035.00  1.91885e-05
      1035.50  1.90637e-05
      1036.00  1.89397e-05
      1036.50  1.88164e-05
      1037.00  1.86937e-05
      1037.50  1.85718e-05
      1038.00  1.84505e-05
      1038.50  1.83300e-05
      1039.00  1.82101e-05
      1039.50  1.80909e-05
      1040.00  1.79723e-05
      1040.50  1.78545e-05
      1041.00  1.77373e-05
      1041.50  1.76208e-05
      1042.00  1.75050e-05
      1042.50  1.73898e-05
      1043.00  1.72753e-05
      1043.50  1.71614e-05
      1044.00  1.70482e-05
      1044.50  1.69356e-05
      1045.00  1.68237e-05
      1045.50  1.67125e-05
      1046.00  1.66019e-05
      1046.50  1.64919e-05
      1047.00  1.63825e-05
      1047.50  1.62738e-05
      1048.00  1.61657e-05
      1048.50  1.60583e-05
      1049.00  1.59514e-05
      1049.50  1.58452e-05
      1050.00  1.57396e-05
      1050.50  1.56346e-05
      1051.00  1.55303e-05
      1051.50  1.54265e-05
      1052.00  1.53233e-05
      1052.50  1.52208e-05
      1053.00  1.51189e-05
      1053.50  1.50175e-05
      1054.00  1.49167e-05
      1054.50  1.48166e-05
      1055.00  1.47170e-05
      1055.50  1.46180e-05
      1056.00  1.45196e-05
      1056.50  1.44218e-05
      1057.00  1.43245e-05
      1057.50  1.42279e-05
      1058.00  1.41318e-05
      1058.50  1.40362e-05
      1059.00  1.39413e-05
      1059.50  1.38469e-05
      1060.00  1.37530e-05
      1060.50  1.36598e-05
      1061.00  1.35670e-05
      1061.50  1.34749e-05
      1062.00  1.33833e-05
      1062.50  1.32922e-05
      1063.00  1.32017e-05
      1063.50  1.31117e-05
      1064.00  1.30222e-05
      1064.50  1.29333e-05
      1065.00  1.28449e-05
      1065.50  1.27571e-05
      1066.00  1.26698e-05
      1066.50  1.25830e-05
      1067.00  1.24967e-05
      1067.50  1.24110e-05
      1068.00  1.23258e-05
      1068.50  1.22410e-05
      1069.00  1.21569e-05
      1069.50  1.20732e-05
      1070.00  1.19900e-05
      1070.50  1.19073e-05
      1071.00  1.18251e-05
      1071.50  1.17435e-05
      1072.00  1.16623e-05
      1072.50  1.15816e-05
      1073.00  1.15015e-05
      1073.50  1.14218e-05
      1074.00  1.13426e-05
      1074.50  1.12638e-05
      1075.00  1.11856e-05
      1075.50  1.11078e-05
      1076.00  1.10306e-05
      1076.50  1.09538e-05
      1077.00  1.08774e-05
      1077.50  1.08016e-05
      1078.00  1.07262e-05
      1078.50  1.06513e-05
      1079.00  1.05768e-05
      1079.50  1.05028e-05
      1080.00  1.04293e-05
      1080.50  1.03562e-05
      1081.00  1.02836e-05
      1081.50  1.02114e-05
      1082.00  1.01396e-05
      1082.50  1.00684e-05
      1083.00  1.00000e-05
      1083.50  1.00000e-05
      1084.00  1.00000e-05
      1084.50  1.00000e-05
      1085.00  1.00000e-05
      1085.50  1.00000e-05
      1086.00  1.00000e-05
      1086.50  1.00000e-05
      1087.00  1.00000e-05
      1087.50  1.00000e-05
      1088.00  1.00000e-05
      1088.50  1.00000e-05
      1089.00  1.00000e-05
      1089.50  1.00000e-05
      1090.00  1.00000e-05
      1090.50  1.00000e-05
      1091.00  1.00000e-05
      1091.50  1.00000e-05
      1092.00  1.00000e-05
      1092.50  1.00000e-05
      1093.00  1.00000e-05
      1093.50  1.00000e-05
      1094.00  1.00000e-05
      1094.50  1.00000e-05
      1095.00  1.00000e-05
      1095.50  1.00000e-05
      1096.00  1.00000e-05
      1096.50  1.00000e-05
      1097.00  1.00000e-05
      1097.50  1.00000e-05
      1098.00  1.00000e-05
      1098.50  1.00000e-05
      1099.00  1.00000e-05
      1099.50  1.00000e-05
      1100.00  1.00000e-05
