      350.170  1.00000e-05
      350.430  1.00000e-05
      350.700  1.00000e-05
      350.960  1.00000e-05
      351.230  1.00000e-05
      351.490  1.00000e-05
      351.760  1.00000e-05
      352.020  1.00000e-05
      352.290  1.00000e-05
      352.550  1.00000e-05
      352.820  1.00000e-05
      353.080  1.00000e-05
      353.350  1.00000e-05
      353.620  1.00000e-05
      353.880  1.00000e-05
      354.150  1.00000e-05
      354.410  1.00000e-05
      354.680  1.00000e-05
      354.940  1.00000e-05
      355.210  1.00000e-05
      355.470  1.00000e-05
      355.740  1.00000e-05
      356.000  1.00000e-05
      356.270  1.00000e-05
      356.530  1.00000e-05
      356.800  1.00000e-05
      357.070  1.00000e-05
      357.330  1.00000e-05
      357.600  1.00000e-05
      357.860  1.00000e-05
      358.130  1.00000e-05
      358.390  1.00000e-05
      358.660  1.00000e-05
      358.920  1.00000e-05
      359.190  1.00000e-05
      359.450  1.00000e-05
      359.720  1.00000e-05
      359.980  1.00000e-05
      360.250  1.00000e-05
      360.510  1.00000e-05
      360.780  1.00000e-05
      361.050  1.00000e-05
      361.310  1.00000e-05
      361.580  1.00000e-05
      361.840  1.00000e-05
      362.110  1.00000e-05
      362.370  1.00000e-05
      362.640  1.00000e-05
      362.900  1.00000e-05
      363.170  1.00000e-05
      363.430  1.00000e-05
      363.700  1.00000e-05
      363.960  1.00000e-05
      364.230  1.00000e-05
      364.490  1.00000e-05
      364.760  1.00000e-05
      365.030  1.00000e-05
      365.290  1.00000e-05
      365.560  1.00000e-05
      365.820  1.00000e-05
      366.090  1.00000e-05
      366.350  1.00000e-05
      366.620  1.00000e-05
      366.880  1.00000e-05
      367.150  1.00000e-05
      367.410  1.00000e-05
      367.680  1.00000e-05
      367.940  1.00000e-05
      368.210  1.00000e-05
      368.470  1.00000e-05
      368.740  1.00000e-05
      369.010  1.00000e-05
      369.270  1.00000e-05
      369.540  1.00000e-05
      369.800  1.00000e-05
      370.070  1.00000e-05
      370.330  1.00000e-05
      370.600  1.00000e-05
      370.860  1.00000e-05
      371.130  1.00000e-05
      371.390  1.00000e-05
      371.660  1.00000e-05
      371.920  1.00000e-05
      372.190  1.00000e-05
      372.450  1.00000e-05
      372.720  1.00000e-05
      372.990  1.00000e-05
      373.250  1.00000e-05
      373.520  1.00000e-05
      373.780  1.00000e-05
      374.050  1.00000e-05
      374.310  1.00000e-05
      374.580  1.00000e-05
      374.840  1.00000e-05
      375.110  1.00000e-05
      375.370  1.00000e-05
      375.640  1.00000e-05
      375.900  1.00000e-05
      376.170  1.00000e-05
      376.430  1.00000e-05
      376.700  1.00000e-05
      376.970  1.00000e-05
      377.230  1.00000e-05
      377.500  1.00000e-05
      377.760  1.00000e-05
      378.030  1.00000e-05
      378.290  1.00000e-05
      378.560  1.00000e-05
      378.820  1.00000e-05
      379.090  1.00000e-05
      379.350  1.00000e-05
      379.620  1.00000e-05
      379.880  1.00000e-05
      380.150  1.00000e-05
      380.410  1.00000e-05
      380.680  1.00000e-05
      380.950  1.00000e-05
      381.210  1.00000e-05
      381.480  1.00000e-05
      381.740  1.00000e-05
      382.010  1.00000e-05
      382.270  1.00000e-05
      382.540  1.00000e-05
      382.800  1.00000e-05
      383.070  1.00000e-05
      383.330  1.00000e-05
      383.600  1.00000e-05
      383.860  1.00000e-05
      384.130  1.00000e-05
      384.400  1.00000e-05
      384.660  1.00000e-05
      384.930  1.00000e-05
      385.190  1.00000e-05
      385.460  1.00000e-05
      385.720  1.00000e-05
      385.990  1.00000e-05
      386.250  1.00000e-05
      386.520  1.00000e-05
      386.780  1.00000e-05
      387.050  1.00000e-05
      387.310  1.00000e-05
      387.580  1.00000e-05
      387.840  1.00000e-05
      388.110  1.00000e-05
      388.380  1.00000e-05
      388.640  1.00000e-05
      388.910  1.00000e-05
      389.170  1.00000e-05
      389.440  1.00000e-05
      389.700  1.00000e-05
      389.970  1.00000e-05
      390.230  1.00000e-05
      390.500  1.00000e-05
      390.760  1.00000e-05
      391.030  1.00000e-05
      391.290  1.00000e-05
      391.560  1.00000e-05
      391.820  1.00000e-05
      392.090  1.00000e-05
      392.360  1.00000e-05
      392.620  1.00000e-05
      392.890  1.00000e-05
      393.150  1.00000e-05
      393.420  1.00000e-05
      393.680  1.00000e-05
      393.950  1.00000e-05
      394.210  1.00000e-05
      394.480  1.00000e-05
      394.740  1.00000e-05
      395.010  1.00000e-05
      395.270  1.00000e-05
      395.540  1.00000e-05
      395.800  1.00000e-05
      396.070  1.00000e-05
      396.340  1.00000e-05
      396.600  1.00000e-05
      396.870  1.00000e-05
      397.130  1.00000e-05
      397.400  1.00000e-05
      397.660  1.00000e-05
      397.930  1.00000e-05
      398.190  1.00000e-05
      398.460  1.00000e-05
      398.720  1.00000e-05
      398.990  1.00000e-05
      399.250  1.00000e-05
      399.520  1.00000e-05
      399.780  1.00000e-05
      400.050  1.00000e-05
      400.320  1.00000e-05
      400.580  1.00000e-05
      400.850  1.00000e-05
      401.110  1.00000e-05
      401.380  1.00000e-05
      401.640  1.00000e-05
      401.910  1.00000e-05
      402.170  1.00000e-05
      402.440  1.00000e-05
      402.700  1.00000e-05
      402.970  1.00000e-05
      403.230  1.00000e-05
      403.500  1.00000e-05
      403.760  1.00000e-05
      404.030  1.00000e-05
      404.300  1.00000e-05
      404.560  1.00000e-05
      404.830  1.00000e-05
      405.090  1.00000e-05
      405.360  1.00000e-05
      405.620  1.00000e-05
      405.890  1.00000e-05
      406.150  1.00000e-05
      406.420  1.00000e-05
      406.680  1.00000e-05
      406.950  1.00000e-05
      407.210  1.00000e-05
      407.480  1.00000e-05
      407.740  1.00000e-05
      408.010  1.00000e-05
      408.280  1.00000e-05
      408.540  1.00000e-05
      408.810  1.00000e-05
      409.070  1.00000e-05
      409.340  1.00000e-05
      409.600  1.00000e-05
      409.870  1.00000e-05
      410.130  1.00000e-05
      410.400  1.00000e-05
      410.660  1.00000e-05
      410.930  1.00000e-05
      411.190  1.00000e-05
      411.460  1.00000e-05
      411.730  1.00000e-05
      411.990  1.00000e-05
      412.260  1.00000e-05
      412.520  1.00000e-05
      412.790  1.00000e-05
      413.050  1.00000e-05
      413.320  1.00000e-05
      413.580  1.00000e-05
      413.850  1.00000e-05
      414.110  1.00000e-05
      414.380  1.00000e-05
      414.640  1.00000e-05
      414.910  1.00000e-05
      415.170  1.00000e-05
      415.440  1.00000e-05
      415.710  1.00000e-05
      415.970  1.00000e-05
      416.240  1.00000e-05
      416.500  1.00000e-05
      416.770  1.00000e-05
      417.030  1.00000e-05
      417.300  1.00000e-05
      417.560  1.00000e-05
      417.830  1.00000e-05
      418.090  1.00000e-05
      418.360  1.00000e-05
      418.620  1.00000e-05
      418.890  1.00000e-05
      419.150  1.00000e-05
      419.420  1.00000e-05
      419.690  1.00000e-05
      419.950  1.00000e-05
      420.220  1.00000e-05
      420.480  1.00000e-05
      420.750  1.00000e-05
      421.010  1.00000e-05
      421.280  1.00000e-05
      421.540  1.00000e-05
      421.810  1.00000e-05
      422.070  1.00000e-05
      422.340  1.00000e-05
      422.600  1.00000e-05
      422.870  1.00000e-05
      423.130  1.00000e-05
      423.400  1.00000e-05
      423.670  1.00000e-05
      423.930  1.00000e-05
      424.200  1.00000e-05
      424.460  1.00000e-05
      424.730  1.00000e-05
      424.990  1.00000e-05
      425.260  1.00000e-05
      425.520  1.00000e-05
      425.790  1.00000e-05
      426.050  1.00000e-05
      426.320  1.00000e-05
      426.580  1.00000e-05
      426.850  1.00000e-05
      427.110  1.00000e-05
      427.380  1.00000e-05
      427.650  1.00000e-05
      427.910  1.00000e-05
      428.180  1.00000e-05
      428.440  1.00000e-05
      428.710  1.00000e-05
      428.970  1.00000e-05
      429.240  1.00000e-05
      429.500  1.00000e-05
      429.770  1.00000e-05
      430.030  1.00000e-05
      430.300  1.00000e-05
      430.560  1.00000e-05
      430.830  1.00000e-05
      431.090  1.00000e-05
      431.360  1.00000e-05
      431.630  1.00000e-05
      431.890  1.00000e-05
      432.160  1.00000e-05
      432.420  1.00000e-05
      432.690  1.00000e-05
      432.950  1.00000e-05
      433.220  1.00000e-05
      433.480  1.00000e-05
      433.750  1.00000e-05
      434.010  1.00000e-05
      434.280  1.00000e-05
      434.540  1.00000e-05
      434.810  1.00000e-05
      435.070  1.00000e-05
      435.340  1.00000e-05
      435.610  1.00000e-05
      435.870  1.00000e-05
      436.140  1.00000e-05
      436.400  1.00000e-05
      436.670  1.00000e-05
      436.930  1.00000e-05
      437.200  1.00000e-05
      437.460  1.00000e-05
      437.730  1.00000e-05
      437.990  1.00000e-05
      438.260  1.00000e-05
      438.520  1.00000e-05
      438.790  1.00000e-05
      439.050  1.00000e-05
      439.320  1.00000e-05
      439.590  1.00000e-05
      439.850  1.00000e-05
      440.120  1.00000e-05
      440.380  1.00000e-05
      440.650  1.00000e-05
      440.910  1.00000e-05
      441.180  1.00000e-05
      441.440  1.00000e-05
      441.710  1.00000e-05
      441.970  1.00000e-05
      442.240  1.00000e-05
      442.500  1.00000e-05
      442.770  1.00000e-05
      443.040  1.00000e-05
      443.300  1.00000e-05
      443.570  1.00000e-05
      443.830  1.00000e-05
      444.100  1.00000e-05
      444.360  1.00000e-05
      444.630  1.00000e-05
      444.890  1.00000e-05
      445.160  1.00000e-05
      445.420  1.00000e-05
      445.690  1.00000e-05
      445.950  1.00000e-05
      446.220  1.00000e-05
      446.480  1.00000e-05
      446.750  1.00000e-05
      447.020  1.00000e-05
      447.280  1.00000e-05
      447.550  1.00000e-05
      447.810  1.00000e-05
      448.080  1.00000e-05
      448.340  1.00000e-05
      448.610  1.00000e-05
      448.870  1.00000e-05
      449.140  1.00000e-05
      449.400  1.00000e-05
      449.670  1.00000e-05
      449.930  1.00000e-05
      450.200  1.00000e-05
      450.460  1.00000e-05
      450.730  1.00000e-05
      451.000  1.00000e-05
      451.260  1.00000e-05
      451.530  1.00000e-05
      451.790  1.00000e-05
      452.060  1.00000e-05
      452.320  1.00000e-05
      452.590  1.00000e-05
      452.850  1.00000e-05
      453.120  1.00000e-05
      453.380  1.00000e-05
      453.650  1.00000e-05
      453.910  1.00000e-05
      454.180  1.00000e-05
      454.440  1.00000e-05
      454.710  1.00000e-05
      454.980  1.00000e-05
      455.240  1.00000e-05
      455.510  1.00000e-05
      455.770  1.00000e-05
      456.040  1.00000e-05
      456.300  1.00000e-05
      456.570  1.00000e-05
      456.830  1.00000e-05
      457.100  1.00000e-05
      457.360  1.00000e-05
      457.630  1.00000e-05
      457.890  1.00000e-05
      458.160  1.00000e-05
      458.420  1.00000e-05
      458.690  1.00000e-05
      458.960  1.00000e-05
      459.220  1.00000e-05
      459.490  1.00000e-05
      459.750  1.00000e-05
      460.020  1.00000e-05
      460.280  1.00000e-05
      460.550  1.00000e-05
      460.810  1.00000e-05
      461.080  1.00000e-05
      461.340  1.00000e-05
      461.610  1.00000e-05
      461.870  1.00000e-05
      462.140  1.00000e-05
      462.400  1.00000e-05
      462.670  1.00000e-05
      462.940  1.00000e-05
      463.200  1.00000e-05
      463.470  1.00000e-05
      463.730  1.00000e-05
      464.000  1.00000e-05
      464.260  1.00000e-05
      464.530  1.00000e-05
      464.790  1.00000e-05
      465.060  1.00000e-05
      465.320  1.00000e-05
      465.590  1.00000e-05
      465.850  1.00000e-05
      466.120  1.00000e-05
      466.380  1.00000e-05
      466.650  1.00000e-05
      466.920  1.00000e-05
      467.180  1.00000e-05
      467.450  1.00000e-05
      467.710  1.00000e-05
      467.980  1.00000e-05
      468.240  1.00000e-05
      468.510  1.00000e-05
      468.770  1.00000e-05
      469.040  1.00000e-05
      469.300  1.00000e-05
      469.570  1.00000e-05
      469.830  1.00000e-05
      470.100  1.00000e-05
      470.370  1.00000e-05
      470.630  1.00000e-05
      470.900  1.00000e-05
      471.160  1.00000e-05
      471.430  1.00000e-05
      471.690  1.00000e-05
      471.960  1.00000e-05
      472.220  1.00000e-05
      472.490  1.00000e-05
      472.750  1.00000e-05
      473.020  1.00000e-05
      473.280  1.00000e-05
      473.550  1.00000e-05
      473.810  1.00000e-05
      474.080  1.00000e-05
      474.350  1.00000e-05
      474.610  1.00000e-05
      474.880  1.00000e-05
      475.140  1.00000e-05
      475.410  1.00000e-05
      475.670  1.00000e-05
      475.940  1.00000e-05
      476.200  1.00000e-05
      476.470  1.00000e-05
      476.730  1.00000e-05
      477.000  1.00000e-05
      477.260  1.00000e-05
      477.530  1.00000e-05
      477.790  1.00000e-05
      478.060  1.00000e-05
      478.330  1.00000e-05
      478.590  1.00000e-05
      478.860  1.00000e-05
      479.120  1.00000e-05
      479.390  1.00000e-05
      479.650  1.00000e-05
      479.920  1.00000e-05
      480.180  1.00000e-05
      480.450  1.00000e-05
      480.710  1.00000e-05
      480.980  1.00000e-05
      481.240  1.00000e-05
      481.510  1.00000e-05
      481.770  1.00000e-05
      482.040  1.00000e-05
      482.310  1.00000e-05
      482.570  1.00000e-05
      482.840  1.00000e-05
      483.100  1.00000e-05
      483.370  1.00000e-05
      483.630  1.00000e-05
      483.900  1.00000e-05
      484.160  1.00000e-05
      484.430  1.00000e-05
      484.690  1.00000e-05
      484.960  1.00000e-05
      485.220  1.00000e-05
      485.490  1.00000e-05
      485.750  1.00000e-05
      486.020  1.00000e-05
      486.290  1.00000e-05
      486.550  1.00000e-05
      486.820  1.00000e-05
      487.080  1.00000e-05
      487.350  1.00000e-05
      487.610  1.00000e-05
      487.880  1.00000e-05
      488.140  1.00000e-05
      488.410  1.00000e-05
      488.670  1.00000e-05
      488.940  1.00000e-05
      489.200  1.00000e-05
      489.470  1.00000e-05
      489.730  1.00000e-05
      490.000  1.00000e-05
      490.270  1.00000e-05
      490.530  1.00000e-05
      490.800  1.00000e-05
      491.060  1.00000e-05
      491.330  1.00000e-05
      491.590  1.00000e-05
      491.860  1.00000e-05
      492.120  1.00000e-05
      492.390  1.00000e-05
      492.650  1.00000e-05
      492.920  1.00000e-05
      493.180  1.00000e-05
      493.450  1.00000e-05
      493.710  1.00000e-05
      493.980  1.00000e-05
      494.250  1.00000e-05
      494.510  1.00000e-05
      494.780  1.00000e-05
      495.040  1.00000e-05
      495.310  1.00000e-05
      495.570  1.00000e-05
      495.840  1.00000e-05
      496.100  1.00000e-05
      496.370  1.00000e-05
      496.630  1.00000e-05
      496.900  1.00000e-05
      497.160  1.00000e-05
      497.430  1.00000e-05
      497.700  1.00000e-05
      497.960  1.00000e-05
      498.230  1.00000e-05
      498.490  1.00000e-05
      498.760  1.00000e-05
      499.020  1.00000e-05
      499.290  1.00000e-05
      499.550  1.00000e-05
      499.820  1.00000e-05
      500.080  1.00000e-05
      500.350  1.00000e-05
      500.610  1.00000e-05
      500.880  1.00000e-05
      501.140  1.00000e-05
      501.410  1.00000e-05
      501.680  1.00000e-05
      501.940  1.00000e-05
      502.210  1.00000e-05
      502.470  1.00000e-05
      502.740  1.00000e-05
      503.000  1.00000e-05
      503.270  1.00000e-05
      503.530  1.00000e-05
      503.800  1.00000e-05
      504.060  1.00000e-05
      504.330  1.00000e-05
      504.590  1.00000e-05
      504.860  1.00000e-05
      505.120  1.00000e-05
      505.390  1.00000e-05
      505.660  1.00000e-05
      505.920  1.00000e-05
      506.190  1.00000e-05
      506.450  1.00000e-05
      506.720  1.00000e-05
      506.980  1.00000e-05
      507.250  1.00000e-05
      507.510  1.00000e-05
      507.780  1.00000e-05
      508.040  1.00000e-05
      508.310  1.00000e-05
      508.570  1.00000e-05
      508.840  1.00000e-05
      509.100  1.00000e-05
      509.370  1.00000e-05
      509.640  1.00000e-05
      509.900  1.00000e-05
      510.170  1.00000e-05
      510.430  1.00000e-05
      510.700  1.00000e-05
      510.960  1.00000e-05
      511.230  0.000118455
      511.490  0.000124576
      511.760  0.000127137
      512.020  0.000124275
      512.290  0.000101864
      512.550  7.58207e-05
      512.820  7.49272e-05
      513.080  9.70803e-05
      513.350  0.000109626
      513.620  0.000101139
      513.880  8.53285e-05
      514.150  8.77702e-05
      514.410  8.85171e-05
      514.680  9.15565e-05
      514.940  8.22195e-05
      515.210  7.67367e-05
      515.470  6.45174e-05
      515.740  5.81020e-05
      516.000  6.00686e-05
      516.270  4.51460e-05
      516.530  3.26153e-05
      516.800  2.29653e-05
      517.060  4.87647e-05
      517.330  5.92416e-05
      517.600  7.58870e-05
      517.860  5.04722e-05
      518.130  6.01845e-05
      518.390  6.10466e-05
      518.660  9.23458e-05
      518.920  8.01136e-05
      519.190  0.000100410
      519.450  0.000305924
      519.720  0.000550837
      519.980  0.000620547
      520.250  0.000429116
      520.510  0.000189323
      520.780  9.45282e-05
      521.040  6.11000e-05
      521.310  5.54824e-05
      521.580  5.81327e-05
      521.840  7.00180e-05
      522.110  9.23944e-05
      522.370  6.61657e-05
      522.640  4.07081e-05
      522.900  2.21981e-05
      523.170  3.48426e-05
      523.430  4.57843e-05
      523.700  5.45983e-05
      523.960  5.71444e-05
      524.230  5.05043e-05
      524.490  3.89460e-05
      524.760  2.83389e-05
      525.030  4.30734e-05
      525.290  5.00378e-05
      525.560  5.86759e-05
      525.820  3.29140e-05
      526.090  1.00000e-05
      526.350  1.00000e-05
      526.620  1.00000e-05
      526.880  1.00000e-05
      527.150  3.29783e-05
      527.410  5.95000e-05
      527.680  6.60676e-05
      527.940  7.49426e-05
      528.210  4.93249e-05
      528.470  2.35845e-05
      528.740  1.00000e-05
      529.010  1.00000e-05
      529.270  2.05616e-05
      529.540  3.39727e-05
      529.800  3.66559e-05
      530.070  3.66676e-05
      530.330  2.67149e-05
      530.600  2.42955e-05
      530.860  5.39307e-05
      531.130  5.79200e-05
      531.390  5.45935e-05
      531.660  1.92714e-05
      531.920  1.18434e-05
      532.190  1.00000e-05
      532.450  2.08551e-05
      532.720  5.07875e-05
      532.990  8.89533e-05
      533.250  7.16019e-05
      533.520  3.75612e-05
      533.780  1.00000e-05
      534.050  1.00000e-05
      534.310  1.13585e-05
      534.580  1.67293e-05
      534.840  1.00000e-05
      535.110  1.00000e-05
      535.370  1.00000e-05
      535.640  1.00000e-05
      535.900  1.49279e-05
      536.170  1.17389e-05
      536.430  1.00000e-05
      536.700  1.00000e-05
      536.970  1.00000e-05
      537.230  1.00000e-05
      537.500  1.00000e-05
      537.760  1.00000e-05
      538.030  1.00000e-05
      538.290  1.00000e-05
      538.560  1.00000e-05
      538.820  1.00000e-05
      539.090  1.00000e-05
      539.350  1.00000e-05
      539.620  1.00000e-05
      539.880  1.00000e-05
      540.150  1.00000e-05
      540.410  1.00000e-05
      540.680  1.00000e-05
      540.950  1.00000e-05
      541.210  1.00000e-05
      541.480  1.00000e-05
      541.740  1.00000e-05
      542.010  1.00000e-05
      542.270  1.00000e-05
      542.540  1.00000e-05
      542.800  1.00000e-05
      543.070  1.00000e-05
      543.330  1.00000e-05
      543.600  1.00000e-05
      543.860  1.00000e-05
      544.130  1.00000e-05
      544.390  1.00000e-05
      544.660  1.00000e-05
      544.930  1.00000e-05
      545.190  1.00000e-05
      545.460  1.00000e-05
      545.720  1.00000e-05
      545.990  1.00000e-05
      546.250  1.00000e-05
      546.520  1.00000e-05
      546.780  1.00000e-05
      547.050  1.00000e-05
      547.310  1.00000e-05
      547.580  1.00000e-05
      547.840  1.00000e-05
      548.110  1.00000e-05
      548.370  1.00000e-05
      548.640  1.00000e-05
      548.910  1.00000e-05
      549.170  1.00000e-05
      549.440  1.03104e-05
      549.700  1.00000e-05
      549.970  1.00000e-05
      550.230  1.00000e-05
      550.500  1.00000e-05
      550.760  1.00000e-05
      551.030  1.00000e-05
      551.290  1.00000e-05
      551.560  1.00000e-05
      551.820  1.00000e-05
      552.090  1.00000e-05
      552.360  1.00000e-05
      552.620  1.00000e-05
      552.890  1.00000e-05
      553.150  1.00000e-05
      553.420  1.00000e-05
      553.680  1.00000e-05
      553.950  1.38512e-05
      554.210  5.17068e-05
      554.480  5.93923e-05
      554.740  4.81718e-05
      555.010  2.57723e-05
      555.270  1.29560e-05
      555.540  1.00000e-05
      555.800  1.00000e-05
      556.070  3.21312e-05
      556.340  5.18820e-05
      556.600  5.32953e-05
      556.870  7.53526e-05
      557.130  1.00000e-05
      557.400  1.00000e-05
      557.660  1.00000e-05
      557.930  1.00000e-05
      558.190  1.00000e-05
      558.460  0.000848055
      558.720  3.69041e-05
      558.990  2.60047e-05
      559.250  1.70873e-05
      559.520  1.00000e-05
      559.780  1.00000e-05
      560.050  2.73543e-05
      560.320  4.50513e-05
      560.580  5.47118e-05
      560.850  1.28392e-05
      561.110  1.00000e-05
      561.380  1.00000e-05
      561.640  1.00000e-05
      561.910  5.96846e-05
      562.170  7.98223e-05
      562.440  7.29259e-05
      562.700  2.72929e-05
      562.970  1.00000e-05
      563.230  1.00000e-05
      563.500  1.00000e-05
      563.760  1.00000e-05
      564.030  1.00000e-05
      564.300  1.00000e-05
      564.560  3.02861e-05
      564.830  2.66504e-05
      565.090  1.00000e-05
      565.360  1.00000e-05
      565.620  1.00000e-05
      565.890  1.00000e-05
      566.150  1.00000e-05
      566.420  1.27497e-05
      566.680  2.90985e-05
      566.950  1.89742e-05
      567.210  1.00000e-05
      567.480  1.00000e-05
      567.740  1.29871e-05
      568.010  1.00000e-05
      568.280  1.00000e-05
      568.540  1.00000e-05
      568.810  1.00000e-05
      569.070  1.00000e-05
      569.340  2.95879e-05
      569.600  5.06180e-05
      569.870  3.00341e-05
      570.130  2.82448e-05
      570.400  1.00000e-05
      570.660  1.00000e-05
      570.930  1.00000e-05
      571.190  1.00000e-05
      571.460  1.00000e-05
      571.720  2.52865e-05
      571.990  4.03039e-05
      572.260  4.60502e-05
      572.520  2.27987e-05
      572.790  1.94736e-05
      573.050  1.14430e-05
      573.320  1.38875e-05
      573.580  1.00000e-05
      573.850  1.00000e-05
      574.110  1.00000e-05
      574.380  1.39155e-05
      574.640  1.91496e-05
      574.910  1.00000e-05
      575.170  1.00000e-05
      575.440  1.00000e-05
      575.700  1.00000e-05
      575.970  1.00000e-05
      576.240  1.00000e-05
      576.500  1.00000e-05
      576.770  1.00000e-05
      577.030  1.00000e-05
      577.300  1.00000e-05
      577.560  1.00000e-05
      577.830  1.00000e-05
      578.090  1.00000e-05
      578.360  1.00000e-05
      578.620  1.00000e-05
      578.890  1.00000e-05
      579.150  1.00000e-05
      579.420  1.00000e-05
      579.680  1.00000e-05
      579.950  1.00000e-05
      580.220  1.74738e-05
      580.480  1.90829e-05
      580.750  1.00000e-05
      581.010  1.00000e-05
      581.280  1.00000e-05
      581.540  1.00000e-05
      581.810  2.98905e-05
      582.070  4.91966e-05
      582.340  5.50956e-05
      582.600  2.99207e-05
      582.870  2.77624e-05
      583.130  2.64636e-05
      583.400  2.61996e-05
      583.670  2.37098e-05
      583.930  4.87930e-05
      584.200  0.000195901
      584.460  0.000181708
      584.730  0.000162915
      584.990  1.93489e-05
      585.260  3.20883e-05
      585.520  1.45842e-05
      585.790  2.71469e-05
      586.050  8.86632e-05
      586.320  0.000227229
      586.580  0.000302586
      586.850  0.000288085
      587.110  0.000190634
      587.380  0.000154746
      587.650  0.000126548
      587.910  0.000124401
      588.180  0.000146397
      588.440  0.000958093
      588.710   0.00184650
      588.970   0.00256113
      589.240   0.00225087
      589.500   0.00166425
      589.770  0.000970984
      590.030  0.000492747
      590.300  0.000220082
      590.560  0.000186258
      590.830  0.000205606
      591.090  0.000261484
      591.360  0.000299724
      591.630  0.000287896
      591.890  0.000242637
      592.160  0.000202651
      592.420  0.000186165
      592.690  0.000213061
      592.950  0.000282427
      593.220  0.000352415
      593.480  0.000283994
      593.750  0.000170344
      594.010  9.01188e-05
      594.280  0.000123048
      594.540  0.000150240
      594.810  0.000210355
      595.070  0.000261000
      595.340  0.000264748
      595.610  0.000196796
      595.870  0.000105584
      596.140  7.48390e-05
      596.400  7.46382e-05
      596.670  0.000117347
      596.930  0.000159518
      597.200  0.000200313
      597.460  0.000233037
      597.730  0.000220734
      597.990  0.000171809
      598.260  0.000103718
      598.520  8.73150e-05
      598.790  0.000109337
      599.050  0.000102796
      599.320  8.74210e-05
      599.590  7.97346e-05
      599.850  9.15549e-05
      600.120  0.000118701
      600.380  0.000104514
      600.650  9.06786e-05
      600.910  5.30534e-05
      601.180  3.47658e-05
      601.440  1.58229e-05
      601.710  1.00000e-05
      601.970  1.00000e-05
      602.240  1.00000e-05
      602.500  1.00000e-05
      602.770  2.79110e-05
      603.030  3.57281e-05
      603.300  2.61427e-05
      603.570  1.35852e-05
      603.830  1.00000e-05
      604.100  1.00000e-05
      604.360  1.00000e-05
      604.630  1.00000e-05
      604.890  1.00000e-05
      605.160  1.00000e-05
      605.420  1.00000e-05
      605.690  1.00000e-05
      605.950  1.00000e-05
      606.220  1.00000e-05
      606.480  1.00000e-05
      606.750  1.00000e-05
      607.010  1.00000e-05
      607.280  1.00000e-05
      607.550  1.00000e-05
      607.810  1.00000e-05
      608.080  1.00000e-05
      608.340  1.00000e-05
      608.610  1.00000e-05
      608.870  1.00000e-05
      609.140  1.00000e-05
      609.400  1.00000e-05
      609.670  1.00000e-05
      609.930  1.00000e-05
      610.200  1.00000e-05
      610.460  1.00000e-05
      610.730  1.00000e-05
      611.000  1.00000e-05
      611.260  1.00000e-05
      611.530  1.00000e-05
      611.790  1.00000e-05
      612.060  1.00000e-05
      612.320  1.00000e-05
      612.590  1.00000e-05
      612.850  1.00000e-05
      613.120  1.00000e-05
      613.380  1.00000e-05
      613.650  1.00000e-05
      613.910  5.00310e-05
      614.180  2.63347e-05
      614.440  1.12765e-05
      614.710  1.00000e-05
      614.980  1.00000e-05
      615.240  1.00000e-05
      615.510  7.06288e-05
      615.770  7.68647e-05
      616.040  1.13569e-05
      616.300  1.00000e-05
      616.570  1.00000e-05
      616.830  5.93093e-05
      617.100  0.000548617
      617.360  0.000531970
      617.630  0.000496707
      617.890  1.00000e-05
      618.160  1.00000e-05
      618.420  1.00000e-05
      618.690  1.00000e-05
      618.960  1.00000e-05
      619.220  1.00000e-05
      619.490  1.00000e-05
      619.750  1.00000e-05
      620.020  1.76072e-05
      620.280  3.80267e-05
      620.550  1.00000e-05
      620.810  1.00000e-05
      621.080  1.00000e-05
      621.340  1.00000e-05
      621.610  2.10243e-05
      621.870  6.59998e-05
      622.140  6.51385e-05
      622.400  1.12483e-05
      622.670  1.00000e-05
      622.940  6.89761e-05
      623.200  0.000322759
      623.470  0.000528059
      623.730  0.000575105
      624.000  0.000412017
      624.260  0.000248415
      624.530  9.79393e-05
      624.790  2.32837e-05
      625.060  3.82953e-05
      625.320  0.000196569
      625.590  0.000378544
      625.850  0.000432844
      626.120  0.000346880
      626.380  0.000231602
      626.650  0.000162559
      626.920  0.000113510
      627.180  7.48574e-05
      627.450  6.76469e-05
      627.710  7.76380e-05
      627.980  9.86193e-05
      628.240  0.000173217
      628.510  0.000302647
      628.770  0.000352133
      629.040  0.000342924
      629.300  1.00000e-05
      629.570  1.00000e-05
      629.830  1.00000e-05
      630.100  1.00000e-05
      630.360  1.00000e-05
      630.630  1.00000e-05
      630.900  0.000318283
      631.160  0.000138320
      631.430  1.09400e-05
      631.690  7.29882e-05
      631.960  0.000169968
      632.220  0.000185399
      632.490  0.000276556
      632.750  0.000327499
      633.020  0.000409517
      633.280  0.000253341
      633.550  8.45155e-05
      633.810  1.00000e-05
      634.080  1.00000e-05
      634.340  1.39748e-05
      634.610  4.97596e-05
      634.880  9.43361e-05
      635.140  0.000155082
      635.410  0.000265522
      635.670  1.00000e-05
      635.940  1.00000e-05
      636.200  1.00000e-05
      636.470  1.00000e-05
      636.730  1.00000e-05
      637.000  1.00000e-05
      637.260  1.00000e-05
      637.530  1.00000e-05
      637.790  2.85954e-05
      638.060  5.10288e-05
      638.330  7.50106e-05
      638.590  7.79774e-05
      638.860  4.33876e-05
      639.120  1.00000e-05
      639.390  1.00000e-05
      639.650  1.00000e-05
      639.920  1.00000e-05
      640.180  1.00000e-05
      640.450  1.00000e-05
      640.710  1.00000e-05
      640.980  1.00000e-05
      641.240  1.00000e-05
      641.510  1.00000e-05
      641.770  1.00000e-05
      642.040  1.00000e-05
      642.310  1.00000e-05
      642.570  1.00000e-05
      642.840  1.00000e-05
      643.100  1.00000e-05
      643.370  1.00000e-05
      643.630  1.00000e-05
      643.900  1.00000e-05
      644.160  1.00000e-05
      644.430  1.00000e-05
      644.690  1.00000e-05
      644.960  1.00000e-05
      645.220  1.00000e-05
      645.490  2.07438e-05
      645.750  3.17764e-05
      646.020  0.000123616
      646.290  0.000261957
      646.550  0.000385939
      646.820  0.000369146
      647.080  0.000252058
      647.350  0.000137707
      647.610  3.50176e-05
      647.880  1.60844e-05
      648.140  1.00000e-05
      648.410  1.00000e-05
      648.670  1.00000e-05
      648.940  1.00000e-05
      649.200  1.00000e-05
      649.470  1.00000e-05
      649.730  1.00000e-05
      650.000  1.00000e-05
      650.270  1.58339e-05
      650.530  1.00000e-05
      650.800  1.00000e-05
      651.060  1.00000e-05
      651.330  1.00000e-05
      651.590  1.00000e-05
      651.860  1.00000e-05
      652.120  1.00000e-05
      652.390  1.00000e-05
      652.650  1.00000e-05
      652.920  1.00000e-05
      653.180  1.00000e-05
      653.450  1.00000e-05
      653.710  1.00000e-05
      653.980  1.00000e-05
      654.250  1.00000e-05
      654.510  1.00000e-05
      654.780  1.00000e-05
      655.040  7.49067e-05
      655.310  8.96148e-05
      655.570  8.99587e-05
      655.840  1.00000e-05
      656.100  1.00000e-05
      656.370  1.00000e-05
      656.630  6.66960e-05
      656.900  8.22880e-05
      657.160  9.34430e-05
      657.430  3.64587e-05
      657.690  2.16243e-05
      657.960  2.17111e-05
      658.230  1.00000e-05
      658.490  1.00000e-05
      658.760  1.00000e-05
      659.020  1.00000e-05
      659.290  1.00000e-05
      659.550  1.00000e-05
      659.820  1.00000e-05
      660.080  1.00000e-05
      660.350  1.00000e-05
      660.610  1.00000e-05
      660.880  1.00000e-05
      661.140  1.00000e-05
      661.410  1.00000e-05
      661.670  1.00000e-05
      661.940  1.00000e-05
      662.210  1.00000e-05
      662.470  1.00000e-05
      662.740  3.71584e-05
      663.000  3.60311e-05
      663.270  1.24554e-05
      663.530  1.00000e-05
      663.800  1.00000e-05
      664.060  1.00000e-05
      664.330  1.00000e-05
      664.590  1.00000e-05
      664.860  1.00000e-05
      665.120  1.00000e-05
      665.390  1.00000e-05
      665.660  1.00000e-05
      665.920  1.00000e-05
      666.190  1.00000e-05
      666.450  1.00000e-05
      666.720  1.00000e-05
      666.980  1.00000e-05
      667.250  1.00000e-05
      667.510  1.00000e-05
      667.780  1.00000e-05
      668.040  1.00000e-05
      668.310  1.00000e-05
      668.570  1.00000e-05
      668.840  1.00000e-05
      669.100  1.00000e-05
      669.370  1.00000e-05
      669.640  1.63282e-05
      669.900  2.12088e-05
      670.170  2.19228e-05
      670.430  3.02296e-05
      670.700  5.71819e-05
      670.960  9.98977e-05
      671.230  9.37290e-05
      671.490  8.72531e-05
      671.760  6.94846e-05
      672.020  6.01967e-05
      672.290  5.56923e-05
      672.550  3.97286e-05
      672.820  3.62774e-05
      673.080  2.04827e-05
      673.350  6.15976e-05
      673.620  6.25965e-05
      673.880  6.35810e-05
      674.150  2.05250e-05
      674.410  2.36026e-05
      674.680  2.61008e-05
      674.940  2.70993e-05
      675.210  2.64856e-05
      675.470  3.02972e-05
      675.740  2.95356e-05
      676.000  3.52683e-05
      676.270  3.48017e-05
      676.530  3.53555e-05
      676.800  4.92228e-05
      677.060  7.38466e-05
      677.330  7.49911e-05
      677.600  6.06405e-05
      677.860  3.52223e-05
      678.130  3.59408e-05
      678.390  3.42848e-05
      678.660  3.54471e-05
      678.920  6.67870e-05
      679.190  6.80836e-05
      679.450  7.48096e-05
      679.720  7.37489e-05
      679.980  7.44388e-05
      680.250  6.94114e-05
      680.510  4.20364e-05
      680.780  4.30488e-05
      681.040  4.40456e-05
      681.310  4.50570e-05
      681.580  4.60694e-05
      681.840  4.70653e-05
      682.110  4.80755e-05
      682.370  4.90714e-05
      682.640  7.82078e-05
      682.900  8.66604e-05
      683.170  0.000585632
      683.430  0.000558620
      683.700  0.000552266
      683.960  7.65772e-05
      684.230  7.75772e-05
      684.490  7.85628e-05
      684.760  5.80958e-05
      685.020  5.89424e-05
      685.290  5.99502e-05
      685.560  6.09581e-05
      685.820  6.19494e-05
      686.090  0.000794784
      686.350  0.000796232
      686.620  0.000797677
      686.880  8.13771e-05
      687.150  8.23777e-05
      687.410  8.32166e-05
      687.680  6.86561e-05
      687.940  9.58108e-05
      688.210  9.68062e-05
      688.470  9.93828e-05
      688.740  7.40969e-05
      689.000  7.95834e-05
      689.270  7.89895e-05
      689.540  8.41963e-05
      689.800  0.000456009
      690.070  0.000457442
      690.330  0.000462350
      690.600  8.68600e-05
      690.860  8.78429e-05
      691.130  8.11733e-05
      691.390  8.21592e-05
      691.660  0.000100799
      691.920  0.000101778
      692.190  0.000102771
      692.450  8.58423e-05
      692.720  8.68419e-05
      692.990  8.76965e-05
      693.250  0.000100798
      693.520  0.000114913
      693.780  0.000135057
      694.050  0.000126096
      694.310  0.000115976
      694.580  9.75277e-05
      694.840  0.000116354
      695.110  0.000124536
      695.370  0.000153261
      695.640  0.000175798
      695.900  0.000190688
      696.170  0.000170819
      696.430  0.000134296
      696.700  0.000202451
      696.970  0.000210868
      697.230  0.000223136
      697.500  0.000139353
      697.760  0.000127133
      698.030  0.000112358
      698.290  0.000107032
      698.560  0.000117902
      698.820  0.000122166
      699.090  0.000123009
      699.350  0.000124123
      699.620  0.000127683
      699.880  0.000146511
      700.150  0.000140919
      700.410  0.000135744
      700.680  0.000118600
      700.950  0.000114452
      701.210  0.000115284
      701.480  0.000116130
      701.740  0.000116961
      702.010  0.000117665
      702.270  0.000118495
      702.540  0.000119910
      702.800  0.000125435
      703.070  0.000128412
      703.330  0.000128527
      703.600  0.000130791
      703.860  0.000189725
      704.130  0.000211846
      704.390  0.000206963
      704.660  0.000149591
      704.930  0.000146028
      705.190  0.000146422
      705.460  0.000145273
      705.720  0.000146944
      705.990  0.000165625
      706.250  0.000166439
      706.520  0.000153821
      706.780  0.000171333
      707.050  0.000200587
      707.310  0.000197004
      707.580  0.000177045
      707.840  0.000161749
      708.110  0.000162719
      708.370  0.000149840
      708.640  0.000138538
      708.910  0.000139799
      709.170  0.000140621
      709.440  0.000150481
      709.700  0.000152989
      709.970  0.000153822
      710.230  0.000145065
      710.500  0.000184325
      710.760  0.000199904
      711.030  0.000200999
      711.290  0.000161169
      711.560  0.000147242
      711.820  0.000147921
      712.090  0.000148755
      712.350  0.000149433
      712.620  0.000150408
      712.890  0.000159097
      713.150  0.000160052
      713.420  0.000160881
      713.680  0.000168000
      713.950  0.000168827
      714.210  0.000169778
      714.480  0.000156188
      714.740  0.000157003
      715.010  0.000157834
      715.270  0.000162983
      715.540  0.000176249
      715.800  0.000177196
      716.070  0.000173690
      716.330  0.000168356
      716.600  0.000169321
      716.870  0.000170148
      717.130  0.000164683
      717.400  0.000165509
      717.660  0.000171338
      717.930  0.000172161
      718.190  0.000172970
      718.460  0.000168923
      718.720  0.000169871
      718.990  0.000170696
      719.250  0.000171505
      719.520  0.000172468
      719.780  0.000173276
      720.050  0.000174238
      720.320  0.000175199
      720.580  0.000176146
      720.850  0.000177105
      721.110  0.000177912
      721.380  0.000178871
      721.640  0.000179816
      721.910  0.000180774
      722.170  0.000184763
      722.440  0.000185719
      722.700  0.000189704
      722.970  0.000187615
      723.230  0.000188554
      723.500  0.000186468
      723.760  0.000345748
      724.030  0.000347058
      724.300  0.000481596
      724.560  0.000340691
      724.830  0.000345727
      725.090  0.000212832
      725.360  0.000202609
      725.620  0.000199545
      725.890  0.000200494
      726.150  0.000195781
      726.420  0.000196731
      726.680  0.000208949
      726.950  0.000209894
      727.210  0.000339946
      727.480  0.000329845
      727.740  0.000331005
      728.010  0.000202372
      728.280  0.000211969
      728.540  0.000213034
      728.810  0.000217131
      729.070  0.000211884
      729.340  0.000459762
      729.600  0.000457856
      729.870  0.000456656
      730.130  0.000247667
      730.400  0.000249553
      730.660  0.000250465
      730.930  0.000250298
      731.190  0.000250525
      731.460  0.000289457
      731.720  0.000299102
      731.990  0.000300145
      732.260  0.000263087
      732.520  0.000218261
      732.790  0.000224246
      733.050  0.000225030
      733.320  0.000226100
      733.580  0.000221975
      733.850   0.00259655
      734.110   0.00261884
      734.380   0.00262270
      734.640  0.000251407
      734.910  0.000235184
      735.170  0.000236099
      735.440  0.000249808
      735.700  0.000249492
      735.970  0.000258023
      736.240  0.000238840
      736.500  0.000248035
      736.770  0.000241221
      737.030  0.000268995
      737.300  0.000265297
      737.560  0.000291010
      737.830  0.000270908
      738.090  0.000298904
      738.360  0.000275157
      738.620  0.000271180
      738.890  0.000242046
      739.150  0.000242684
      739.420  0.000242794
      739.680  0.000249380
      739.950  0.000260704
      740.220  0.000262024
      740.480  0.000257521
      740.750  0.000261001
      741.010  0.000311563
      741.280  0.000314751
      741.540  0.000344625
      741.810  0.000295225
      742.070  0.000304871
      742.340  0.000263603
      742.600  0.000296146
      742.870  0.000284794
      743.130  0.000296449
      743.400  0.000265601
      743.660  0.000288415
      743.930  0.000285014
      744.200  0.000289274
      744.460  0.000268265
      744.730  0.000269038
      744.990  0.000284696
      745.260  0.000285597
      745.520  0.000282057
      745.790  0.000283226
      746.050  0.000286793
      746.320  0.000303234
      746.580  0.000301033
      746.850  0.000553784
      747.110  0.000594463
      747.380  0.000580797
      747.640  0.000460666
      747.910  0.000423259
      748.180  0.000452442
      748.440  0.000322728
      748.710  0.000313729
      748.970  0.000285494
      749.240  0.000287724
      749.500  0.000298879
      749.770  0.000324444
      750.030  0.000342645
      750.300  0.000325792
      750.560  0.000325060
      750.830  0.000419304
      751.090  0.000423466
      751.360  0.000472355
      751.630  0.000365815
      751.890  0.000367065
      752.160  0.000803339
      752.420  0.000803779
      752.690  0.000814314
      752.950  0.000344857
      753.220  0.000367765
      753.480  0.000365959
      753.750  0.000403173
      754.010  0.000398173
      754.280  0.000390936
      754.540  0.000319148
      754.810  0.000330757
      755.070  0.000381943
      755.340  0.000393918
      755.610  0.000363402
      755.870  0.000319003
      756.140  0.000333368
      756.400  0.000350884
      756.670  0.000346064
      756.930   0.00118226
      757.200   0.00127937
      757.460   0.00127845
      757.730  0.000423531
      757.990  0.000318814
      758.260  0.000330237
      758.520  0.000325951
      758.790  0.000318254
      759.050  0.000315029
      759.320  0.000316034
      759.590  0.000574938
      759.850  0.000569916
      760.120  0.000570827
      760.380  0.000314100
      760.650  0.000315234
      760.910  0.000316223
      761.180  0.000328128
      761.440  0.000329244
      761.710  0.000345338
      761.970  0.000360620
      762.240  0.000361603
      762.500  0.000349984
      762.770  0.000326193
      763.030  0.000337005
      763.300  0.000335899
      763.570  0.000338984
      763.830  0.000330404
      764.100  0.000331527
      764.360  0.000368221
      764.630  0.000369460
      764.890  0.000370555
      765.160  0.000334023
      765.420  0.000335130
      765.690  0.000336378
      765.950  0.000600028
      766.220  0.000601318
      766.480  0.000602464
      766.750  0.000340947
      767.010  0.000347263
      767.280  0.000348505
      767.550  0.000349615
      767.810  0.000349149
      768.080  0.000350258
      768.340  0.000352786
      768.610  0.000350380
      768.870  0.000383079
      769.140  0.000383004
      769.400  0.000384218
      769.670  0.000400252
      769.930  0.000408342
      770.200  0.000409426
      770.460  0.000403360
      770.730  0.000423518
      770.990   0.00273435
      771.260   0.00317337
      771.530   0.00364087
      771.790   0.00138013
      772.060  0.000927408
      772.320  0.000910053
      772.590  0.000864620
      772.850  0.000851164
      773.120  0.000411023
      773.380  0.000412219
      773.650  0.000403988
      773.910  0.000378051
      774.180  0.000379268
      774.440  0.000384991
      774.710  0.000404405
      774.970  0.000430762
      775.240  0.000427444
      775.510  0.000405301
      775.770  0.000417321
      776.040  0.000418521
      776.300  0.000421254
      776.570  0.000386395
      776.830  0.000387720
      777.100  0.000470127
      777.360  0.000471424
      777.630  0.000472601
      777.890  0.000391236
      778.160  0.000398352
      778.420  0.000437953
      778.690  0.000453265
      778.960  0.000501432
      779.220  0.000468706
      779.490  0.000455769
      779.750  0.000404484
      780.020  0.000422730
      780.280  0.000423908
      780.550  0.000896947
      780.810  0.000876315
      781.080  0.000877215
      781.340  0.000434263
      781.610  0.000498136
      781.870   0.00543272
      782.140   0.00540276
      782.400   0.00533710
      782.670  0.000422638
      782.940  0.000423949
      783.200  0.000425120
      783.470  0.000418771
      783.730  0.000420070
      784.000  0.000421506
      784.260  0.000421657
      784.530  0.000423092
      784.790  0.000431651
      785.060   0.00405382
      785.320   0.00405175
      785.590   0.00404252
      785.850  0.000429581
      786.120  0.000430882
      786.380  0.000432172
      786.650  0.000433471
      786.920  0.000434896
      787.180  0.000436183
      787.450  0.000437479
      787.710  0.000438890
      787.980  0.000440184
      788.240  0.000441593
      788.510  0.000453918
      788.770  0.000567648
      789.040  0.000569021
      789.300  0.000559363
      789.570  0.000448526
      789.830  0.000449928
      790.100  0.000451339
      790.360  0.000452740
      790.630  0.000454149
      790.900  0.000457832
      791.160  0.000459228
      791.430  0.000460634
      791.690  0.000500679
      791.960  0.000502195
      792.220  0.000503574
      792.490  0.000464077
      792.750  0.000497129
      793.020  0.000498517
      793.280  0.000499894
      793.550  0.000469776
      793.810  0.000471162
      794.080  0.000473438
      794.340  0.000521527
      794.610  0.000555245
      794.880  0.000555854
      795.140  0.000517089
      795.410  0.000486406
      795.670  0.000487907
      795.940  0.000482883
      796.200   0.00382148
      796.470   0.00382274
      796.730   0.00382415
      797.000  0.000488898
      797.260  0.000496290
      797.530  0.000497793
      797.790  0.000499285
      798.060  0.000495021
      798.320  0.000496636
      798.590  0.000498136
      798.860  0.000510900
      799.120  0.000544545
      799.390  0.000546151
      799.650  0.000536367
      799.920  0.000507596
      800.180  0.000515077
      800.450  0.000516690
      800.710  0.000516670
      800.980  0.000512412
      801.240  0.000599758
      801.510  0.000601464
      801.770  0.000743230
      802.040  0.000670074
      802.300   0.00257528
      802.570   0.00256497
      802.840   0.00255891
      803.100  0.000657094
      803.370  0.000534552
      803.630  0.000545847
      803.900  0.000541593
      804.160  0.000541811
      804.430  0.000533706
      804.690  0.000583759
      804.960  0.000860009
      805.220  0.000878126
      805.490  0.000856633
      805.750  0.000625788
      806.020  0.000611594
      806.290  0.000603107
      806.550  0.000598218
      806.820  0.000639446
      807.080  0.000626249
      807.350  0.000622231
      807.610  0.000623403
      807.880  0.000675464
      808.140  0.000761264
      808.410  0.000726034
      808.670  0.000677464
      808.940  0.000564649
      809.200  0.000568314
      809.470  0.000588413
      809.730  0.000590461
      810.000  0.000998321
      810.270  0.000981597
      810.530   0.00102929
      810.800  0.000627397
      811.060  0.000648291
      811.330  0.000611990
      811.590  0.000624127
      811.860  0.000634419
      812.120  0.000631151
      812.390  0.000674782
      812.650  0.000658093
      812.920  0.000688772
      813.180  0.000639252
      813.450  0.000642260
      813.710  0.000646119
      813.980  0.000659326
      814.250  0.000662072
      814.510  0.000704479
      814.780  0.000941634
      815.040  0.000939010
      815.310  0.000899714
      815.570  0.000684869
      815.840  0.000679511
      816.100  0.000651615
      816.370  0.000745616
      816.630  0.000805878
      816.900  0.000846759
      817.160  0.000724370
      817.430  0.000670199
      817.690  0.000650549
      817.960  0.000655617
      818.230  0.000658594
      818.490  0.000783862
      818.760  0.000817698
      819.020  0.000855905
      819.290  0.000833430
      819.550  0.000793876
      819.820  0.000755579
      820.080  0.000637307
      820.350  0.000639066
      820.610  0.000664090
      820.880  0.000691181
      821.140  0.000704843
      821.410  0.000686493
      821.670  0.000671304
      821.940  0.000694093
      822.210  0.000699721
      822.470  0.000707400
      822.740  0.000708527
      823.000  0.000704776
      823.270  0.000718041
      823.530  0.000689158
      823.800  0.000688943
      824.060  0.000662998
      824.330  0.000721272
      824.590  0.000726016
      824.860  0.000757918
      825.120  0.000701082
      825.390  0.000731513
      825.650  0.000759505
      825.920  0.000826095
      826.190  0.000891564
      826.450  0.000855224
      826.720  0.000792292
      826.980  0.000748751
      827.250  0.000732078
      827.510  0.000986586
      827.780  0.000938191
      828.040  0.000940308
      828.310  0.000700852
      828.570   0.00422815
      828.840   0.00430761
      829.100   0.00432037
      829.370   0.00155266
      829.630   0.00332668
      829.900   0.00335067
      830.170   0.00258830
      830.430  0.000786243
      830.700  0.000750852
      830.960  0.000752772
      831.230  0.000735929
      831.490  0.000807489
      831.760  0.000809515
      832.020  0.000784733
      832.290  0.000716838
      832.550  0.000718525
      832.820  0.000720459
      833.080  0.000722384
      833.350  0.000724317
      833.620  0.000763789
      833.880  0.000834773
      834.150   0.00187568
      834.410   0.00185843
      834.680   0.00190228
      834.940  0.000864118
      835.210  0.000865396
      835.470  0.000756906
      835.740  0.000769823
      836.000  0.000754983
      836.270  0.000833418
      836.530  0.000824777
      836.800  0.000827021
      837.060  0.000780758
      837.330  0.000782892
      837.600  0.000786094
      837.860  0.000759939
      838.130  0.000868141
      838.390  0.000873225
      838.660  0.000875565
      838.920  0.000771218
      839.190  0.000772157
      839.450  0.000802039
      839.720  0.000860727
      839.980  0.000860197
      840.250  0.000834574
      840.510  0.000960883
      840.780   0.00103538
      841.040   0.00104004
      841.310  0.000943411
      841.580  0.000887495
      841.840  0.000923311
      842.110  0.000920164
      842.370  0.000984079
      842.640   0.00107810
      842.900   0.00101783
      843.170   0.00104679
      843.430  0.000950537
      843.700  0.000948206
      843.960  0.000852147
      844.230  0.000825805
      844.490  0.000820675
      844.760  0.000819222
      845.020  0.000854441
      845.290  0.000855696
      845.560  0.000858251
      845.820  0.000827698
      846.090  0.000830142
      846.350  0.000832578
      846.620  0.000876950
      846.880  0.000880545
      847.150  0.000882966
      847.410  0.000843380
      847.680  0.000844740
      847.940  0.000847173
      848.210  0.000849712
      848.470  0.000852133
      848.740  0.000854681
      849.000  0.000867111
      849.270  0.000869647
      849.540  0.000942683
      849.800  0.000935421
      850.070  0.000958876
      850.330  0.000922684
      850.600  0.000928487
      850.860  0.000910303
      851.130  0.000937605
      851.390  0.000939400
      851.660  0.000945541
      851.920  0.000931255
      852.190  0.000978585
      852.450  0.000977668
      852.720  0.000940396
      852.980  0.000895648
      853.250  0.000898265
      853.520  0.000901011
      853.780  0.000903631
      854.050  0.000906247
      854.310  0.000908866
      854.580   0.00141641
      854.840   0.00141934
      855.110   0.00142225
      855.370  0.000919197
      855.640  0.000921918
      855.900  0.000924524
      856.170  0.000927244
      856.430  0.000929959
      856.700  0.000932678
      856.960  0.000935391
      857.230  0.000938099
      857.500  0.000940817
      857.760  0.000943518
      858.030  0.000946345
      858.290  0.000949045
      858.560   0.00116746
      858.820   0.00117044
      859.090   0.00117342
      859.350   0.00100650
      859.620   0.00100930
      859.880   0.00101209
      860.150  0.000968502
      860.410  0.000971298
      860.680  0.000974108
      860.950  0.000976908
      861.210  0.000979822
      861.480  0.000982611
      861.740  0.000997363
      862.010   0.00102935
      862.270   0.00102935
      862.540   0.00102935
      862.800   0.00102935
      863.070   0.00102935
      863.330   0.00102935
      863.600   0.00102935
      863.860   0.00102935
      864.130   0.00102935
      864.390   0.00102935
      864.660   0.00102935
      864.930   0.00102935
      865.190   0.00102935
      865.460   0.00102935
      865.720   0.00102935
      865.990   0.00102935
      866.250   0.00102935
      866.520   0.00102935
      866.780   0.00102935
      867.050   0.00102935
      867.310   0.00102935
      867.580   0.00102935
      867.840   0.00102935
      868.110   0.00102935
      868.370   0.00102935
      868.640   0.00106135
      868.910   0.00117733
      869.170   0.00118049
      869.440   0.00118377
      869.700   0.00108045
      869.970   0.00108352
      870.230   0.00108637
      870.500   0.00108494
      870.760   0.00108813
      871.030   0.00109120
      871.290   0.00109173
      871.560   0.00109479
      871.820   0.00109786
      872.090   0.00110102
      872.350   0.00110419
      872.620   0.00110736
      872.890   0.00111052
      873.150   0.00111368
      873.420   0.00111684
      873.680   0.00112000
      873.950   0.00112327
      874.210   0.00120386
      874.480   0.00120721
      874.740   0.00126362
      875.010   0.00119347
      875.270   0.00119682
      875.540   0.00126230
      875.800   0.00185470
      876.070   0.00189015
      876.330   0.00370939
      876.600   0.00322668
      876.870   0.00319769
      877.130   0.00127006
      877.400   0.00116784
      877.660   0.00117130
      877.930   0.00117443
      878.190   0.00118004
      878.460   0.00121811
      878.720   0.00122144
      878.990   0.00121976
      879.250   0.00118806
      879.520   0.00119139
      879.780   0.00119472
      880.050   0.00119794
      880.310   0.00120149
      880.580   0.00120493
      880.850   0.00120826
      881.110   0.00121169
      881.380   0.00121512
      881.640   0.00121856
      881.910   0.00122198
      882.170   0.00126100
      882.440    0.0158886
      882.700    0.0159197
      882.970    0.0159217
      883.230   0.00125889
      883.500   0.00128890
      883.760   0.00127883
      884.030   0.00128245
      884.290   0.00125317
      884.560   0.00125668
      884.830   0.00131015
      885.090   0.00131398
      885.360   0.00131736
      885.620   0.00127072
      885.890   0.00127377
      886.150   0.00127739
      886.420   0.00140531
      886.680   0.00140900
      886.950   0.00141269
      887.210   0.00129171
      887.480   0.00129531
      887.740   0.00129891
      888.010   0.00130239
      888.270   0.00420252
      888.540   0.00421063
      888.810   0.00421885
      889.070   0.00131709
      889.340   0.00132067
      889.600   0.00132437
      889.870   0.00132806
      890.130   0.00133501
      890.400   0.00133869
      890.660   0.00134249
      890.930   0.00134291
      891.190   0.00134659
      891.460   0.00135038
      891.720   0.00193429
      891.990   0.00193901
      892.260   0.00194373
      892.520   0.00136540
      892.790   0.00136917
      893.050   0.00137273
      893.320   0.00137638
      893.580   0.00138004
      893.850   0.00138380
      894.110   0.00267141
      894.380   0.00267747
      894.640   0.00268354
      894.910   0.00142488
      895.170   0.00142884
      895.440   0.00143281
      895.700   0.00142583
      895.970   0.00142980
      896.240   0.00143375
      896.500   0.00142243
      896.770   0.00142639
      897.030   0.00143035
      897.300   0.00148446
      897.560   0.00149609
      897.830   0.00164648
      898.090   0.00160838
      898.360   0.00160560
      898.620   0.00147997
      898.890   0.00147578
      899.150   0.00147927
      899.420   0.00146607
      899.680   0.00147012
      899.950   0.00152770
      900.220   0.00155883
      900.480   0.00156317
      900.750   0.00151300
      901.010   0.00155521
      901.280   0.00156565
      901.540   0.00156999
      901.810   0.00151266
      902.070   0.00151091
      902.340   0.00151514
      902.600   0.00161012
      902.870   0.00161476
      903.130   0.00164177
      903.400   0.00157091
      903.660   0.00167826
      903.930   0.00166031
      904.200   0.00178646
      904.460   0.00169752
      904.730   0.00275791
      904.990   0.00265360
      905.260   0.00269702
      905.520   0.00163797
      905.790   0.00161256
      906.050   0.00157194
      906.320   0.00157634
      906.580   0.00158077
      906.850   0.00158517
      907.110   0.00158958
      907.380   0.00159397
      907.640   0.00159849
      907.910   0.00160299
      908.180   0.00171727
      908.440   0.00172186
      908.710   0.00178530
      908.970   0.00226832
      909.240   0.00230208
      909.500   0.00224965
      909.770   0.00168381
      910.030   0.00198223
      910.300   0.00198825
      910.560   0.00197100
      910.830   0.00165204
      911.090   0.00168363
      911.360   0.00170247
      911.620   0.00170725
      911.890   0.00168472
      912.160   0.00174014
      912.420   0.00193475
      912.690   0.00194033
      912.950   0.00188019
      913.220   0.00174442
      913.480   0.00174929
      913.750   0.00177341
      914.010   0.00180453
      914.280   0.00181495
      914.540   0.00185227
      914.810   0.00178298
      915.070   0.00186553
      915.340   0.00181856
      915.600   0.00190094
      915.870   0.00553716
      916.140   0.00574086
      916.400   0.00568489
      916.670   0.00193858
      916.930   0.00180466
      917.200   0.00180828
      917.460   0.00183665
      917.730   0.00189713
      917.990   0.00193984
      918.260   0.00205766
      918.520   0.00222223
      918.790   0.00228776
      919.050   0.00216623
      919.320   0.00195925
      919.590   0.00204536
      919.850   0.00212805
      920.000   0.00323740
      920.500   0.00326484
      921.000   0.00325609
      921.500   0.00323553
      922.000   0.00323267
      922.500   0.00325214
      923.000   0.00325024
      923.500   0.00323123
      924.000   0.00321311
      924.500   0.00320215
      925.000   0.00319737
      925.500   0.00320814
      926.000   0.00320962
      926.500   0.00320796
      927.000   0.00321450
      927.500   0.00317661
      928.000   0.00310622
      928.500   0.00307920
      929.000   0.00307298
      929.500   0.00302416
      930.000   0.00300991
      930.500   0.00404920
      931.000   0.00613549
      931.500   0.00671014
      932.000   0.00514127
      932.500   0.00544270
      933.000   0.00418882
      933.500   0.00301481
      934.000   0.00303530
      934.500   0.00247858
      935.000   0.00236703
      935.500   0.00237352
      936.000   0.00226270
      936.500   0.00241882
      937.000   0.00302868
      937.500   0.00569474
      938.000   0.00753951
      938.500   0.00569846
      939.000   0.00473936
      939.500   0.00398189
      940.000   0.00339844
      940.500   0.00369375
      941.000   0.00318343
      941.500   0.00310659
      942.000   0.00384383
      942.500   0.00380013
      943.000   0.00275659
      943.500   0.00367302
      944.000   0.00530681
      944.500   0.00459075
      945.000   0.00351481
      945.500   0.00332102
      946.000   0.00380492
      946.500   0.00331884
      947.000   0.00290116
      947.500   0.00504911
      948.000   0.00707126
      948.500   0.00443108
      949.000   0.00274721
      949.500   0.00257654
      950.000   0.00294152
      950.500   0.00367404
      951.000   0.00348127
      951.500   0.00394862
      952.000   0.00516904
      952.500   0.00458587
      953.000   0.00317740
      953.500   0.00273337
      954.000   0.00269401
      954.500   0.00258700
      955.000   0.00303624
      955.500   0.00346816
      956.000   0.00305296
      956.500   0.00357224
      957.000   0.00438417
      957.500   0.00372183
      958.000   0.00276301
      958.500   0.00266110
      959.000   0.00259048
      959.500   0.00256694
      960.000   0.00269550
      960.500   0.00295813
      961.000   0.00319477
      961.500   0.00312718
      962.000   0.00329623
      962.500   0.00348496
      963.000   0.00312874
      963.500   0.00281595
      964.000   0.00272237
      964.500   0.00270748
      965.000   0.00278078
      965.500   0.00292941
      966.000   0.00298441
      966.500   0.00314064
      967.000   0.00349381
      967.500   0.00350585
      968.000   0.00398646
      968.500   0.00457478
      969.000   0.00408201
      969.500   0.00435725
      970.000   0.00542591
      970.500   0.00476694
      971.000   0.00398651
      971.500   0.00490621
      972.000   0.00606694
      972.500   0.00551511
      973.000   0.00373662
      973.500   0.00345588
      974.000   0.00407760
      974.500   0.00355296
      975.000   0.00293808
      975.500   0.00282953
      976.000   0.00278462
      976.500   0.00280599
      977.000   0.00285407
      977.500   0.00287018
      978.000   0.00284250
      978.500   0.00384981
      979.000   0.00915016
      979.500    0.0133123
      980.000   0.00983535
      980.500   0.00541765
      981.000   0.00425624
      981.500   0.00398414
      982.000   0.00339888
      982.500   0.00301615
      983.000   0.00313502
      983.500   0.00301523
      984.000   0.00288247
      984.500   0.00377085
      985.000   0.00488220
      985.500   0.00409205
      986.000   0.00302158
      986.500   0.00295757
      987.000   0.00637374
      987.500   0.00984495
      988.000   0.00626903
      988.500   0.00290051
      989.000   0.00350829
      989.500   0.00481926
      990.000   0.00476991
      990.500   0.00345508
      991.000   0.00475369
      991.500   0.00843908
      992.000   0.00814274
      992.500   0.00446795
      993.000   0.00282053
      993.500   0.00289203
      994.000   0.00477513
      994.500   0.00931596
      995.000    0.0104271
      995.500   0.00805656
      996.000   0.00951430
      996.500   0.00947344
      997.000   0.00558519
      997.500   0.00390603
      998.000   0.00336924
      998.500   0.00282768
      999.000   0.00278956
      999.500   0.00299530
      1000.00   0.00350084
      1000.50   0.00362766
      1001.00   0.00753168
      1001.50    0.0123428
      1002.00   0.00868720
      1002.50   0.00534704
      1003.00   0.00535208
      1003.50   0.00381073
      1004.00   0.00331952
      1004.50   0.00385069
      1005.00   0.00340542
      1005.50   0.00314180
      1006.00   0.00401819
      1006.50   0.00464364
      1007.00   0.00421147
      1007.50   0.00362409
      1008.00   0.00545088
      1008.50   0.00773418
      1009.00   0.00526872
      1009.50   0.00287524
      1010.00   0.00366186
      1010.50   0.00465462
      1011.00   0.00392662
      1011.50   0.00290314
      1012.00   0.00484096
      1012.50   0.00795414
      1013.00   0.00667697
      1013.50   0.00376092
      1014.00   0.00285780
      1014.50   0.00297439
      1015.00   0.00409097
      1015.50   0.00557828
      1016.00   0.00542732
      1016.50   0.00440469
      1017.00   0.00773046
      1017.50    0.0115257
      1018.00   0.00786581
      1018.50   0.00642720
      1019.00   0.00947763
      1019.50   0.00870771
      1020.00   0.00611972
      1020.50   0.00697249
      1021.00    0.0110716
      1021.50    0.0128264
      1022.00   0.00722430
      1022.50   0.00468640
      1023.00   0.00730834
      1023.50   0.00688700
      1024.00   0.00397543
      1024.50   0.00263508
      1025.00   0.00263301
      1025.50   0.00262997
      1026.00   0.00262849
      1026.50   0.00266988
      1027.00   0.00297958
      1027.50   0.00321609
      1028.00   0.00428562
      1028.50    0.0185989
      1029.00    0.0321473
      1029.50    0.0217719
      1030.00    0.0116524
      1030.50   0.00744502
      1031.00   0.00517942
      1031.50   0.00484253
      1032.00   0.00329647
      1032.50   0.00310048
      1033.00   0.00346818
      1033.50   0.00305053
      1034.00   0.00281983
      1034.50   0.00556627
      1035.00   0.00851998
      1035.50   0.00591334
      1036.00   0.00301261
      1036.50   0.00266767
      1037.00    0.0109894
      1037.50    0.0205922
      1038.00    0.0123852
      1038.50   0.00326044
      1039.00   0.00277069
      1039.50   0.00616531
      1040.00   0.00931578
      1040.50   0.00573637
      1041.00   0.00257086
      1041.50    0.0106177
      1042.00    0.0207083
      1042.50    0.0137936
      1043.00   0.00419893
      1043.50   0.00262468
      1044.00   0.00254275
      1044.50   0.00318096
      1045.00   0.00581415
      1045.50   0.00717097
      1046.00   0.00444687
      1046.50   0.00685408
      1047.00    0.0134221
      1047.50    0.0108578
      1048.00   0.00444382
      1048.50   0.00249984
      1049.00   0.00249653
      1049.50   0.00250207
      1050.00   0.00251199
      1050.50   0.00340739
      1051.00   0.00486682
      1051.50   0.00444165
      1052.00   0.00435653
      1052.50   0.00693314
      1053.00   0.00721652
      1053.50   0.00410580
      1054.00   0.00246947
      1054.50   0.00246684
      1055.00   0.00246413
      1055.50   0.00246141
      1056.00   0.00245869
      1056.50   0.00246014
      1057.00   0.00298496
      1057.50   0.00356081
      1058.00   0.00320758
      1058.50   0.00375303
      1059.00   0.00449106
      1059.50   0.00334667
      1060.00   0.00244534
      1060.50   0.00244140
      1061.00   0.00243400
      1061.50   0.00242876
      1062.00   0.00242588
      1062.50   0.00242281
      1063.00   0.00241994
      1063.50   0.00244734
      1064.00   0.00261212
      1064.50   0.00272640
      1065.00   0.00283794
      1065.50   0.00300897
      1066.00   0.00271333
      1066.50   0.00241413
      1067.00   0.00239776
      1067.50   0.00239369
      1068.00   0.00246463
      1068.50   0.00294007
      1069.00   0.00353481
      1069.50   0.00446944
      1070.00   0.00555917
      1070.50   0.00528945
      1071.00   0.00689553
      1071.50   0.00879819
      1072.00   0.00685159
      1072.50   0.00940331
      1073.00    0.0140943
      1073.50    0.0100103
      1074.00   0.00600761
      1074.50   0.00787950
      1075.00    0.0131840
      1075.50    0.0163443
      1076.00   0.00850962
      1076.50   0.00239498
      1077.00   0.00486029
      1077.50   0.00745167
      1078.00   0.00492033
      1078.50   0.00241350
      1079.00   0.00234152
      1079.50   0.00234483
      1080.00   0.00234100
      1080.50   0.00233977
      1081.00   0.00232716
      1081.50   0.00231465
      1082.00   0.00231584
      1082.50   0.00484126
      1083.00    0.0248387
      1083.50    0.0411675
      1084.00    0.0275370
      1084.50    0.0161312
      1085.00   0.00902447
      1085.50   0.00510030
      1086.00   0.00688455
      1086.50   0.00439489
      1087.00   0.00244036
      1087.50   0.00314107
      1088.00   0.00363589
      1088.50   0.00287853
      1089.00   0.00295134
      1089.50   0.00689200
      1090.00   0.00975850
      1090.50   0.00574002
      1091.00   0.00239792
      1091.50   0.00226886
      1092.00    0.0125757
      1092.50    0.0258210
      1093.00    0.0178378
      1093.50   0.00489216
      1094.00   0.00227120
      1094.50   0.00621519
      1095.00    0.0113041
      1095.50   0.00806278
      1096.00   0.00309927
      1096.50   0.00235689
      1097.00    0.0156656
      1097.50    0.0299810
      1098.00    0.0163406
      1098.50   0.00275497
      1099.00   0.00219159
      1099.50   0.00216797
      1100.00   0.00245191
