      350.000  0.000113855
      351.000  0.000125999
      352.000  0.000136252
      353.000  0.000147209
      354.000  0.000157380
      355.000  0.000163748
      356.000  0.000171410
      357.000  0.000183949
      358.000  0.000200831
      359.000  0.000228259
      360.000  0.000256287
      361.000  0.000278444
      362.000  0.000294962
      363.000  0.000306995
      364.000  0.000317602
      365.000  0.000328311
      366.000  0.000335107
      367.000  0.000337013
      368.000  0.000335657
      369.000  0.000333920
      370.000  0.000322677
      371.000  0.000297455
      372.000  0.000256525
      373.000  0.000208586
      374.000  0.000173268
      375.000  0.000156622
      376.000  0.000147914
      377.000  0.000140874
      378.000  0.000137028
      379.000  0.000133734
      380.000  0.000125906
      381.000  0.000118893
      382.000  0.000113335
      383.000  0.000106852
      384.000  0.000101363
      385.000  0.000103198
      386.000  0.000109952
      387.000  0.000115519
      388.000  0.000117716
      389.000  0.000118947
      390.000  0.000121581
      391.000  0.000125811
      392.000  0.000128984
      393.000  0.000133169
      394.000  0.000138679
      395.000  0.000144247
      396.000  0.000148179
      397.000  0.000152639
      398.000  0.000161570
      399.000  0.000178751
      400.000  0.000196680
      401.000  0.000212683
      402.000  0.000226598
      403.000  0.000238038
      404.000  0.000246788
      405.000  0.000252809
      406.000  0.000256347
      407.000  0.000258295
      408.000  0.000258223
      409.000  0.000256259
      410.000  0.000250477
      411.000  0.000246593
      412.000  0.000251290
      413.000  0.000268700
      414.000  0.000293660
      415.000  0.000324244
      416.000  0.000359431
      417.000  0.000397852
      418.000  0.000433724
      419.000  0.000463892
      420.000  0.000487574
      421.000  0.000505218
      422.000  0.000516898
      423.000  0.000522335
      424.000  0.000522987
      425.000  0.000520585
      426.000  0.000516811
      427.000  0.000513743
      428.000  0.000520938
      429.000  0.000543755
      430.000  0.000588357
      431.000  0.000652740
      432.000  0.000729787
      433.000  0.000808702
      434.000  0.000879653
      435.000  0.000942409
      436.000   0.00100018
      437.000   0.00105855
      438.000   0.00111510
      439.000   0.00116362
      440.000   0.00118858
      441.000   0.00121313
      442.000   0.00125870
      443.000   0.00134284
      444.000   0.00143990
      445.000   0.00154448
      446.000   0.00165334
      447.000   0.00176070
      448.000   0.00186097
      449.000   0.00195082
      450.000   0.00202752
      451.000   0.00208591
      452.000   0.00212387
      453.000   0.00213972
      454.000   0.00213136
      455.000   0.00210240
      456.000   0.00205659
      457.000   0.00199437
      458.000   0.00191701
      459.000   0.00183026
      460.000   0.00173900
      461.000   0.00164786
      462.000   0.00156214
      463.000   0.00148424
      464.000   0.00141564
      465.000   0.00135283
      466.000   0.00129072
      467.000   0.00123099
      468.000   0.00117178
      469.000   0.00110835
      470.000   0.00103579
      471.000  0.000957982
      472.000  0.000883519
      473.000  0.000822522
      474.000  0.000771365
      475.000  0.000726514
      476.000  0.000684781
      477.000  0.000647184
      478.000  0.000613269
      479.000  0.000582768
      480.000  0.000555022
      481.000  0.000531591
      482.000  0.000512484
      483.000  0.000496521
      484.000  0.000483977
      485.000  0.000474982
      486.000  0.000469981
      487.000  0.000470197
      488.000  0.000473666
      489.000  0.000479404
      490.000  0.000486105
      491.000  0.000495230
      492.000  0.000515913
      493.000  0.000562594
      494.000  0.000643623
      495.000  0.000749888
      496.000  0.000860018
      497.000  0.000946723
      498.000   0.00100333
      499.000   0.00102169
      500.000  0.000991808
      501.000  0.000908757
      502.000  0.000802740
      503.000  0.000738969
      504.000  0.000722166
      505.000  0.000736537
      506.000  0.000756221
      507.000  0.000778142
      508.000  0.000804084
      509.000  0.000835624
      510.000  0.000875670
      511.000  0.000927486
      512.000  0.000988542
      513.000   0.00104959
      514.000   0.00110384
      515.000   0.00114958
      516.000   0.00118587
      517.000   0.00120895
      518.000   0.00122038
      519.000   0.00122636
      520.000   0.00124925
      521.000   0.00127966
      522.000   0.00131004
      523.000   0.00133848
      524.000   0.00136204
      525.000   0.00138374
      526.000   0.00140755
      527.000   0.00143608
      528.000   0.00147483
      529.000   0.00153032
      530.000   0.00162247
      531.000   0.00177276
      532.000   0.00199887
      533.000   0.00230631
      534.000   0.00266737
      535.000   0.00303108
      536.000   0.00331290
      537.000   0.00343714
      538.000   0.00337439
      539.000   0.00313037
      540.000   0.00278448
      541.000   0.00244443
      542.000   0.00221209
      543.000   0.00213431
      544.000   0.00216153
      545.000   0.00223383
      546.000   0.00229251
      547.000   0.00226419
      548.000   0.00213610
      549.000   0.00194099
      550.000   0.00182941
      551.000   0.00180766
      552.000   0.00181844
      553.000   0.00182964
      554.000   0.00183563
      555.000   0.00183763
      556.000   0.00183589
      557.000   0.00183533
      558.000   0.00183978
      559.000   0.00185157
      560.000   0.00187254
      561.000   0.00190386
      562.000   0.00194940
      563.000   0.00203429
      564.000   0.00223161
      565.000   0.00261685
      566.000   0.00319928
      567.000   0.00384227
      568.000   0.00436775
      569.000   0.00455808
      570.000   0.00420697
      571.000   0.00342756
      572.000   0.00271987
      573.000   0.00237420
      574.000   0.00236661
      575.000   0.00247135
      576.000   0.00263048
      577.000   0.00279593
      578.000   0.00293517
      579.000   0.00304123
      580.000   0.00315465
      581.000   0.00332017
      582.000   0.00359988
      583.000   0.00400445
      584.000   0.00446103
      585.000   0.00481729
      586.000   0.00488230
      587.000   0.00461757
      588.000   0.00410523
      589.000   0.00374805
      590.000   0.00388852
      591.000   0.00465846
      592.000   0.00564591
      593.000   0.00634080
      594.000   0.00649228
      595.000   0.00620975
      596.000   0.00576923
      597.000   0.00531961
      598.000   0.00492674
      599.000   0.00457544
      600.000   0.00426231
      601.000   0.00397976
      602.000   0.00372596
      603.000   0.00350211
      604.000   0.00330516
      605.000   0.00313471
      606.000   0.00298870
      607.000   0.00286397
      608.000   0.00275584
      609.000   0.00265536
      610.000   0.00255719
      611.000   0.00246770
      612.000   0.00243277
      613.000   0.00247764
      614.000   0.00260565
      615.000   0.00274592
      616.000   0.00277424
      617.000   0.00262732
      618.000   0.00236348
      619.000   0.00214691
      620.000   0.00202688
      621.000   0.00192683
      622.000   0.00184931
      623.000   0.00179799
      624.000   0.00177908
      625.000   0.00176750
      626.000   0.00174298
      627.000   0.00169333
      628.000   0.00163075
      629.000   0.00157733
      630.000   0.00154302
      631.000   0.00151487
      632.000   0.00148960
      633.000   0.00146468
      634.000   0.00143958
      635.000   0.00141486
      636.000   0.00139105
      637.000   0.00137057
      638.000   0.00135138
      639.000   0.00133093
      640.000   0.00131134
      641.000   0.00129664
      642.000   0.00127968
      643.000   0.00125872
      644.000   0.00123123
      645.000   0.00120782
      646.000   0.00119088
      647.000   0.00117749
      648.000   0.00116135
      649.000   0.00113999
      650.000   0.00111472
      651.000   0.00109409
      652.000   0.00108442
      653.000   0.00108892
      654.000   0.00111005
      655.000   0.00113287
      656.000   0.00114329
      657.000   0.00112977
      658.000   0.00109154
      659.000   0.00103667
      660.000  0.000980134
      661.000  0.000940717
      662.000  0.000917644
      663.000  0.000905215
      664.000  0.000903115
      665.000  0.000908139
      666.000  0.000915353
      667.000  0.000912194
      668.000  0.000900412
      669.000  0.000888067
      670.000  0.000889326
      671.000  0.000887839
      672.000  0.000876206
      673.000  0.000853248
      674.000  0.000832795
      675.000  0.000815461
      676.000  0.000797177
      677.000  0.000772162
      678.000  0.000743997
      679.000  0.000717671
      680.000  0.000696510
      681.000  0.000689758
      682.000  0.000698751
      683.000  0.000717653
      684.000  0.000709774
      685.000  0.000675487
      686.000  0.000631882
      687.000  0.000597016
      688.000  0.000576748
      689.000  0.000570718
      690.000  0.000563159
      691.000  0.000553667
      692.000  0.000543983
      693.000  0.000535530
      694.000  0.000536066
      695.000  0.000542034
      696.000  0.000545491
      697.000  0.000550587
      698.000  0.000555989
      699.000  0.000555443
      700.000  0.000529148
      701.000  0.000501008
      702.000  0.000485910
      703.000  0.000487576
      704.000  0.000487088
      705.000  0.000476343
      706.000  0.000454509
      707.000  0.000436819
      708.000  0.000424747
      709.000  0.000416770
      710.000  0.000410045
      711.000  0.000404636
      712.000  0.000401451
      713.000  0.000394759
      714.000  0.000387215
      715.000  0.000381547
      716.000  0.000377463
      717.000  0.000372677
      718.000  0.000367448
      719.000  0.000364566
      720.000  0.000363801
      721.000  0.000363919
      722.000  0.000362741
      723.000  0.000358275
      724.000  0.000353181
      725.000  0.000348307
      726.000  0.000341320
      727.000  0.000336279
      728.000  0.000332546
      729.000  0.000327040
      730.000  0.000322560
      731.000  0.000318562
      732.000  0.000314949
      733.000  0.000312046
      734.000  0.000311140
      735.000  0.000311337
      736.000  0.000313218
      737.000  0.000316299
      738.000  0.000317329
      739.000  0.000311671
      740.000  0.000312935
      741.000  0.000316194
      742.000  0.000310012
      743.000  0.000299224
      744.000  0.000292686
      745.000  0.000290199
      746.000  0.000288601
      747.000  0.000287629
      748.000  0.000287413
      749.000  0.000288882
      750.000  0.000291910
      751.000  0.000295667
      752.000  0.000297095
      753.000  0.000304333
      754.000  0.000315629
      755.000  0.000323479
      756.000  0.000311451
      757.000  0.000294301
      758.000  0.000282519
      759.000  0.000284636
      760.000  0.000285187
      761.000  0.000281869
      762.000  0.000278976
      763.000  0.000278147
      764.000  0.000306591
      765.000  0.000388510
      766.000  0.000546059
      767.000  0.000562253
      768.000  0.000423695
      769.000  0.000433819
      770.000  0.000447130
      771.000  0.000411689
      772.000  0.000313108
      773.000  0.000265440
      774.000  0.000258737
      775.000  0.000258300
      776.000  0.000255134
      777.000  0.000252131
      778.000  0.000254586
      779.000  0.000259106
      780.000  0.000264125
      781.000  0.000268179
      782.000  0.000264380
      783.000  0.000255944
      784.000  0.000248294
      785.000  0.000245507
      786.000  0.000245296
      787.000  0.000244949
      788.000  0.000244147
      789.000  0.000243737
      790.000  0.000246723
      791.000  0.000251000
      792.000  0.000251181
      793.000  0.000249369
      794.000  0.000248129
      795.000  0.000249462
      796.000  0.000252677
      797.000  0.000255700
      798.000  0.000257100
      799.000  0.000256824
      800.000  0.000258393
      801.000  0.000261235
      802.000  0.000264573
      803.000  0.000268117
      804.000  0.000269266
      805.000  0.000269599
      806.000  0.000271039
      807.000  0.000273715
      808.000  0.000276956
      809.000  0.000282079
      810.000  0.000291083
      811.000  0.000307290
      812.000  0.000334306
      813.000  0.000373937
      814.000  0.000434019
      815.000  0.000649961
      816.000   0.00135313
      817.000   0.00358166
      818.000   0.00690819
      819.000   0.00954762
      820.000   0.00890801
      821.000   0.00598738
      822.000   0.00302699
      823.000   0.00151372
      824.000  0.000937128
      825.000  0.000730904
      826.000  0.000604019
      827.000  0.000525782
      828.000  0.000465750
      829.000  0.000420247
      830.000  0.000388830
      831.000  0.000371107
      832.000  0.000363349
      833.000  0.000346585
      834.000  0.000320881
      835.000  0.000294209
      836.000  0.000279281
      837.000  0.000265975
      838.000  0.000258461
      839.000  0.000254299
      840.000  0.000247230
      841.000  0.000241225
      842.000  0.000237192
      843.000  0.000233051
      844.000  0.000230044
      845.000  0.000227215
      846.000  0.000224627
      847.000  0.000222598
      848.000  0.000220509
      849.000  0.000218630
      850.000  0.000217079
      851.000  0.000215884
      852.000  0.000214811
      853.000  0.000213294
      854.000  0.000211817
      855.000  0.000210761
      856.000  0.000210034
      857.000  0.000209092
      858.000  0.000207705
      859.000  0.000206439
      860.000  0.000207528
      861.000  0.000208931
      862.000  0.000210752
      863.000  0.000213731
      864.000  0.000216142
      865.000  0.000216637
      866.000  0.000214801
      867.000  0.000211603
      868.000  0.000208245
      869.000  0.000206333
      870.000  0.000204799
      871.000  0.000203354
      872.000  0.000203636
      873.000  0.000203686
      874.000  0.000204370
      875.000  0.000205091
      876.000  0.000205855
      877.000  0.000206831
      878.000  0.000208216
      879.000  0.000207815
      880.000  0.000208499
      881.000  0.000208632
      882.000  0.000206359
      883.000  0.000205775
      884.000  0.000206696
      885.000  0.000207130
      886.000  0.000206270
      887.000  0.000207679
      888.000  0.000209011
      889.000  0.000209107
      890.000  0.000207964
      891.000  0.000206885
      892.000  0.000206989
      893.000  0.000207804
      894.000  0.000207763
      895.000  0.000207626
      896.000  0.000207869
      897.000  0.000208319
      898.000  0.000208280
      899.000  0.000208449
      900.000  0.000209336
      901.000  0.000211227
      902.000  0.000212882
      903.000  0.000214206
      904.000  0.000214955
      905.000  0.000215879
      906.000  0.000215910
      907.000  0.000215274
      908.000  0.000215093
      909.000  0.000214031
      910.000  0.000213874
      911.000  0.000215385
      912.000  0.000215893
      913.000  0.000216162
      914.000  0.000218419
      915.000  0.000219955
      916.000  0.000221656
      917.000  0.000223536
      918.000  0.000224462
      919.000  0.000223540
      920.000  0.000222188
      921.000  0.000222046
      922.000  0.000222634
      923.000  0.000223990
      924.000  0.000225319
      925.000  0.000225975
      926.000  0.000225578
      927.000  0.000225613
      928.000  0.000225713
      929.000  0.000224210
      930.000  0.000221930
      931.000  0.000220589
      932.000  0.000221059
      933.000  0.000222054
      934.000  0.000221606
      935.000  0.000220419
      936.000  0.000221435
      937.000  0.000223218
      938.000  0.000223326
      939.000  0.000222653
      940.000  0.000225234
      941.000  0.000227867
      942.000  0.000229384
      943.000  0.000228092
      944.000  0.000229645
      945.000  0.000231945
      946.000  0.000233409
      947.000  0.000236244
      948.000  0.000239004
      949.000  0.000240366
      950.000  0.000239666
      951.000  0.000239718
      952.000  0.000239243
      953.000  0.000237930
      954.000  0.000237715
      955.000  0.000235429
      956.000  0.000232862
      957.000  0.000232286
      958.000  0.000230974
      959.000  0.000230853
      960.000  0.000231167
      961.000  0.000229536
      962.000  0.000229784
      963.000  0.000230645
      964.000  0.000231837
      965.000  0.000233872
      966.000  0.000232465
      967.000  0.000231002
      968.000  0.000233306
      969.000  0.000234331
      970.000  0.000232906
      971.000  0.000229755
      972.000  0.000230336
      973.000  0.000231293
      974.000  0.000229547
      975.000  0.000230982
      976.000  0.000230022
      977.000  0.000230593
      978.000  0.000230705
      979.000  0.000231721
      980.000  0.000232705
      981.000  0.000233375
      982.000  0.000234293
      983.000  0.000232965
      984.000  0.000236687
      985.000  0.000240242
      986.000  0.000240075
      987.000  0.000240032
      988.000  0.000242524
      989.000  0.000245328
      990.000  0.000245916
      991.000  0.000248856
      992.000  0.000250958
      993.000  0.000253618
      994.000  0.000256821
      995.000  0.000255568
      996.000  0.000257059
      997.000  0.000259392
      998.000  0.000260265
      999.000  0.000256366
      1000.00  0.000255740
      1001.00  0.000268521
      1002.00  0.000275618
      1003.00  0.000278888
      1004.00  0.000281440
      1005.00  0.000284428
      1006.00  0.000284101
      1007.00  0.000290969
      1008.00  0.000298243
      1009.00  0.000303759
      1010.00  0.000308055
      1011.00  0.000309517
      1012.00  0.000312167
      1013.00  0.000313692
      1014.00  0.000313994
      1015.00  0.000312279
      1016.00  0.000307984
      1017.00  0.000297355
      1018.00  0.000289244
      1019.00  0.000282778
      1020.00  0.000279834
      1021.00  0.000273609
      1022.00  0.000266937
      1023.00  0.000259240
      1024.00  0.000251642
      1025.00  0.000248148
      1026.00  0.000243317
      1027.00  0.000238313
      1028.00  0.000231391
      1029.00  0.000228547
      1030.00  0.000228270
      1031.00  0.000227823
      1032.00  0.000232611
      1033.00  0.000232216
      1034.00  0.000229750
      1035.00  0.000228430
      1036.00  0.000225102
      1037.00  0.000221475
      1038.00  0.000222690
      1039.00  0.000222544
      1040.00  0.000222922
      1041.00  0.000226318
      1042.00  0.000225788
      1043.00  0.000223545
      1044.00  0.000226493
      1045.00  0.000228604
      1046.00  0.000228350
      1047.00  0.000228198
      1048.00  0.000228140
      1049.00  0.000228486
      1050.00  0.000229568
      1051.00  0.000231538
      1052.00  0.000233937
      1053.00  0.000233814
      1054.00  0.000232544
      1055.00  0.000234725
      1056.00  0.000238145
      1057.00  0.000240386
      1058.00  0.000243251
      1059.00  0.000245772
      1060.00  0.000245024
      1061.00  0.000246204
      1062.00  0.000250144
      1063.00  0.000251828
      1064.00  0.000252797
      1065.00  0.000256243
      1066.00  0.000260877
      1067.00  0.000265282
      1068.00  0.000270182
      1069.00  0.000275822
      1070.00  0.000281766
      1071.00  0.000291497
      1072.00  0.000297525
      1073.00  0.000303168
      1074.00  0.000307363
      1075.00  0.000307503
      1076.00  0.000308535
      1077.00  0.000310501
      1078.00  0.000311110
      1079.00  0.000308876
      1080.00  0.000306086
      1081.00  0.000305807
      1082.00  0.000307673
      1083.00  0.000307176
      1084.00  0.000307559
      1085.00  0.000307073
      1086.00  0.000304029
      1087.00  0.000300485
      1088.00  0.000298015
      1089.00  0.000294671
      1090.00  0.000290908
      1091.00  0.000286142
      1092.00  0.000279370
      1093.00  0.000279060
      1094.00  0.000283202
      1095.00  0.000281640
      1096.00  0.000280655
      1097.00  0.000281681
      1098.00  0.000280274
      1099.00  0.000274470
      1100.00  0.000273302
      1101.00  0.000275510
      1102.00  0.000273247
      1103.00  0.000271786
      1104.00  0.000273033
      1105.00  0.000272437
      1106.00  0.000272304
      1107.00  0.000274987
      1108.00  0.000274223
      1109.00  0.000269549
      1110.00  0.000268215
      1111.00  0.000266912
      1112.00  0.000266743
      1113.00  0.000268548
      1114.00  0.000276013
      1115.00  0.000278303
      1116.00  0.000276933
      1117.00  0.000280075
      1118.00  0.000282409
      1119.00  0.000286825
      1120.00  0.000293340
      1121.00  0.000304405
      1122.00  0.000307778
      1123.00  0.000324718
      1124.00  0.000341131
      1125.00  0.000382293
      1126.00  0.000433587
      1127.00  0.000501132
      1128.00  0.000588462
      1129.00  0.000697422
      1130.00  0.000823062
      1131.00  0.000970570
      1132.00   0.00112280
      1133.00   0.00130320
      1134.00   0.00145642
      1135.00   0.00162480
      1136.00   0.00174858
      1137.00   0.00186830
      1138.00   0.00193771
      1139.00   0.00198377
      1140.00   0.00198323
      1141.00   0.00194037
      1142.00   0.00186260
      1143.00   0.00175187
      1144.00   0.00161408
      1145.00   0.00146179
      1146.00   0.00130235
      1147.00   0.00115011
      1148.00  0.000982556
      1149.00  0.000846503
      1150.00  0.000712593
      1151.00  0.000606115
      1152.00  0.000518307
      1153.00  0.000446866
      1154.00  0.000399645
      1155.00  0.000358538
      1156.00  0.000335185
      1157.00  0.000314042
      1158.00  0.000300927
      1159.00  0.000293046
      1160.00  0.000288245
      1161.00  0.000283126
      1162.00  0.000278899
      1163.00  0.000273982
      1164.00  0.000270771
      1165.00  0.000269976
      1166.00  0.000269125
      1167.00  0.000267590
      1168.00  0.000267482
      1169.00  0.000266989
      1170.00  0.000267454
      1171.00  0.000269820
      1172.00  0.000271139
      1173.00  0.000271523
      1174.00  0.000271996
      1175.00  0.000273171
      1176.00  0.000274283
      1177.00  0.000274046
      1178.00  0.000273643
      1179.00  0.000273155
      1180.00  0.000273375
      1181.00  0.000272820
      1182.00  0.000271934
      1183.00  0.000271537
      1184.00  0.000269752
      1185.00  0.000268339
      1186.00  0.000268901
      1187.00  0.000270387
      1188.00  0.000270221
      1189.00  0.000269924
      1190.00  0.000270812
      1191.00  0.000271998
      1192.00  0.000270845
      1193.00  0.000268788
      1194.00  0.000269395
      1195.00  0.000270845
      1196.00  0.000271866
      1197.00  0.000273486
      1198.00  0.000275272
      1199.00  0.000276448
      1200.00  0.000276123
      1201.00  0.000276349
      1202.00  0.000276646
      1203.00  0.000276045
      1204.00  0.000275778
      1205.00  0.000275983
      1206.00  0.000275872
      1207.00  0.000275780
      1208.00  0.000275180
      1209.00  0.000275287
      1210.00  0.000275604
      1211.00  0.000276322
      1212.00  0.000275564
      1213.00  0.000275032
      1214.00  0.000277714
      1215.00  0.000277641
      1216.00  0.000277598
      1217.00  0.000276674
      1218.00  0.000273346
      1219.00  0.000273160
      1220.00  0.000272305
      1221.00  0.000271843
      1222.00  0.000271960
      1223.00  0.000274482
      1224.00  0.000278227
      1225.00  0.000278197
      1226.00  0.000277602
      1227.00  0.000277128
      1228.00  0.000276501
      1229.00  0.000275595
      1230.00  0.000276389
      1231.00  0.000276245
      1232.00  0.000274009
      1233.00  0.000273309
      1234.00  0.000273807
      1235.00  0.000272897
      1236.00  0.000271900
      1237.00  0.000272061
      1238.00  0.000270374
      1239.00  0.000270817
      1240.00  0.000272374
      1241.00  0.000272389
      1242.00  0.000270513
      1243.00  0.000270546
      1244.00  0.000270945
      1245.00  0.000270608
      1246.00  0.000269927
      1247.00  0.000270309
      1248.00  0.000270583
      1249.00  0.000272475
      1250.00  0.000273301
      1251.00  0.000275625
      1252.00  0.000278389
      1253.00  0.000279223
      1254.00  0.000281187
      1255.00  0.000286614
      1256.00  0.000293213
      1257.00  0.000299049
      1258.00  0.000305021
      1259.00  0.000312359
      1260.00  0.000320401
      1261.00  0.000329027
      1262.00  0.000339488
      1263.00  0.000349485
      1264.00  0.000357523
      1265.00  0.000364225
      1266.00  0.000369693
      1267.00  0.000372832
      1268.00  0.000373431
      1269.00  0.000373535
      1270.00  0.000372102
      1271.00  0.000368494
      1272.00  0.000362065
      1273.00  0.000354185
      1274.00  0.000344990
      1275.00  0.000334315
      1276.00  0.000324400
      1277.00  0.000316152
      1278.00  0.000308400
      1279.00  0.000299822
      1280.00  0.000292882
      1281.00  0.000287493
      1282.00  0.000282229
      1283.00  0.000278317
      1284.00  0.000275618
      1285.00  0.000272600
      1286.00  0.000269128
      1287.00  0.000267439
      1288.00  0.000267014
      1289.00  0.000267526
      1290.00  0.000268579
      1291.00  0.000270421
      1292.00  0.000275557
      1293.00  0.000282870
      1294.00  0.000289015
      1295.00  0.000297592
      1296.00  0.000307588
      1297.00  0.000319015
      1298.00  0.000333890
      1299.00  0.000348343
      1300.00  0.000360374
      1301.00  0.000371408
      1302.00  0.000380989
      1303.00  0.000387972
      1304.00  0.000391273
      1305.00  0.000391080
      1306.00  0.000386277
      1307.00  0.000378511
      1308.00  0.000368908
      1309.00  0.000355752
      1310.00  0.000341743
      1311.00  0.000328135
      1312.00  0.000316008
      1313.00  0.000304175
      1314.00  0.000294525
      1315.00  0.000287282
      1316.00  0.000281799
      1317.00  0.000278263
      1318.00  0.000276688
      1319.00  0.000274712
      1320.00  0.000273703
      1321.00  0.000272131
      1322.00  0.000270292
      1323.00  0.000270444
      1324.00  0.000270401
      1325.00  0.000269733
      1326.00  0.000268903
      1327.00  0.000266262
      1328.00  0.000264996
      1329.00  0.000265441
      1330.00  0.000267309
      1331.00  0.000268843
      1332.00  0.000269183
      1333.00  0.000270806
      1334.00  0.000270575
      1335.00  0.000270576
      1336.00  0.000270434
      1337.00  0.000269543
      1338.00  0.000268774
      1339.00  0.000270664
      1340.00  0.000272498
      1341.00  0.000273514
      1342.00  0.000274843
      1343.00  0.000275497
      1344.00  0.000275323
      1345.00  0.000275633
      1346.00  0.000276183
      1347.00  0.000276669
      1348.00  0.000279677
      1349.00  0.000283600
      1350.00  0.000287039
      1351.00  0.000290030
      1352.00  0.000291431
      1353.00  0.000291463
      1354.00  0.000293145
      1355.00  0.000294809
      1356.00  0.000297268
      1357.00  0.000298472
      1358.00  0.000299086
      1359.00  0.000302065
      1360.00  0.000303709
      1361.00  0.000305501
      1362.00  0.000306353
      1363.00  0.000306589
      1364.00  0.000306286
      1365.00  0.000307359
      1366.00  0.000306406
      1367.00  0.000304328
      1368.00  0.000302516
      1369.00  0.000300190
      1370.00  0.000295534
      1371.00  0.000290786
      1372.00  0.000286762
      1373.00  0.000281531
      1374.00  0.000276479
      1375.00  0.000272837
      1376.00  0.000269162
      1377.00  0.000265982
      1378.00  0.000263931
      1379.00  0.000262284
      1380.00  0.000261653
      1381.00  0.000260613
      1382.00  0.000259738
      1383.00  0.000258822
      1384.00  0.000257402
      1385.00  0.000256387
      1386.00  0.000258003
      1387.00  0.000259219
      1388.00  0.000259805
      1389.00  0.000259180
      1390.00  0.000259041
      1391.00  0.000259430
      1392.00  0.000258589
      1393.00  0.000258709
      1394.00  0.000258555
      1395.00  0.000258014
      1396.00  0.000256795
      1397.00  0.000255645
      1398.00  0.000254626
      1399.00  0.000252996
      1400.00  0.000251854
      1401.00  0.000250207
      1402.00  0.000249004
      1403.00  0.000247259
      1404.00  0.000246263
      1405.00  0.000245513
      1406.00  0.000245097
      1407.00  0.000244687
      1408.00  0.000243430
      1409.00  0.000242359
      1410.00  0.000242467
      1411.00  0.000241745
      1412.00  0.000240652
      1413.00  0.000240388
      1414.00  0.000240535
      1415.00  0.000240629
      1416.00  0.000240544
      1417.00  0.000240647
      1418.00  0.000239886
      1419.00  0.000239612
      1420.00  0.000239000
      1421.00  0.000238295
      1422.00  0.000238600
      1423.00  0.000238280
      1424.00  0.000237726
      1425.00  0.000238825
      1426.00  0.000239909
      1427.00  0.000240061
      1428.00  0.000240310
      1429.00  0.000240333
      1430.00  0.000240458
      1431.00  0.000240639
      1432.00  0.000241042
      1433.00  0.000241673
      1434.00  0.000242407
      1435.00  0.000242514
      1436.00  0.000243076
      1437.00  0.000243395
      1438.00  0.000244711
      1439.00  0.000245271
      1440.00  0.000245912
      1441.00  0.000247934
      1442.00  0.000249181
      1443.00  0.000250732
      1444.00  0.000253318
      1445.00  0.000256318
      1446.00  0.000258921
      1447.00  0.000261778
      1448.00  0.000264968
      1449.00  0.000268142
      1450.00  0.000272369
      1451.00  0.000276283
      1452.00  0.000279169
      1453.00  0.000281182
      1454.00  0.000282103
      1455.00  0.000283146
      1456.00  0.000282656
      1457.00  0.000282792
      1458.00  0.000282404
      1459.00  0.000279774
      1460.00  0.000277755
      1461.00  0.000277011
      1462.00  0.000275202
      1463.00  0.000274312
      1464.00  0.000275197
      1465.00  0.000276022
      1466.00  0.000276177
      1467.00  0.000277941
      1468.00  0.000279569
      1469.00  0.000280652
      1470.00  0.000282631
      1471.00  0.000284456
      1472.00  0.000286866
      1473.00  0.000289362
      1474.00  0.000292286
      1475.00  0.000294461
      1476.00  0.000296825
      1477.00  0.000297660
      1478.00  0.000298167
      1479.00  0.000298689
      1480.00  0.000297500
      1481.00  0.000296212
      1482.00  0.000294515
      1483.00  0.000292093
      1484.00  0.000289699
      1485.00  0.000286460
      1486.00  0.000282626
      1487.00  0.000280059
      1488.00  0.000278144
      1489.00  0.000275669
      1490.00  0.000274217
      1491.00  0.000272909
      1492.00  0.000270476
      1493.00  0.000268429
      1494.00  0.000266979
      1495.00  0.000265808
      1496.00  0.000265269
      1497.00  0.000265012
      1498.00  0.000264929
      1499.00  0.000263878
      1500.00  0.000262748
      1501.00  0.000262001
      1502.00  0.000262374
      1503.00  0.000261873
      1504.00  0.000261056
      1505.00  0.000260766
      1506.00  0.000260452
      1507.00  0.000258513
      1508.00  0.000256938
      1509.00  0.000256843
      1510.00  0.000256909
      1511.00  0.000256605
      1512.00  0.000257110
      1513.00  0.000256875
      1514.00  0.000255331
      1515.00  0.000255268
      1516.00  0.000254734
      1517.00  0.000253505
      1518.00  0.000252893
      1519.00  0.000253206
      1520.00  0.000253207
      1521.00  0.000254034
      1522.00  0.000255351
      1523.00  0.000256674
      1524.00  0.000257904
      1525.00  0.000258962
      1526.00  0.000259110
      1527.00  0.000258729
      1528.00  0.000258915
      1529.00  0.000257934
      1530.00  0.000256507
      1531.00  0.000255004
      1532.00  0.000252930
      1533.00  0.000251563
      1534.00  0.000249242
      1535.00  0.000246964
      1536.00  0.000245170
      1537.00  0.000243306
      1538.00  0.000241217
      1539.00  0.000239962
      1540.00  0.000238644
      1541.00  0.000236279
      1542.00  0.000235032
      1543.00  0.000235001
      1544.00  0.000234512
      1545.00  0.000233137
      1546.00  0.000233245
      1547.00  0.000233118
      1548.00  0.000233599
      1549.00  0.000233258
      1550.00  0.000233488
      1551.00  0.000232220
      1552.00  0.000230985
      1553.00  0.000230588
      1554.00  0.000230217
      1555.00  0.000229599
      1556.00  0.000229912
      1557.00  0.000230554
      1558.00  0.000230726
      1559.00  0.000230537
      1560.00  0.000230502
      1561.00  0.000231334
      1562.00  0.000232005
      1563.00  0.000231532
      1564.00  0.000231448
      1565.00  0.000231541
      1566.00  0.000230832
      1567.00  0.000230335
      1568.00  0.000230491
      1569.00  0.000231152
      1570.00  0.000231544
      1571.00  0.000232262
      1572.00  0.000232348
      1573.00  0.000231595
      1574.00  0.000231853
      1575.00  0.000232621
      1576.00  0.000232824
      1577.00  0.000233226
      1578.00  0.000234143
      1579.00  0.000234571
      1580.00  0.000235487
      1581.00  0.000236197
      1582.00  0.000235968
      1583.00  0.000236592
      1584.00  0.000237172
      1585.00  0.000237713
      1586.00  0.000238244
      1587.00  0.000237832
      1588.00  0.000237842
      1589.00  0.000237884
      1590.00  0.000238116
      1591.00  0.000239665
      1592.00  0.000241690
      1593.00  0.000242755
      1594.00  0.000243931
      1595.00  0.000244496
      1596.00  0.000245391
      1597.00  0.000247433
      1598.00  0.000247967
      1599.00  0.000249185
      1600.00  0.000251771
      1601.00  0.000254258
      1602.00  0.000259033
      1603.00  0.000265937
      1604.00  0.000273355
      1605.00  0.000282493
      1606.00  0.000293485
      1607.00  0.000304523
      1608.00  0.000314705
      1609.00  0.000324225
      1610.00  0.000332531
      1611.00  0.000339641
      1612.00  0.000345025
      1613.00  0.000347303
      1614.00  0.000347049
      1615.00  0.000343351
      1616.00  0.000338046
      1617.00  0.000331916
      1618.00  0.000324725
      1619.00  0.000317372
      1620.00  0.000310598
      1621.00  0.000304982
      1622.00  0.000301835
      1623.00  0.000302992
      1624.00  0.000306172
      1625.00  0.000314510
      1626.00  0.000325523
      1627.00  0.000337808
      1628.00  0.000350960
      1629.00  0.000364234
      1630.00  0.000377483
      1631.00  0.000389626
      1632.00  0.000398924
      1633.00  0.000403759
      1634.00  0.000404451
      1635.00  0.000401112
      1636.00  0.000394239
      1637.00  0.000382492
      1638.00  0.000369498
      1639.00  0.000355316
      1640.00  0.000339142
      1641.00  0.000324089
      1642.00  0.000309657
      1643.00  0.000294870
      1644.00  0.000283320
      1645.00  0.000275409
      1646.00  0.000269245
      1647.00  0.000264386
      1648.00  0.000259330
      1649.00  0.000255116
      1650.00  0.000252181
      1651.00  0.000249992
      1652.00  0.000248142
      1653.00  0.000247236
      1654.00  0.000245733
      1655.00  0.000243248
      1656.00  0.000241750
      1657.00  0.000240196
      1658.00  0.000238584
      1659.00  0.000237829
      1660.00  0.000236991
      1661.00  0.000235589
      1662.00  0.000234636
      1663.00  0.000234657
      1664.00  0.000234903
      1665.00  0.000235310
      1666.00  0.000235562
      1667.00  0.000234302
      1668.00  0.000232552
      1669.00  0.000231782
      1670.00  0.000230509
      1671.00  0.000229797
      1672.00  0.000229463
      1673.00  0.000228080
      1674.00  0.000227796
      1675.00  0.000228364
      1676.00  0.000228368
      1677.00  0.000228423
      1678.00  0.000228064
      1679.00  0.000227089
      1680.00  0.000226914
      1681.00  0.000227481
      1682.00  0.000227722
      1683.00  0.000228441
      1684.00  0.000229461
      1685.00  0.000230947
      1686.00  0.000233438
      1687.00  0.000234650
      1688.00  0.000234930
      1689.00  0.000235811
      1690.00  0.000237956
      1691.00  0.000238795
      1692.00  0.000239333
      1693.00  0.000239309
      1694.00  0.000237934
      1695.00  0.000237399
      1696.00  0.000236247
      1697.00  0.000234801
      1698.00  0.000233950
      1699.00  0.000233850
      1700.00  0.000233576
      1701.00  0.000234950
      1702.00  0.000235964
      1703.00  0.000237691
      1704.00  0.000239066
      1705.00  0.000240598
      1706.00  0.000242530
      1707.00  0.000243270
      1708.00  0.000243207
      1709.00  0.000243150
      1710.00  0.000243342
      1711.00  0.000243054
      1712.00  0.000242400
      1713.00  0.000240672
      1714.00  0.000239669
      1715.00  0.000239247
      1716.00  0.000238929
      1717.00  0.000238447
      1718.00  0.000236749
      1719.00  0.000235112
      1720.00  0.000233798
      1721.00  0.000233175
      1722.00  0.000233912
      1723.00  0.000233790
      1724.00  0.000232807
      1725.00  0.000232729
      1726.00  0.000233367
      1727.00  0.000233874
      1728.00  0.000234173
      1729.00  0.000233782
      1730.00  0.000233624
      1731.00  0.000233792
      1732.00  0.000233594
      1733.00  0.000234280
      1734.00  0.000235135
      1735.00  0.000234774
      1736.00  0.000234832
      1737.00  0.000234167
      1738.00  0.000233630
      1739.00  0.000234697
      1740.00  0.000234418
      1741.00  0.000234057
      1742.00  0.000235176
      1743.00  0.000235227
      1744.00  0.000235006
      1745.00  0.000236295
      1746.00  0.000235501
      1747.00  0.000233903
      1748.00  0.000233805
      1749.00  0.000233199
      1750.00  0.000232273
      1751.00  0.000232717
      1752.00  0.000233074
      1753.00  0.000232681
      1754.00  0.000232388
      1755.00  0.000232082
      1756.00  0.000231463
      1757.00  0.000230517
      1758.00  0.000230413
      1759.00  0.000231530
      1760.00  0.000231293
      1761.00  0.000230926
      1762.00  0.000230544
      1763.00  0.000229771
      1764.00  0.000230136
      1765.00  0.000229703
      1766.00  0.000229190
      1767.00  0.000228390
      1768.00  0.000227666
      1769.00  0.000227135
      1770.00  0.000226966
      1771.00  0.000226757
      1772.00  0.000227635
      1773.00  0.000228343
      1774.00  0.000227229
      1775.00  0.000225590
      1776.00  0.000224333
      1777.00  0.000223507
      1778.00  0.000223593
      1779.00  0.000224068
      1780.00  0.000223647
      1781.00  0.000222781
      1782.00  0.000223747
      1783.00  0.000224765
      1784.00  0.000223971
      1785.00  0.000223333
      1786.00  0.000222971
      1787.00  0.000222440
      1788.00  0.000222535
      1789.00  0.000221823
      1790.00  0.000219954
      1791.00  0.000219062
      1792.00  0.000218515
      1793.00  0.000218130
      1794.00  0.000218591
      1795.00  0.000219514
      1796.00  0.000219435
      1797.00  0.000218662
      1798.00  0.000218408
      1799.00  0.000219162
      1800.00  0.000219622
      1801.00  0.000228181
      1802.00  0.000228824
      1803.00  0.000228185
      1804.00  0.000228420
      1805.00  0.000230488
      1806.00  0.000231760
      1807.00  0.000232168
      1808.00  0.000234019
      1809.00  0.000234278
      1810.00  0.000233618
      1811.00  0.000235748
      1812.00  0.000235804
      1813.00  0.000235431
      1814.00  0.000236037
      1815.00  0.000237075
      1816.00  0.000235348
      1817.00  0.000234272
      1818.00  0.000237309
      1819.00  0.000239812
      1820.00  0.000241734
      1821.00  0.000243704
      1822.00  0.000245015
      1823.00  0.000245003
      1824.00  0.000247996
      1825.00  0.000251238
      1826.00  0.000254517
      1827.00  0.000258499
      1828.00  0.000260642
      1829.00  0.000265486
      1830.00  0.000272839
      1831.00  0.000280479
      1832.00  0.000291934
      1833.00  0.000309995
      1834.00  0.000327269
      1835.00  0.000357245
      1836.00  0.000396750
      1837.00  0.000441608
      1838.00  0.000491316
      1839.00  0.000543138
      1840.00  0.000595497
      1841.00  0.000644129
      1842.00  0.000686853
      1843.00  0.000734016
      1844.00  0.000760827
      1845.00  0.000780058
      1846.00  0.000786846
      1847.00  0.000777990
      1848.00  0.000754351
      1849.00  0.000715046
      1850.00  0.000669553
      1851.00  0.000619909
      1852.00  0.000567871
      1853.00  0.000519254
      1854.00  0.000470717
      1855.00  0.000426992
      1856.00  0.000386474
      1857.00  0.000351037
      1858.00  0.000324273
      1859.00  0.000305683
      1860.00  0.000292241
      1861.00  0.000283556
      1862.00  0.000278127
      1863.00  0.000271498
      1864.00  0.000267031
      1865.00  0.000262545
      1866.00  0.000258774
      1867.00  0.000254899
      1868.00  0.000252345
      1869.00  0.000249905
      1870.00  0.000246926
      1871.00  0.000243790
      1872.00  0.000241296
      1873.00  0.000237470
      1874.00  0.000234034
      1875.00  0.000230944
      1876.00  0.000228604
      1877.00  0.000225146
      1878.00  0.000221910
      1879.00  0.000220958
      1880.00  0.000219336
      1881.00  0.000216748
      1882.00  0.000216679
      1883.00  0.000216661
      1884.00  0.000215263
      1885.00  0.000213556
      1886.00  0.000214342
      1887.00  0.000214092
      1888.00  0.000211336
      1889.00  0.000209593
      1890.00  0.000207342
      1891.00  0.000205410
      1892.00  0.000206891
      1893.00  0.000208049
      1894.00  0.000208514
      1895.00  0.000207309
      1896.00  0.000206052
      1897.00  0.000206712
      1898.00  0.000208258
      1899.00  0.000210109
      1900.00  0.000210914
      1901.00  0.000209487
      1902.00  0.000208282
      1903.00  0.000207078
      1904.00  0.000206001
      1905.00  0.000206196
      1906.00  0.000207440
      1907.00  0.000207813
      1908.00  0.000208703
      1909.00  0.000209493
      1910.00  0.000210139
      1911.00  0.000209994
      1912.00  0.000209277
      1913.00  0.000209838
      1914.00  0.000210399
      1915.00  0.000210585
      1916.00  0.000210222
      1917.00  0.000209281
      1918.00  0.000208441
      1919.00  0.000209689
      1920.00  0.000210002
      1921.00  0.000208762
      1922.00  0.000208037
      1923.00  0.000207780
      1924.00  0.000206486
      1925.00  0.000206253
      1926.00  0.000209039
      1927.00  0.000209448
      1928.00  0.000208902
      1929.00  0.000209007
      1930.00  0.000209903
      1931.00  0.000209088
      1932.00  0.000208408
      1933.00  0.000210287
      1934.00  0.000209918
      1935.00  0.000208222
      1936.00  0.000207403
      1937.00  0.000207831
      1938.00  0.000207629
      1939.00  0.000206998
      1940.00  0.000206754
      1941.00  0.000207662
      1942.00  0.000206617
      1943.00  0.000205592
      1944.00  0.000206395
      1945.00  0.000206909
      1946.00  0.000206302
      1947.00  0.000206218
      1948.00  0.000206831
      1949.00  0.000206889
      1950.00  0.000206480
      1951.00  0.000206156
      1952.00  0.000205660
      1953.00  0.000205605
      1954.00  0.000205464
      1955.00  0.000204311
      1956.00  0.000204532
      1957.00  0.000203594
      1958.00  0.000203306
      1959.00  0.000203700
      1960.00  0.000203706
      1961.00  0.000203522
      1962.00  0.000203677
      1963.00  0.000204243
      1964.00  0.000204639
      1965.00  0.000206059
      1966.00  0.000205525
      1967.00  0.000203904
      1968.00  0.000202947
      1969.00  0.000202746
      1970.00  0.000202365
      1971.00  0.000201445
      1972.00  0.000201342
      1973.00  0.000200795
      1974.00  0.000200697
      1975.00  0.000199739
      1976.00  0.000199640
      1977.00  0.000199861
      1978.00  0.000198455
      1979.00  0.000196402
      1980.00  0.000195809
      1981.00  0.000196422
      1982.00  0.000196412
      1983.00  0.000196534
      1984.00  0.000195827
      1985.00  0.000194609
      1986.00  0.000193291
      1987.00  0.000191827
      1988.00  0.000191312
      1989.00  0.000191623
      1990.00  0.000192968
      1991.00  0.000193606
      1992.00  0.000193222
      1993.00  0.000192439
      1994.00  0.000192340
      1995.00  0.000192071
      1996.00  0.000191377
      1997.00  0.000189473
      1998.00  0.000188815
      1999.00  0.000187791
      2000.00  0.000185524
      2001.00  0.000184306
      2002.00  0.000185253
      2003.00  0.000185471
      2004.00  0.000185734
      2005.00  0.000187197
      2006.00  0.000187581
      2007.00  0.000187748
      2008.00  0.000187093
      2009.00  0.000185701
      2010.00  0.000185134
      2011.00  0.000183440
      2012.00  0.000181943
      2013.00  0.000182456
      2014.00  0.000182380
      2015.00  0.000182525
      2016.00  0.000181818
      2017.00  0.000181163
      2018.00  0.000180511
      2019.00  0.000180039
      2020.00  0.000179462
      2021.00  0.000179351
      2022.00  0.000179694
      2023.00  0.000179308
      2024.00  0.000180263
      2025.00  0.000180341
      2026.00  0.000180817
      2027.00  0.000181081
      2028.00  0.000180269
      2029.00  0.000180413
      2030.00  0.000180867
      2031.00  0.000180042
      2032.00  0.000180376
      2033.00  0.000181368
      2034.00  0.000181794
      2035.00  0.000183031
      2036.00  0.000183204
      2037.00  0.000182302
      2038.00  0.000181947
      2039.00  0.000183196
      2040.00  0.000182524
      2041.00  0.000181488
      2042.00  0.000181463
      2043.00  0.000181110
      2044.00  0.000180119
      2045.00  0.000180388
      2046.00  0.000181948
      2047.00  0.000182694
      2048.00  0.000183218
      2049.00  0.000182831
      2050.00  0.000182950
      2051.00  0.000183359
      2052.00  0.000181600
      2053.00  0.000181030
      2054.00  0.000182627
      2055.00  0.000183209
      2056.00  0.000183308
      2057.00  0.000183744
      2058.00  0.000183502
      2059.00  0.000184244
      2060.00  0.000184124
      2061.00  0.000183402
      2062.00  0.000183177
      2063.00  0.000183183
      2064.00  0.000183626
      2065.00  0.000185110
      2066.00  0.000185170
      2067.00  0.000184420
      2068.00  0.000184047
      2069.00  0.000184433
      2070.00  0.000183797
      2071.00  0.000182421
      2072.00  0.000181963
      2073.00  0.000182804
      2074.00  0.000183434
      2075.00  0.000184093
      2076.00  0.000186299
      2077.00  0.000186419
      2078.00  0.000184461
      2079.00  0.000184560
      2080.00  0.000185450
      2081.00  0.000185246
      2082.00  0.000184374
      2083.00  0.000185605
      2084.00  0.000188269
      2085.00  0.000188629
      2086.00  0.000188018
      2087.00  0.000187040
      2088.00  0.000184117
      2089.00  0.000184540
      2090.00  0.000184556
      2091.00  0.000185492
      2092.00  0.000185725
      2093.00  0.000186386
      2094.00  0.000186112
      2095.00  0.000184930
      2096.00  0.000185038
      2097.00  0.000185347
      2098.00  0.000185528
      2099.00  0.000186028
      2100.00  0.000186251
      2101.00  0.000185431
      2102.00  0.000184311
      2103.00  0.000184181
      2104.00  0.000183574
      2105.00  0.000181224
      2106.00  0.000179925
      2107.00  0.000179061
      2108.00  0.000179532
      2109.00  0.000179203
      2110.00  0.000178226
      2111.00  0.000178174
      2112.00  0.000178526
      2113.00  0.000178162
      2114.00  0.000178226
      2115.00  0.000178025
      2116.00  0.000176503
      2117.00  0.000175894
      2118.00  0.000176559
      2119.00  0.000176447
      2120.00  0.000174620
      2121.00  0.000175126
      2122.00  0.000175934
      2123.00  0.000176707
      2124.00  0.000176304
      2125.00  0.000175852
      2126.00  0.000175338
      2127.00  0.000173864
      2128.00  0.000173245
      2129.00  0.000173398
      2130.00  0.000172699
      2131.00  0.000171320
      2132.00  0.000170908
      2133.00  0.000171129
      2134.00  0.000170625
      2135.00  0.000171133
      2136.00  0.000172151
      2137.00  0.000172949
      2138.00  0.000171804
      2139.00  0.000170272
      2140.00  0.000170508
      2141.00  0.000170579
      2142.00  0.000170274
      2143.00  0.000170090
      2144.00  0.000170727
      2145.00  0.000170439
      2146.00  0.000168571
      2147.00  0.000168060
      2148.00  0.000168493
      2149.00  0.000168159
      2150.00  0.000167631
      2151.00  0.000167580
      2152.00  0.000168122
      2153.00  0.000167208
      2154.00  0.000166296
      2155.00  0.000165720
      2156.00  0.000165066
      2157.00  0.000164834
      2158.00  0.000165943
      2159.00  0.000167011
      2160.00  0.000167699
      2161.00  0.000167828
      2162.00  0.000168286
      2163.00  0.000168504
      2164.00  0.000168241
      2165.00  0.000167377
      2166.00  0.000166362
      2167.00  0.000163973
      2168.00  0.000164308
      2169.00  0.000166358
      2170.00  0.000166704
      2171.00  0.000166282
      2172.00  0.000166592
      2173.00  0.000167398
      2174.00  0.000167183
      2175.00  0.000168358
      2176.00  0.000168961
      2177.00  0.000167098
      2178.00  0.000167203
      2179.00  0.000168116
      2180.00  0.000169388
      2181.00  0.000170076
      2182.00  0.000169695
      2183.00  0.000170233
      2184.00  0.000169453
      2185.00  0.000170309
      2186.00  0.000171243
      2187.00  0.000172773
      2188.00  0.000174850
      2189.00  0.000175985
      2190.00  0.000176017
      2191.00  0.000178835
      2192.00  0.000180974
      2193.00  0.000185866
      2194.00  0.000190413
      2195.00  0.000202355
      2196.00  0.000217105
      2197.00  0.000240310
      2198.00  0.000272189
      2199.00  0.000306207
      2200.00  0.000351103
      2201.00  0.000393768
      2202.00  0.000441965
      2203.00  0.000488575
      2204.00  0.000524776
      2205.00  0.000561499
      2206.00  0.000580309
      2207.00  0.000590363
      2208.00  0.000586130
      2209.00  0.000565872
      2210.00  0.000539672
      2211.00  0.000499432
      2212.00  0.000460083
      2213.00  0.000409972
      2214.00  0.000367993
      2215.00  0.000321220
      2216.00  0.000285149
      2217.00  0.000253080
      2218.00  0.000228995
      2219.00  0.000212958
      2220.00  0.000199301
      2221.00  0.000194075
      2222.00  0.000188379
      2223.00  0.000184837
      2224.00  0.000181703
      2225.00  0.000181954
      2226.00  0.000180179
      2227.00  0.000177563
      2228.00  0.000176574
      2229.00  0.000176267
      2230.00  0.000173873
      2231.00  0.000172348
      2232.00  0.000173263
      2233.00  0.000172904
      2234.00  0.000171011
      2235.00  0.000170225
      2236.00  0.000171038
      2237.00  0.000171471
      2238.00  0.000174308
      2239.00  0.000174100
      2240.00  0.000171883
      2241.00  0.000171418
      2242.00  0.000169382
      2243.00  0.000168738
      2244.00  0.000168184
      2245.00  0.000167703
      2246.00  0.000167840
      2247.00  0.000167937
      2248.00  0.000166591
      2249.00  0.000166901
      2250.00  0.000169087
      2251.00  0.000170208
      2252.00  0.000170024
      2253.00  0.000168298
      2254.00  0.000165635
      2255.00  0.000163471
      2256.00  0.000162504
      2257.00  0.000163855
      2258.00  0.000163980
      2259.00  0.000163244
      2260.00  0.000162965
      2261.00  0.000164112
      2262.00  0.000164822
      2263.00  0.000165351
      2264.00  0.000164223
      2265.00  0.000162486
      2266.00  0.000163672
      2267.00  0.000164738
      2268.00  0.000163485
      2269.00  0.000162274
      2270.00  0.000161947
      2271.00  0.000159919
      2272.00  0.000160534
      2273.00  0.000162710
      2274.00  0.000163091
      2275.00  0.000162821
      2276.00  0.000162287
      2277.00  0.000162173
      2278.00  0.000161893
      2279.00  0.000161319
      2280.00  0.000160149
      2281.00  0.000158375
      2282.00  0.000157579
      2283.00  0.000158570
      2284.00  0.000158668
      2285.00  0.000159617
      2286.00  0.000158990
      2287.00  0.000158426
      2288.00  0.000157824
      2289.00  0.000157445
      2290.00  0.000156061
      2291.00  0.000156043
      2292.00  0.000157444
      2293.00  0.000158771
      2294.00  0.000160054
      2295.00  0.000160632
      2296.00  0.000161453
      2297.00  0.000162012
      2298.00  0.000161845
      2299.00  0.000161618
      2300.00  0.000161245
      2301.00  0.000162251
      2302.00  0.000160549
      2303.00  0.000160658
      2304.00  0.000162311
      2305.00  0.000162718
      2306.00  0.000164171
      2307.00  0.000164993
      2308.00  0.000165788
      2309.00  0.000167533
      2310.00  0.000170728
      2311.00  0.000171578
      2312.00  0.000170987
      2313.00  0.000171341
      2314.00  0.000170454
      2315.00  0.000168898
      2316.00  0.000168922
      2317.00  0.000169129
      2318.00  0.000168577
      2319.00  0.000167713
      2320.00  0.000166647
      2321.00  0.000167890
      2322.00  0.000167795
      2323.00  0.000167855
      2324.00  0.000166960
      2325.00  0.000169406
      2326.00  0.000173351
      2327.00  0.000179129
      2328.00  0.000187495
      2329.00  0.000196807
      2330.00  0.000203662
      2331.00  0.000215125
      2332.00  0.000229531
      2333.00  0.000246056
      2334.00  0.000264721
      2335.00  0.000280736
      2336.00  0.000293378
      2337.00  0.000304982
      2338.00  0.000311842
      2339.00  0.000313936
      2340.00  0.000315521
      2341.00  0.000314412
      2342.00  0.000308193
      2343.00  0.000301267
      2344.00  0.000290956
      2345.00  0.000275292
      2346.00  0.000262253
      2347.00  0.000250411
      2348.00  0.000237719
      2349.00  0.000222311
      2350.00  0.000209909
      2351.00  0.000198782
      2352.00  0.000191000
      2353.00  0.000183710
      2354.00  0.000180281
      2355.00  0.000180767
      2356.00  0.000177726
      2357.00  0.000176005
      2358.00  0.000175113
      2359.00  0.000172980
      2360.00  0.000170128
      2361.00  0.000168329
      2362.00  0.000164997
      2363.00  0.000162017
      2364.00  0.000162653
      2365.00  0.000160828
      2366.00  0.000158628
      2367.00  0.000158819
      2368.00  0.000157364
      2369.00  0.000159898
      2370.00  0.000161174
      2371.00  0.000157130
      2372.00  0.000154463
      2373.00  0.000151632
      2374.00  0.000153702
      2375.00  0.000158997
      2376.00  0.000158415
      2377.00  0.000159463
      2378.00  0.000158434
      2379.00  0.000150946
      2380.00  0.000150349
      2381.00  0.000151994
      2382.00  0.000151588
      2383.00  0.000149093
      2384.00  0.000149757
      2385.00  0.000150728
      2386.00  0.000150467
      2387.00  0.000151991
      2388.00  0.000151036
      2389.00  0.000147371
      2390.00  0.000146279
      2391.00  0.000148284
      2392.00  0.000148474
      2393.00  0.000145721
      2394.00  0.000145201
      2395.00  0.000146379
      2396.00  0.000145514
      2397.00  0.000145024
      2398.00  0.000146858
      2399.00  0.000144870
      2400.00  0.000144893
      2401.00  0.000147898
      2402.00  0.000146277
      2403.00  0.000149279
      2404.00  0.000147834
      2405.00  0.000143132
      2406.00  0.000142732
      2407.00  0.000142943
      2408.00  0.000142212
      2409.00  0.000142333
      2410.00  0.000145220
      2411.00  0.000145547
      2412.00  0.000143862
      2413.00  0.000142078
      2414.00  0.000142602
      2415.00  0.000146887
      2416.00  0.000146057
      2417.00  0.000147256
      2418.00  0.000149521
      2419.00  0.000142203
      2420.00  0.000138301
      2421.00  0.000140830
      2422.00  0.000141351
      2423.00  0.000143223
      2424.00  0.000142880
      2425.00  0.000139197
      2426.00  0.000145377
      2427.00  0.000145006
      2428.00  0.000141655
      2429.00  0.000146834
      2430.00  0.000144880
      2431.00  0.000137301
      2432.00  0.000139602
      2433.00  0.000138607
      2434.00  0.000132502
      2435.00  0.000133118
      2436.00  0.000136595
      2437.00  0.000138058
      2438.00  0.000139694
      2439.00  0.000143916
      2440.00  0.000150723
      2441.00  0.000155495
      2442.00  0.000151028
      2443.00  0.000147006
      2444.00  0.000145139
      2445.00  0.000138798
      2446.00  0.000135958
      2447.00  0.000141438
      2448.00  0.000139023
      2449.00  0.000136889
      2450.00  0.000137362
      2451.00  0.000136522
      2452.00  0.000139970
      2453.00  0.000140360
      2454.00  0.000138273
      2455.00  0.000140462
      2456.00  0.000140246
      2457.00  0.000137598
      2458.00  0.000140268
      2459.00  0.000144257
      2460.00  0.000143064
      2461.00  0.000142458
      2462.00  0.000142659
      2463.00  0.000137904
      2464.00  0.000138506
      2465.00  0.000142575
      2466.00  0.000146358
      2467.00  0.000139022
      2468.00  0.000139256
      2469.00  0.000138555
      2470.00  0.000147658
      2471.00  0.000147279
      2472.00  0.000141206
      2473.00  0.000137133
      2474.00  0.000140591
      2475.00  0.000133363
      2476.00  0.000132747
      2477.00  0.000142309
      2478.00  0.000142272
      2479.00  0.000143869
      2480.00  0.000139961
      2481.00  0.000120066
      2482.00  0.000121100
      2483.00  0.000140421
      2484.00  0.000145205
      2485.00  0.000152171
      2486.00  0.000150528
      2487.00  0.000146575
      2488.00  0.000137122
      2489.00  0.000135452
      2490.00  0.000126111
      2491.00  0.000115597
      2492.00  0.000114816
      2493.00  0.000120673
      2494.00  0.000143032
      2495.00  0.000163897
      2496.00  0.000154584
      2497.00  0.000153228
      2498.00  0.000168009
      2499.00  0.000162929
      2500.00  0.000148598
