      119.500  2.78053e-05
      120.500  0.000252179
      121.500   0.00220152
      122.500  0.000531849
      123.500  2.14267e-05
      124.500  1.54075e-05
      125.500  1.29369e-05
      126.500  1.58117e-05
      127.500  9.56790e-06
      128.500  7.77111e-06
      129.500  1.79230e-05
      130.500  5.41732e-05
      131.500  1.78780e-05
      132.500  1.85518e-05
      133.500  7.54651e-05
      134.500  2.05283e-05
      135.500  1.70695e-05
      136.500  1.38802e-05
      137.500  1.31166e-05
      138.500  1.78331e-05
      139.500  3.39593e-05
      140.500  2.73112e-05
      141.500  1.89112e-05
      142.500  2.10224e-05
      143.500  2.29540e-05
      144.500  2.28641e-05
      145.500  2.48855e-05
      146.500  3.18481e-05
      147.500  3.81368e-05
      148.500  3.68342e-05
      149.500  3.57561e-05
      150.500  3.90801e-05
      151.500  4.16406e-05
      152.500  5.22416e-05
      153.500  5.83507e-05
      154.500  9.24897e-05
      155.500  9.63079e-05
      156.500  8.29667e-05
      157.500  7.71271e-05
      158.500  7.52405e-05
      159.500  7.87892e-05
      160.500  8.68747e-05
      161.500  0.000100081
      162.500  0.000113153
      163.500  0.000127617
      164.500  0.000133546
      165.500  0.000193245
      166.500  0.000179185
      167.500  0.000174064
      168.500  0.000204654
      169.500  0.000263993
      170.500  0.000297189
      171.500  0.000309048
      172.500  0.000325758
      173.500  0.000343411
      174.500  0.000407287
      175.500  0.000484684
      176.500  0.000548020
      177.500  0.000630223
      178.500  0.000690865
      179.500  0.000707935
      180.500  0.000822480
      181.500   0.00100306
      182.500   0.00100755
      183.500   0.00100800
      184.500  0.000928041
      185.500   0.00103809
      186.500   0.00121283
      187.500   0.00135163
      188.500   0.00147831
      189.500   0.00160318
      190.500   0.00169078
      191.500   0.00187091
      192.500   0.00184755
      193.500   0.00171054
      194.500   0.00234032
      195.500   0.00243779
      196.500   0.00269878
      197.500   0.00278098
      198.500   0.00277918
      199.500   0.00299345
      200.500   0.00329082
      201.500   0.00360391
      202.500   0.00371082
      203.500   0.00414025
      204.500   0.00460427
      205.500   0.00473454
      206.500   0.00497710
      207.500   0.00568234
      208.500   0.00676042
      209.500   0.00960383
      210.500    0.0125416
      211.500    0.0150661
      212.500    0.0140599
      213.500    0.0148909
      214.500    0.0179814
      215.500    0.0162385
      216.500    0.0144956
      217.500    0.0158522
      218.500    0.0199309
      219.500    0.0210763
      220.500    0.0212605
      221.500    0.0177792
      222.500    0.0223026
      223.500    0.0283039
      224.500    0.0264892
      225.500    0.0234885
      226.500    0.0176984
      227.500    0.0179319
      228.500    0.0233358
      229.500    0.0214312
      230.500    0.0234122
      231.500    0.0228956
      232.500    0.0239242
      233.500    0.0200971
      234.500    0.0175052
      235.500    0.0230977
      236.500    0.0218265
      237.500    0.0217591
      238.500    0.0188483
      239.500    0.0198186
      240.500    0.0177702
      241.500    0.0231247
      242.500    0.0317133
      243.500    0.0298851
      244.500    0.0273876
      245.500    0.0221858
      246.500    0.0226395
      247.500    0.0249304
      248.500    0.0205058
      249.500    0.0253257
      250.500    0.0269967
      251.500    0.0206676
      252.500    0.0186641
      253.500    0.0231561
      254.500    0.0267587
      255.500    0.0356213
      256.500    0.0457283
      257.500    0.0563293
      258.500    0.0561946
      259.500    0.0467165
      260.500    0.0384108
      261.500    0.0403379
      262.500    0.0465368
      263.500    0.0744769
      264.500     0.112165
      265.500     0.113512
      266.500     0.112030
      267.500     0.112659
      268.500     0.109514
      269.500     0.107313
      270.500     0.120070
      271.500     0.100800
      272.500    0.0886715
      273.500    0.0882672
      274.500    0.0595635
      275.500    0.0786544
      276.500     0.109065
      277.500     0.105022
      278.500    0.0715571
      279.500    0.0384288
      280.500    0.0425075
      281.500    0.0935678
      282.500     0.132109
      283.500     0.140823
      284.500     0.105696
      285.500    0.0732641
      286.500     0.144956
      287.500     0.151065
      288.500     0.144731
      289.500     0.212335
      290.500     0.270102
      291.500     0.260894
      292.500     0.234436
      293.500     0.240545
      294.500     0.228551
      295.500     0.248496
      296.500     0.228911
      297.500     0.227878
      298.500     0.209101
      299.500     0.217411
      300.500     0.188663
      301.500     0.204609
      302.500     0.219657
      303.500     0.278772
      304.500     0.270641
      305.500     0.267182
      306.500     0.249619
      307.500     0.276256
      308.500     0.274639
      309.500     0.223026
      310.500     0.279580
      311.500     0.327555
      312.500     0.294628
      313.500     0.314393
      314.500     0.297773
      315.500     0.284342
      316.500     0.284432
      317.500     0.347634
      318.500     0.298671
      319.500     0.319155
      320.500     0.361649
      321.500     0.314213
      322.500     0.309317
      323.500     0.297054
      324.500     0.341749
      325.500     0.393407
      326.500     0.439989
      327.500     0.427950
      328.500     0.412183
      329.500     0.476598
      330.500     0.456384
      331.500     0.433790
      332.500     0.428938
      333.500     0.413980
      334.500     0.430735
      335.500     0.423773
      336.500     0.363625
      337.500     0.378134
      338.500     0.413935
      339.500     0.430376
      340.500     0.452341
      341.500     0.414968
      342.500     0.446053
      343.500     0.427007
      344.500     0.357426
      345.500     0.421886
      346.500     0.416136
      347.500     0.405041
      348.500     0.403020
      349.500     0.399696
      350.500     0.471657
      351.500     0.439989
      352.500     0.407826
      353.500     0.464021
      354.500     0.499058
      355.500     0.469411
      356.500     0.409803
      357.500     0.357561
      358.500     0.311563
      359.500     0.445199
      360.500     0.436081
      361.500     0.394440
      362.500     0.448209
      363.500     0.447805
      364.500     0.455037
      365.500     0.517475
      366.500     0.553860
      367.500     0.530053
      368.500     0.494566
      369.500     0.550716
      370.500     0.511636
      371.500     0.527807
      372.500     0.473454
      373.500     0.413351
      374.500     0.404457
      375.500     0.477047
      376.500     0.487379
      377.500     0.575871
      378.500     0.596085
      379.500     0.478844
      380.500     0.539935
      381.500     0.486031
      382.500     0.355450
      383.500     0.307296
      384.500     0.431094
      385.500     0.452791
      386.500     0.452341
      387.500     0.450994
      388.500     0.442145
      389.500     0.527357
      390.500     0.560149
      391.500     0.602822
      392.500     0.457732
      393.500     0.261567
      394.500     0.460876
      395.500     0.590245
      396.500     0.383839
      397.500     0.417214
      398.500     0.683678
      399.500     0.747015
      400.500     0.755549
      401.500     0.784298
      402.500     0.790138
      403.500     0.756448
      404.500     0.751956
      405.500     0.748812
      406.500     0.713774
      407.500     0.731293
      408.500     0.779357
      409.500     0.770373
      410.500     0.688170
      411.500     0.816191
      412.500     0.803614
      413.500     0.788790
      414.500     0.780255
      415.500     0.778908
      416.500     0.827421
      417.500     0.747913
      418.500     0.756448
      419.500     0.764084
      420.500     0.789239
      421.500     0.807207
      422.500     0.710630
      423.500     0.768576
      424.500     0.793731
      425.500     0.761389
      426.500     0.762737
      427.500     0.704790
      428.500     0.712876
      429.500     0.662566
      430.500     0.509839
      431.500     0.757346
      432.500     0.739378
      433.500     0.777560
      434.500     0.750159
      435.500     0.773967
      436.500     0.866501
      437.500     0.811250
      438.500     0.703892
      439.500     0.819785
      440.500     0.769475
      441.500     0.867400
      442.500     0.889410
      443.500     0.857517
      444.500     0.886266
      445.500     0.817988
      446.500     0.849432
      447.500     0.932982
      448.500     0.886266
      449.500     0.910523
      450.500     0.963079
      451.500     0.947357
      452.500     0.871892
      453.500     0.884918
      454.500     0.888961
      455.500     0.913667
      456.500     0.932982
      457.500     0.943314
      458.500     0.885367
      459.500     0.902437
      460.500     0.916362
      461.500     0.923100
      462.500     0.945111
      463.500     0.916362
      464.500     0.887614
      465.500     0.917261
      466.500     0.862908
      467.500     0.905132
      468.500     0.895699
      469.500     0.893902
      470.500     0.843143
      471.500     0.906480
      472.500     0.916811
      473.500     0.894351
      474.500     0.921303
      475.500     0.905581
      476.500     0.878630
      477.500     0.932084
      478.500     0.902437
      479.500     0.932533
      480.500     0.914116
      481.500     0.938822
      482.500     0.908726
      483.500     0.906929
      484.500     0.884469
      485.500     0.822031
      486.500     0.729945
      487.500     0.822031
      488.500     0.859763
      489.500     0.880426
      490.500     0.901539
      491.500     0.851678
      492.500     0.851678
      493.500     0.848084
      494.500     0.924448
      495.500     0.865154
      496.500     0.906031
      497.500     0.906480
      498.500     0.838202
      499.500     0.884918
      500.500     0.835112
      501.500     0.816736
      502.500     0.855641
      503.500     0.875697
      504.500     0.848185
      505.500     0.906504
      506.500     0.893963
      507.500     0.870847
      508.500     0.878757
      509.500     0.879350
      510.500     0.895577
      511.500     0.920626
      512.500     0.862612
      513.500     0.861751
      514.500     0.869695
      515.500     0.883712
      516.500     0.777985
      517.500     0.806327
      518.500     0.774389
      519.500     0.857731
      520.500     0.861019
      521.500     0.898244
      522.500     0.861001
      523.500     0.896478
      524.500     0.928782
      525.500     0.917481
      526.500     0.797503
      527.500     0.872746
      528.500     0.907637
      529.500     0.919654
      530.500     0.937961
      531.500     0.945262
      532.500     0.854142
      533.500     0.929949
      534.500     0.900423
      535.500     0.966436
      536.500     0.910565
      537.500     0.917851
      538.500     0.930535
      539.500     0.897228
      540.500     0.868190
      541.500     0.925088
      542.500     0.899421
      543.500     0.927963
      544.500     0.929892
      545.500     0.942732
      546.500     0.933751
      547.500     0.912774
      548.500     0.929626
      549.500     0.947539
      550.500     0.932950
      551.500     0.939381
      552.500     0.928724
      553.500     0.948768
      554.500     0.958783
      555.500     0.960225
      556.500     0.923625
      557.500     0.938201
      558.500     0.910050
      559.500     0.922601
      560.500     0.942353
      561.500     0.934511
      562.500     0.949731
      563.500     0.957289
      564.500     0.955592
      565.500     0.928574
      566.500     0.946462
      567.500     0.978413
      568.500     0.940347
      569.500     0.968233
      570.500     0.922679
      571.500     0.952716
      572.500     0.990718
      573.500     0.984266
      574.500     0.981461
      575.500     0.963890
      576.500     0.974213
      577.500     0.981924
      578.500     0.944626
      579.500     0.970344
      580.500     0.977539
      581.500     0.987419
      582.500      1.00000
      583.500     0.993364
      584.500     0.996879
      585.500     0.957441
      586.500     0.984558
      587.500     0.996139
      588.500     0.945111
      589.500     0.872237
      590.500     0.982858
      591.500     0.970598
      592.500     0.983860
      593.500     0.979174
      594.500     0.968455
      595.500     0.975200
      596.500     0.989640
      597.500     0.977761
      598.500     0.966931
      599.500     0.978108
      600.500     0.964463
      601.500     0.969022
      602.500     0.953078
      603.500     0.992615
      604.500     0.988328
      605.500     0.982904
      606.500     0.982480
      607.500     0.983167
      608.500     0.977122
      609.500     0.979474
      610.500     0.958195
      611.500     0.984182
      612.500     0.962822
      613.500     0.952126
      614.500     0.970857
      615.500     0.972616
      616.500     0.915218
      617.500     0.972714
      618.500     0.984172
      619.500     0.976220
      620.500     0.993441
      621.500     0.969968
      622.500     0.984928
      623.500     0.959614
      624.500     0.955555
      625.500     0.943382
      626.500     0.982697
      627.500     0.984440
      628.500     0.986182
      629.500     0.976281
      631.000     0.956684
      633.000     0.967078
      635.000     0.973408
      637.000     0.975628
      639.000     0.977249
      641.000     0.958663
      643.000     0.966149
      645.000     0.973066
      647.000     0.962004
      649.000     0.938198
      651.000     0.970400
      653.000     0.969454
      655.000     0.931979
      657.000     0.844786
      659.000     0.948682
      661.000     0.965382
      663.000     0.958743
      665.000     0.965029
      667.000     0.952716
      669.000     0.962718
      671.000     0.947150
      673.000     0.953397
      675.000     0.949603
      677.000     0.951442
      679.000     0.948208
      681.000     0.947474
      683.000     0.942256
      685.000     0.929954
      687.000     0.940636
      689.000     0.939789
      691.000     0.934400
      693.000     0.937373
      695.000     0.932554
      697.000     0.922473
      699.000     0.931263
      701.000     0.908622
      703.000     0.912783
      705.000     0.933444
      707.000     0.926424
      709.000     0.918678
      711.000     0.922186
      713.000     0.917016
      715.000     0.915145
      717.000     0.909886
      719.000     0.895142
      721.000     0.899897
      723.000     0.914159
      725.000     0.918287
      727.000     0.918330
      729.000     0.902618
      731.000     0.910131
      733.000     0.907346
      735.000     0.903839
      737.000     0.905141
      739.000     0.887682
      741.000     0.876374
      743.000     0.898521
      745.000     0.896256
      747.000     0.901694
      749.000     0.895165
      751.000     0.892118
      753.000     0.892582
      755.000     0.892324
      757.000     0.889909
      759.000     0.886751
      761.000     0.887146
      763.000     0.892563
      765.000     0.880686
      767.000     0.857153
      769.000     0.872643
      771.000     0.875841
      773.000     0.881231
      775.000     0.869081
      777.000     0.877389
      779.000     0.873224
      781.000     0.875662
      783.000     0.869962
      785.000     0.875344
      787.000     0.875535
      789.000     0.875715
      791.000     0.866158
      793.000     0.857285
      795.000     0.852864
      797.000     0.868767
      799.000     0.858277
      801.000     0.865916
      803.000     0.858377
      805.000     0.850022
      807.000     0.856134
      809.000     0.839272
      811.000     0.856122
      813.000     0.859181
      815.000     0.855289
      817.000     0.855238
      819.000     0.825660
      821.000     0.841082
      823.000     0.837834
      825.000     0.841603
      826.000     0.846626
      828.000     0.849630
      830.000     0.837665
      832.000     0.830367
      834.000     0.824604
      836.000     0.835478
      838.000     0.831268
      840.000     0.830219
      842.000     0.829153
      844.000     0.821652
      846.000     0.826972
      848.000     0.825051
      850.000     0.781064
      852.000     0.807447
      854.000     0.713517
      856.000     0.794755
      858.000     0.820853
      860.000     0.816284
      862.000     0.816689
      864.000     0.822353
      866.000     0.731100
      868.000     0.777000
      870.000     0.808114
      872.000     0.817263
      874.000     0.809284
      876.000     0.805181
      878.000     0.816287
      880.000     0.801922
      882.000     0.800265
      884.000     0.807954
      886.000     0.793349
      888.000     0.800361
      890.000     0.809692
      892.000     0.800066
      894.000     0.796702
      896.000     0.803325
      898.000     0.801135
      900.000     0.787489
      902.000     0.768510
      904.000     0.802223
      906.000     0.794689
      908.000     0.783465
      910.000     0.775834
      912.000     0.782113
      914.000     0.793047
      916.000     0.789038
      918.000     0.786232
      920.000     0.784284
      922.000     0.761580
      924.000     0.759372
      926.000     0.763529
      928.000     0.779249
      930.000     0.772855
      932.000     0.772316
      934.000     0.773197
      936.000     0.766541
      938.000     0.771263
      940.000     0.760231
      942.000     0.744987
      944.000     0.753379
      946.000     0.759714
      948.000     0.764343
      950.000     0.762607
      952.000     0.759577
      954.000     0.739591
      956.000     0.741434
      958.000     0.752839
      960.000     0.751111
      962.000     0.747059
      964.000     0.741685
      966.000     0.737208
      968.000     0.740886
      970.000     0.741590
      972.000     0.741077
      974.000     0.731382
      976.000     0.733925
      978.000     0.731208
      980.000     0.729697
      982.000     0.732987
      984.000     0.728337
      986.000     0.726409
      988.000     0.723611
      990.000     0.718128
      992.000     0.722158
      994.000     0.722660
      996.000     0.721240
      998.000     0.721344
      1000.00     0.719903
      1002.00     0.720282
      1004.00     0.701528
      1006.00     0.690733
      1008.00     0.711313
      1010.00     0.710494
      1012.00     0.706844
      1014.00     0.703078
      1016.00     0.697437
      1018.00     0.695588
      1020.00     0.690393
      1022.00     0.689694
      1024.00     0.694203
      1026.00     0.692808
      1028.00     0.690318
      1030.00     0.686428
      1032.00     0.684502
      1034.00     0.677004
      1036.00     0.680517
      1038.00     0.674968
      1040.00     0.675087
      1042.00     0.674801
      1044.00     0.672806
      1046.00     0.662568
      1048.00     0.668179
      1050.00     0.667157
      1052.00     0.664713
      1054.00     0.662155
      1056.00     0.664142
      1058.00     0.654565
      1060.00     0.652065
      1062.00     0.655559
      1064.00     0.658858
      1066.00     0.653479
      1068.00     0.646643
      1070.00     0.639985
      1072.00     0.649838
      1074.00     0.645829
      1076.00     0.647370
      1078.00     0.647672
      1080.00     0.646213
      1082.00     0.631999
      1084.00     0.641503
      1086.00     0.645525
      1088.00     0.635703
      1090.00     0.646817
      1092.00     0.643749
      1094.00     0.612399
      1096.00     0.627504
      1098.00     0.626267
      1100.00     0.635863
      1102.00     0.625352
      1104.00     0.630853
      1106.00     0.628859
      1108.00     0.626854
      1110.00     0.626856
      1112.00     0.621219
      1114.00     0.622376
      1116.00     0.622039
      1118.00     0.621377
      1120.00     0.614501
      1122.00     0.621429
      1124.00     0.619571
      1126.00     0.608344
      1128.00     0.614209
      1130.00     0.610160
      1132.00     0.613879
      1134.00     0.610567
      1136.00     0.613750
      1138.00     0.605096
      1140.00     0.601852
      1142.00     0.602955
      1144.00     0.602092
      1146.00     0.606802
      1148.00     0.605279
      1150.00     0.602321
      1152.00     0.599900
      1154.00     0.603193
      1156.00     0.601531
      1158.00     0.600302
      1160.00     0.588556
      1162.00     0.590066
      1164.00     0.591800
      1166.00     0.589534
      1168.00     0.591489
      1170.00     0.588428
      1172.00     0.593733
      1174.00     0.589988
      1176.00     0.580962
      1178.00     0.582567
      1180.00     0.589008
      1182.00     0.580941
      1184.00     0.575552
      1186.00     0.585958
      1188.00     0.574218
      1190.00     0.576263
      1192.00     0.585803
      1194.00     0.584911
      1196.00     0.578890
      1198.00     0.563723
      1200.00     0.571465
      1202.00     0.579800
      1204.00     0.566961
      1206.00     0.578293
      1208.00     0.562072
      1210.00     0.562029
      1212.00     0.568787
      1214.00     0.570713
      1216.00     0.570213
      1218.00     0.567276
      1220.00     0.565603
      1222.00     0.564039
      1224.00     0.563980
      1226.00     0.561471
      1228.00     0.556966
      1230.00     0.560279
      1232.00     0.556222
      1234.00     0.554612
      1236.00     0.554287
      1238.00     0.553253
      1240.00     0.548207
      1242.00     0.547745
      1244.00     0.545861
      1246.00     0.548585
      1248.00     0.549181
      1250.00     0.548945
      1252.00     0.543474
      1254.00     0.544652
      1256.00     0.542731
      1258.00     0.541399
      1260.00     0.541855
      1262.00     0.538716
      1264.00     0.537244
      1266.00     0.536727
      1268.00     0.531513
      1270.00     0.536645
      1272.00     0.537325
      1274.00     0.535586
      1276.00     0.538803
      1278.00     0.538270
      1280.00     0.528869
      1282.00     0.488067
      1284.00     0.518622
      1286.00     0.527802
      1288.00     0.526870
      1290.00     0.520429
      1292.00     0.521071
      1294.00     0.518032
      1296.00     0.518914
      1298.00     0.514752
      1300.00     0.515750
      1302.00     0.510703
      1304.00     0.507987
      1306.00     0.511819
      1308.00     0.510951
      1310.00     0.509582
      1312.00     0.501247
      1314.00     0.500603
      1316.00     0.495966
      1318.00     0.501424
      1320.00     0.502021
      1322.00     0.498987
      1324.00     0.499076
      1326.00     0.495774
      1328.00     0.491329
      1330.00     0.488254
      1332.00     0.487059
      1334.00     0.491415
      1336.00     0.488827
      1338.00     0.485216
      1340.00     0.480579
      1342.00     0.483165
      1344.00     0.482958
      1346.00     0.480330
      1348.00     0.480243
      1350.00     0.475556
      1352.00     0.478527
      1354.00     0.476638
      1356.00     0.471280
      1358.00     0.473609
      1360.00     0.472343
      1362.00     0.473518
      1364.00     0.471600
      1366.00     0.472257
      1368.00     0.469164
      1370.00     0.466060
      1372.00     0.469560
      1374.00     0.468912
      1376.00     0.463059
      1378.00     0.466173
      1380.00     0.466686
      1382.00     0.462889
      1384.00     0.463788
      1386.00     0.462461
      1388.00     0.462833
      1390.00     0.460316
      1392.00     0.461867
      1394.00     0.459207
      1396.00     0.459701
      1398.00     0.460988
      1400.00     0.453023
      1402.00     0.455227
      1404.00     0.454387
      1406.00     0.455401
      1408.00     0.455486
      1410.00     0.454904
      1412.00     0.446189
      1414.00     0.450661
      1416.00     0.452337
      1418.00     0.453079
      1420.00     0.449801
      1422.00     0.444769
      1424.00     0.444828
      1426.00     0.441387
      1428.00     0.442515
      1430.00     0.439329
      1432.00     0.445722
      1434.00     0.444151
      1436.00     0.444876
      1438.00     0.445195
      1440.00     0.432885
      1442.00     0.433186
      1444.00     0.435256
      1446.00     0.438421
      1448.00     0.438999
      1450.00     0.435613
      1452.00     0.431669
      1454.00     0.430728
      1456.00     0.429646
      1458.00     0.435155
      1460.00     0.434211
      1462.00     0.429956
      1464.00     0.428310
      1466.00     0.429282
      1468.00     0.430670
      1470.00     0.429568
      1472.00     0.426104
      1474.00     0.421242
      1476.00     0.423733
      1478.00     0.423724
      1480.00     0.427616
      1482.00     0.424818
      1484.00     0.424666
      1486.00     0.424373
      1488.00     0.399980
      1490.00     0.422938
      1492.00     0.423901
      1494.00     0.426553
      1496.00     0.418508
      1498.00     0.422144
      1500.00     0.425082
      1502.00     0.413024
      1504.00     0.395583
      1506.00     0.402728
      1508.00     0.412993
      1510.00     0.417181
      1512.00     0.412592
      1514.00     0.408565
      1516.00     0.408645
      1518.00     0.409151
      1520.00     0.406818
      1522.00     0.401074
      1524.00     0.402854
      1526.00     0.404637
      1528.00     0.404856
      1530.00     0.393546
      1532.00     0.402019
      1534.00     0.396679
      1536.00     0.400030
      1538.00     0.395539
      1540.00     0.389616
      1542.00     0.393110
      1544.00     0.396894
      1546.00     0.396250
      1548.00     0.387739
      1550.00     0.388234
      1552.00     0.391020
      1554.00     0.383351
      1556.00     0.382841
      1558.00     0.385628
      1560.00     0.384974
      1562.00     0.387191
      1564.00     0.383376
      1566.00     0.381426
      1568.00     0.378611
      1570.00     0.380540
      1572.00     0.384774
      1574.00     0.375906
      1576.00     0.365444
      1578.00     0.367225
      1580.00     0.382280
      1582.00     0.373824
      1584.00     0.374168
      1586.00     0.375523
      1588.00     0.359966
      1590.00     0.347863
      1592.00     0.365559
      1594.00     0.374007
      1596.00     0.363050
      1598.00     0.368896
      1600.00     0.364307
      1602.00     0.361163
      1604.00     0.362516
      1606.00     0.359803
      1608.00     0.362028
      1610.00     0.348988
      1612.00     0.353537
      1614.00     0.356490
      1616.00     0.345755
      1618.00     0.353078
      1620.00     0.345392
      1622.00     0.347617
      1624.00     0.352617
      1626.00     0.350758
      1628.00     0.353281
      1630.00     0.349813
      1632.00     0.349119
      1634.00     0.345206
      1636.00     0.345094
      1638.00     0.333117
      1640.00     0.331534
      1642.00     0.332294
      1644.00     0.334230
      1646.00     0.336754
      1648.00     0.336637
      1650.00     0.333874
      1652.00     0.333461
      1654.00     0.332753
      1656.00     0.332633
      1658.00     0.331629
      1660.00     0.330771
      1662.00     0.331091
      1664.00     0.328462
      1666.00     0.326420
      1668.00     0.323785
      1670.00     0.328681
      1672.00     0.321167
      1674.00     0.324291
      1676.00     0.319726
      1678.00     0.320928
      1680.00     0.308062
      1682.00     0.304369
      1684.00     0.315647
      1686.00     0.316108
      1688.00     0.314639
      1690.00     0.312575
      1692.00     0.315411
      1694.00     0.313940
      1696.00     0.312318
      1698.00     0.310843
      1700.00     0.307133
      1702.00     0.304908
      1704.00     0.305811
      1706.00     0.305671
      1708.00     0.300906
      1710.00     0.300464
      1712.00     0.295989
      1714.00     0.304360
      1716.00     0.302274
      1718.00     0.300635
      1720.00     0.298246
      1722.00     0.295705
      1724.00     0.292711
      1726.00     0.297058
      1728.00     0.295561
      1730.00     0.297663
      1732.00     0.290611
      1734.00     0.281448
      1736.00     0.274530
      1738.00     0.280083
      1740.00     0.286544
      1742.00     0.286239
      1744.00     0.287139
      1746.00     0.281260
      1748.00     0.282157
      1750.00     0.280190
      1752.00     0.279126
      1754.00     0.280174
      1756.00     0.279260
      1758.00     0.278496
      1760.00     0.276823
      1762.00     0.271216
      1764.00     0.273473
      1766.00     0.275126
      1768.00     0.272994
      1770.00     0.271465
      1772.00     0.272058
      1774.00     0.271893
      1776.00     0.267629
      1778.00     0.265334
      1780.00     0.266836
      1782.00     0.265603
      1784.00     0.263913
      1786.00     0.264655
      1788.00     0.266007
      1790.00     0.264009
      1792.00     0.262313
      1794.00     0.260616
      1796.00     0.260290
      1798.00     0.259963
      1800.00     0.259483
      1802.00     0.255488
      1804.00     0.258063
      1806.00     0.258193
      1808.00     0.257864
      1810.00     0.258147
      1812.00     0.256592
      1814.00     0.254115
      1816.00     0.246116
      1818.00     0.233199
      1820.00     0.244981
      1822.00     0.245411
      1824.00     0.249529
      1826.00     0.250269
      1828.00     0.247780
      1830.00     0.247135
      1832.00     0.245257
      1834.00     0.244147
      1836.00     0.243653
      1838.00     0.240845
      1840.00     0.240965
      1842.00     0.237690
      1844.00     0.237963
      1846.00     0.237155
      1848.00     0.233408
      1850.00     0.239092
      1852.00     0.237355
      1854.00     0.236079
      1856.00     0.233719
      1858.00     0.236314
      1860.00     0.233021
      1862.00     0.233292
      1864.00     0.234183
      1866.00     0.231971
      1868.00     0.231775
      1870.00     0.234377
      1872.00     0.229050
      1874.00     0.217962
      1876.00     0.202194
      1878.00     0.224407
      1880.00     0.227790
      1882.00     0.229773
      1884.00     0.228327
      1886.00     0.224539
      1888.00     0.226835
      1890.00     0.222418
      1892.00     0.220027
      1894.00     0.218259
      1896.00     0.214769
      1898.00     0.217535
      1900.00     0.218738
      1902.00     0.220726
      1904.00     0.217230
      1906.00     0.217964
      1908.00     0.216031
      1910.00     0.216294
      1912.00     0.212631
      1914.00     0.215249
      1916.00     0.213783
      1918.00     0.212787
      1920.00     0.209744
      1922.00     0.212523
      1924.00     0.211209
      1926.00     0.211785
      1928.00     0.208420
      1930.00     0.207103
      1932.00     0.206415
      1934.00     0.208410
      1936.00     0.209775
      1938.00     0.208771
      1940.00     0.205394
      1942.00     0.204704
      1944.00     0.190400
      1946.00     0.188751
      1948.00     0.201359
      1950.00     0.199872
      1952.00     0.199017
      1954.00     0.204032
      1956.00     0.202544
      1958.00     0.201848
      1960.00     0.200357
      1962.00     0.197116
      1964.00     0.194349
      1966.00     0.195875
      1968.00     0.197402
      1970.00     0.197339
      1972.00     0.193291
      1974.00     0.192587
      1976.00     0.195232
      1978.00     0.190539
      1980.00     0.190950
      1982.00     0.192480
      1984.00     0.191294
      1986.00     0.188349
      1988.00     0.191159
      1990.00     0.191731
      1992.00     0.188941
      1994.00     0.186148
      1996.00     0.188001
      1998.00     0.185846
      2000.00     0.187700
      2002.00     0.186346
      2004.00     0.184348
      2006.00     0.184275
      2008.00     0.185489
      2010.00     0.184774
      2012.00     0.184219
      2014.00     0.183180
      2016.00     0.183107
      2018.00     0.182711
      2020.00     0.179896
      2022.00     0.178531
      2024.00     0.180068
      2026.00     0.179993
      2028.00     0.178787
      2030.00     0.175479
      2032.00     0.177502
      2034.00     0.176616
      2036.00     0.175244
      2038.00     0.172252
      2040.00     0.174601
      2042.00     0.174360
      2044.00     0.174443
      2046.00     0.173715
      2048.00     0.172499
      2050.00     0.171931
      2052.00     0.170064
      2054.00     0.169982
      2056.00     0.170063
      2058.00     0.169167
      2060.00     0.167294
      2062.00     0.166559
      2064.00     0.163706
      2066.00     0.167043
      2068.00     0.166144
      2070.00     0.163612
      2072.00     0.163853
      2074.00     0.164746
      2076.00     0.164334
      2078.00     0.163431
      2080.00     0.161513
      2082.00     0.161360
      2084.00     0.159930
      2086.00     0.161315
      2088.00     0.161113
      2090.00     0.160418
      2092.00     0.156870
      2094.00     0.157370
      2096.00     0.157231
      2098.00     0.157961
      2100.00     0.157805
      2102.00     0.157403
      2104.00     0.157180
      2106.00     0.157501
      2108.00     0.156570
      2110.00     0.154717
      2112.00     0.155712
      2114.00     0.155521
      2116.00     0.153862
      2118.00     0.153604
      2120.00     0.153082
      2122.00     0.153153
      2124.00     0.151804
      2126.00     0.152189
      2128.00     0.152541
      2130.00     0.152347
      2132.00     0.152435
      2134.00     0.151595
      2136.00     0.149296
      2138.00     0.150990
      2140.00     0.150612
      2142.00     0.150367
      2144.00     0.149474
      2146.00     0.148431
      2148.00     0.149164
      2150.00     0.148868
      2152.00     0.148205
      2154.00     0.147692
      2156.00     0.147693
      2158.00     0.147229
      2160.00     0.146281
      2162.00     0.144765
      2164.00     0.140997
      2166.00     0.130936
      2168.00     0.138524
      2170.00     0.142879
      2172.00     0.143513
      2174.00     0.143596
      2176.00     0.142658
      2178.00     0.140934
      2180.00     0.142204
      2182.00     0.141064
      2184.00     0.141665
      2186.00     0.141864
      2188.00     0.138777
      2190.00     0.139294
      2192.00     0.140583
      2194.00     0.140177
      2196.00     0.139721
      2198.00     0.139466
      2200.00     0.138958
      2202.00     0.138433
      2204.00     0.138176
      2206.00     0.134115
      2208.00     0.134176
      2210.00     0.136159
      2212.00     0.136642
      2214.00     0.136148
      2216.00     0.134894
      2218.00     0.134550
      2220.00     0.135068
      2222.00     0.134538
      2224.00     0.133991
      2226.00     0.132107
      2228.00     0.132421
      2230.00     0.132566
      2232.00     0.132355
      2234.00     0.132195
      2236.00     0.131509
      2238.00     0.129703
      2240.00     0.129610
      2242.00     0.129719
      2244.00     0.129472
      2246.00     0.129327
      2248.00     0.127822
      2250.00     0.128237
      2252.00     0.127802
      2254.00     0.125987
      2256.00     0.126385
      2258.00     0.126766
      2260.00     0.126482
      2262.00     0.124459
      2264.00     0.125027
      2266.00     0.124845
      2268.00     0.125106
      2270.00     0.124650
      2272.00     0.124364
      2274.00     0.123993
      2276.00     0.123826
      2278.00     0.123933
      2280.00     0.122671
      2282.00     0.120020
      2284.00     0.122096
      2286.00     0.122133
      2288.00     0.122240
      2290.00     0.122003
      2292.00     0.121319
      2294.00     0.118849
      2296.00     0.118696
      2298.00     0.118939
      2300.00     0.119577
      2302.00     0.119664
      2304.00     0.119305
      2306.00     0.119221
      2308.00     0.118895
      2310.00     0.118414
      2312.00     0.118415
      2314.00     0.117760
      2316.00     0.117002
      2318.00     0.116467
      2320.00     0.116916
      2322.00     0.115361
      2324.00     0.113009
      2326.00     0.113457
      2328.00     0.114719
      2330.00     0.114545
      2332.00     0.114042
      2334.00     0.113867
      2336.00     0.113311
      2338.00     0.112668
      2340.00     0.113134
      2342.00     0.113514
      2344.00     0.113043
      2346.00     0.112694
      2348.00     0.112500
      2350.00     0.112220
      2352.00     0.109416
      2354.00     0.108594
      2356.00     0.109391
      2358.00     0.109161
      2360.00     0.109941
      2362.00     0.109937
      2364.00     0.109812
      2366.00     0.109668
      2368.00     0.109350
      2370.00     0.108490
      2372.00     0.108468
      2374.00     0.106050
      2376.00     0.107811
      2378.00     0.108349
      2380.00     0.108046
      2382.00     0.106798
      2384.00     0.103113
      2386.00     0.103561
      2388.00     0.105290
      2390.00     0.105775
      2392.00     0.105453
      2394.00     0.105411
      2396.00     0.105334
      2398.00     0.105258
      2400.00     0.104513
      2402.00     0.104928
      2404.00     0.104622
      2406.00     0.104210
      2408.00     0.104185
      2410.00     0.104001
      2412.00     0.103906
      2414.00     0.101129
      2416.00    0.0987914
      2418.00     0.101465
      2420.00     0.101897
      2422.00     0.101889
      2424.00     0.101209
      2426.00     0.101094
      2428.00     0.101049
      2430.00     0.101093
      2432.00     0.100960
      2434.00    0.0999233
      2436.00    0.0995592
      2438.00    0.0992656
      2440.00     0.100018
      2442.00    0.0996712
      2444.00    0.0994660
      2446.00    0.0976443
      2448.00    0.0969582
      2450.00    0.0970891
      2452.00    0.0965976
      2454.00    0.0970487
      2456.00    0.0955778
      2458.00    0.0960109
      2460.00    0.0972103
      2462.00    0.0969850
      2464.00    0.0969021
      2466.00    0.0964089
      2468.00    0.0961828
      2470.00    0.0943498
      2472.00    0.0951942
      2474.00    0.0949315
      2476.00    0.0955087
      2478.00    0.0948345
      2480.00    0.0926211
      2482.00    0.0919987
      2484.00    0.0934529
      2486.00    0.0924361
      2488.00    0.0926372
      2490.00    0.0936810
      2492.00    0.0932370
      2494.00    0.0928642
      2496.00    0.0924912
      2498.00    0.0925668
      2500.00    0.0926244
      2520.00    0.0895519
      2540.00    0.0864974
      2560.00    0.0839460
      2580.00    0.0817539
      2600.00    0.0800829
      2620.00    0.0773517
      2640.00    0.0756628
      2660.00    0.0732910
      2680.00    0.0712966
      2700.00    0.0694818
      2720.00    0.0676131
      2740.00    0.0658164
      2760.00    0.0637141
      2780.00    0.0623126
      2800.00    0.0608213
      2820.00    0.0592401
      2840.00    0.0576589
      2860.00    0.0560418
      2880.00    0.0544786
      2900.00    0.0533467
      2920.00    0.0519272
      2940.00    0.0506155
      2960.00    0.0494117
      2980.00    0.0481899
      3000.00    0.0469321
      3020.00    0.0457642
      3040.00    0.0442908
      3060.00    0.0435182
      3080.00    0.0424761
      3100.00    0.0414339
      3120.00    0.0403559
      3140.00    0.0394934
      3160.00    0.0385231
      3180.00    0.0376607
      3200.00    0.0367982
      3220.00    0.0359358
      3240.00    0.0350553
      3260.00    0.0342648
      3280.00    0.0333843
      3300.00    0.0323781
      3320.00    0.0317672
      3340.00    0.0312102
      3360.00    0.0304915
      3380.00    0.0298087
      3400.00    0.0290181
      3420.00    0.0284611
      3440.00    0.0279221
      3460.00    0.0273112
      3480.00    0.0267003
      3500.00    0.0261612
      3520.00    0.0256042
      3540.00    0.0250293
      3560.00    0.0244723
      3580.00    0.0239692
      3600.00    0.0234840
      3620.00    0.0230169
      3640.00    0.0224778
      3660.00    0.0219568
      3680.00    0.0214357
      3700.00    0.0208787
      3720.00    0.0205732
      3740.00    0.0199084
      3760.00    0.0196928
      3780.00    0.0193694
      3800.00    0.0189921
      3820.00    0.0186507
      3840.00    0.0183093
      3860.00    0.0179373
      3880.00    0.0175762
      3900.00    0.0172474
      3920.00    0.0169383
      3940.00    0.0165897
      3960.00    0.0162286
      3980.00    0.0159142
      4000.00    0.0155764
      4020.00    0.0153751
      4040.00    0.0150661
      4060.00    0.0147642
      4080.00    0.0144713
      4100.00    0.0141838
      4120.00    0.0139053
      4140.00    0.0136322
      4160.00    0.0133663
      4180.00    0.0131058
      4200.00    0.0128524
      4220.00    0.0126045
      4240.00    0.0123637
      4260.00    0.0121265
      4280.00    0.0118965
      4300.00    0.0116719
      4320.00    0.0114527
      4340.00    0.0112371
      4360.00    0.0110287
      4380.00    0.0108239
      4400.00    0.0106244
      4420.00    0.0104286
      4440.00    0.0102381
      4460.00    0.0100512
      4480.00   0.00986796
      4500.00   0.00969008
      4520.00   0.00951579
      4540.00   0.00934510
      4560.00   0.00917799
      4580.00   0.00901628
      4600.00   0.00885637
      4620.00   0.00870005
      4640.00   0.00854732
      4660.00   0.00839819
      4680.00   0.00825265
      4700.00   0.00811070
      4720.00   0.00797055
      4740.00   0.00783400
      4760.00   0.00769924
      4780.00   0.00756807
      4800.00   0.00744050
      4820.00   0.00731473
      4840.00   0.00719254
      4860.00   0.00707216
      4880.00   0.00695357
      4900.00   0.00683858
      4920.00   0.00672538
      4940.00   0.00661398
      4960.00   0.00650617
      4980.00   0.00640016
      5000.00   0.00629595
      5050.00   0.00609830
      5100.00   0.00587011
      5150.00   0.00565270
      5200.00   0.00544427
      5250.00   0.00524662
      5300.00   0.00505796
      5350.00   0.00487828
      5400.00   0.00470579
      5450.00   0.00454048
      5500.00   0.00438237
      5550.00   0.00423144
      5600.00   0.00408769
      5650.00   0.00394934
      5700.00   0.00381638
      5750.00   0.00369060
      5800.00   0.00356842
      5850.00   0.00345163
      5900.00   0.00334023
      5950.00   0.00323242
      6000.00   0.00313001
      6050.00   0.00303118
      6100.00   0.00293595
      6150.00   0.00284432
      6200.00   0.00275627
      6250.00   0.00267182
      6300.00   0.00259097
      6350.00   0.00251371
      6400.00   0.00243824
      6450.00   0.00236637
      6500.00   0.00229630
      6550.00   0.00222802
      6600.00   0.00216333
      6650.00   0.00210224
      6700.00   0.00204115
      6750.00   0.00198365
      6800.00   0.00192795
      6850.00   0.00187405
      6900.00   0.00182194
      6950.00   0.00177199
      7000.00   0.00172348
      7050.00   0.00167658
      7100.00   0.00163148
      7150.00   0.00158764
      7200.00   0.00154542
      7250.00   0.00150463
      7300.00   0.00146510
      7350.00   0.00142701
      7400.00   0.00139000
      7450.00   0.00135424
      7500.00   0.00131956
      7550.00   0.00128614
      7600.00   0.00125362
      7650.00   0.00122218
      7700.00   0.00119181
      7750.00   0.00116234
      7800.00   0.00113377
      7850.00   0.00110610
      7900.00   0.00107915
      7950.00   0.00105328
      8000.00   0.00102794
      8050.00   0.00100351
      8100.00  0.000979789
      8150.00  0.000956610
      8200.00  0.000934330
      8250.00  0.000912589
      8300.00  0.000891387
      8350.00  0.000870903
      8400.00  0.000851139
      8450.00  0.000831733
      8500.00  0.000813047
      8550.00  0.000794719
      8600.00  0.000776931
      8650.00  0.000759682
      8700.00  0.000742972
      8750.00  0.000726621
      8800.00  0.000710809
      8850.00  0.000695357
      8900.00  0.000680444
      8950.00  0.000665890
      9000.00  0.000651695
      9050.00  0.000637860
      9100.00  0.000624384
      9150.00  0.000611267
      9200.00  0.000598510
      9250.00  0.000586112
      9300.00  0.000574074
      9350.00  0.000562215
      9400.00  0.000550716
      9450.00  0.000539576
      9500.00  0.000528615
      9550.00  0.000518014
      9600.00  0.000507593
      9650.00  0.000497531
      9700.00  0.000487648
      9750.00  0.000478125
      9800.00  0.000468602
      9850.00  0.000459619
      9900.00  0.000450635
      9950.00  0.000442010
      10000.0  0.000433385
      11000.0  0.000293775
      12000.0  0.000206990
      13000.0  0.000149852
      14000.0  0.000111221
      15000.0  8.42694e-05
      16000.0  6.48641e-05
      17000.0  5.08491e-05
      18000.0  4.04277e-05
      19000.0  3.25219e-05
      20000.0  2.64128e-05
      25000.0  1.08706e-05
      30000.0  5.26459e-06
      35000.0  2.83893e-06
      40000.0  1.67281e-06
      50000.0  6.88170e-07
      60000.0  3.32406e-07
      80000.0  1.05651e-07
      100000.  4.34823e-08
      120000.  2.10224e-08
      150000.  8.64255e-09
      200000.  2.74909e-09
      250000.  1.12838e-09
      300000.  5.30053e-10
      400000.  1.81476e-10
  1.00000e+06  6.07314e-12
