      119.500  2.88713e-05
      120.500  0.000261847
      121.500   0.00228591
      122.500  0.000552239
      123.500  2.22481e-05
      124.500  1.59981e-05
      125.500  1.34328e-05
      126.500  1.64179e-05
      127.500  9.93470e-06
      128.500  8.06903e-06
      129.500  1.86101e-05
      130.500  5.62500e-05
      131.500  1.85634e-05
      132.500  1.92631e-05
      133.500  7.83582e-05
      134.500  2.13153e-05
      135.500  1.77239e-05
      136.500  1.44123e-05
      137.500  1.36194e-05
      138.500  1.85168e-05
      139.500  3.52612e-05
      140.500  2.83582e-05
      141.500  1.96362e-05
      142.500  2.18284e-05
      143.500  2.38340e-05
      144.500  2.37407e-05
      145.500  2.58396e-05
      146.500  3.30690e-05
      147.500  3.95989e-05
      148.500  3.82463e-05
      149.500  3.71269e-05
      150.500  4.05784e-05
      151.500  4.32369e-05
      152.500  5.42444e-05
      153.500  6.05877e-05
      154.500  9.60354e-05
      155.500  0.000100000
      156.500  8.61474e-05
      157.500  8.00840e-05
      158.500  7.81250e-05
      159.500  8.18097e-05
      160.500  9.02052e-05
      161.500  0.000103918
      162.500  0.000117491
      163.500  0.000132509
      164.500  0.000138666
      165.500  0.000200653
      166.500  0.000186054
      167.500  0.000180737
      168.500  0.000212500
      169.500  0.000274114
      170.500  0.000308582
      171.500  0.000320896
      172.500  0.000338246
      173.500  0.000356576
      174.500  0.000422901
      175.500  0.000503265
      176.500  0.000569030
      177.500  0.000654384
      178.500  0.000717351
      179.500  0.000735075
      180.500  0.000854011
      181.500   0.00104151
      182.500   0.00104618
      183.500   0.00104664
      184.500  0.000963619
      185.500   0.00107789
      186.500   0.00125933
      187.500   0.00140345
      188.500   0.00153498
      189.500   0.00166465
      190.500   0.00175560
      191.500   0.00194263
      192.500   0.00191838
      193.500   0.00177612
      194.500   0.00243004
      195.500   0.00253125
      196.500   0.00280224
      197.500   0.00288759
      198.500   0.00288573
      199.500   0.00310821
      200.500   0.00341698
      201.500   0.00374207
      202.500   0.00385308
      203.500   0.00429897
      204.500   0.00478078
      205.500   0.00491604
      206.500   0.00516791
      207.500   0.00590019
      208.500   0.00701959
      209.500   0.00997201
      210.500    0.0130224
      211.500    0.0156437
      212.500    0.0145989
      213.500    0.0154618
      214.500    0.0186707
      215.500    0.0168610
      216.500    0.0150513
      217.500    0.0164599
      218.500    0.0206950
      219.500    0.0218843
      220.500    0.0220756
      221.500    0.0184608
      222.500    0.0231577
      223.500    0.0293890
      224.500    0.0275047
      225.500    0.0243890
      226.500    0.0183769
      227.500    0.0186194
      228.500    0.0242304
      229.500    0.0222528
      230.500    0.0243097
      231.500    0.0237733
      232.500    0.0248414
      233.500    0.0208675
      234.500    0.0181763
      235.500    0.0239832
      236.500    0.0226632
      237.500    0.0225933
      238.500    0.0195709
      239.500    0.0205784
      240.500    0.0184515
      241.500    0.0240112
      242.500    0.0329291
      243.500    0.0310308
      244.500    0.0284375
      245.500    0.0230364
      246.500    0.0235075
      247.500    0.0258862
      248.500    0.0212920
      249.500    0.0262966
      250.500    0.0280317
      251.500    0.0214599
      252.500    0.0193797
      253.500    0.0240438
      254.500    0.0277845
      255.500    0.0369869
      256.500    0.0474813
      257.500    0.0584888
      258.500    0.0583489
      259.500    0.0485075
      260.500    0.0398834
      261.500    0.0418843
      262.500    0.0483209
      263.500    0.0773321
      264.500     0.116465
      265.500     0.117864
      266.500     0.116325
      267.500     0.116978
      268.500     0.113713
      269.500     0.111427
      270.500     0.124674
      271.500     0.104664
      272.500    0.0920709
      273.500    0.0916511
      274.500    0.0618470
      275.500    0.0816698
      276.500     0.113246
      277.500     0.109049
      278.500    0.0743004
      279.500    0.0399021
      280.500    0.0441371
      281.500    0.0971549
      282.500     0.137174
      283.500     0.146222
      284.500     0.109748
      285.500    0.0760728
      286.500     0.150513
      287.500     0.156856
      288.500     0.150280
      289.500     0.220476
      290.500     0.280457
      291.500     0.270896
      292.500     0.243424
      293.500     0.249767
      294.500     0.237313
      295.500     0.258022
      296.500     0.237687
      297.500     0.236614
      298.500     0.217118
      299.500     0.225746
      300.500     0.195896
      301.500     0.212453
      302.500     0.228078
      303.500     0.289459
      304.500     0.281017
      305.500     0.277425
      306.500     0.259188
      307.500     0.286847
      308.500     0.285168
      309.500     0.231576
      310.500     0.290299
      311.500     0.340112
      312.500     0.305924
      313.500     0.326446
      314.500     0.309188
      315.500     0.295243
      316.500     0.295336
      317.500     0.360961
      318.500     0.310121
      319.500     0.331390
      320.500     0.375513
      321.500     0.326259
      322.500     0.321175
      323.500     0.308442
      324.500     0.354851
      325.500     0.408489
      326.500     0.456856
      327.500     0.444356
      328.500     0.427985
      329.500     0.494869
      330.500     0.473881
      331.500     0.450420
      332.500     0.445382
      333.500     0.429851
      334.500     0.447248
      335.500     0.440019
      336.500     0.377565
      337.500     0.392631
      338.500     0.429804
      339.500     0.446875
      340.500     0.469683
      341.500     0.430877
      342.500     0.463153
      343.500     0.443377
      344.500     0.371129
      345.500     0.438060
      346.500     0.432090
      347.500     0.420569
      348.500     0.418470
      349.500     0.415019
      350.500     0.489739
      351.500     0.456856
      352.500     0.423461
      353.500     0.481810
      354.500     0.518190
      355.500     0.487407
      356.500     0.425513
      357.500     0.371269
      358.500     0.323507
      359.500     0.462267
      360.500     0.452799
      361.500     0.409562
      362.500     0.465392
      363.500     0.464972
      364.500     0.472481
      365.500     0.537313
      366.500     0.575093
      367.500     0.550373
      368.500     0.513526
      369.500     0.571828
      370.500     0.531250
      371.500     0.548041
      372.500     0.491604
      373.500     0.429198
      374.500     0.419963
      375.500     0.495336
      376.500     0.506063
      377.500     0.597948
      378.500     0.618937
      379.500     0.497202
      380.500     0.560634
      381.500     0.504664
      382.500     0.369076
      383.500     0.319076
      384.500     0.447621
      385.500     0.470149
      386.500     0.469683
      387.500     0.468284
      388.500     0.459095
      389.500     0.547575
      390.500     0.581623
      391.500     0.625933
      392.500     0.475280
      393.500     0.271595
      394.500     0.478545
      395.500     0.612873
      396.500     0.398554
      397.500     0.433209
      398.500     0.709888
      399.500     0.775653
      400.500     0.784515
      401.500     0.814366
      402.500     0.820429
      403.500     0.785448
      404.500     0.780784
      405.500     0.777519
      406.500     0.741138
      407.500     0.759328
      408.500     0.809235
      409.500     0.799907
      410.500     0.714552
      411.500     0.847481
      412.500     0.834422
      413.500     0.819030
      414.500     0.810168
      415.500     0.808769
      416.500     0.859142
      417.500     0.776586
      418.500     0.785448
      419.500     0.793377
      420.500     0.819496
      421.500     0.838153
      422.500     0.737873
      423.500     0.798041
      424.500     0.824160
      425.500     0.790578
      426.500     0.791978
      427.500     0.731810
      428.500     0.740205
      429.500     0.687966
      430.500     0.529384
      431.500     0.786381
      432.500     0.767724
      433.500     0.807369
      434.500     0.778918
      435.500     0.803638
      436.500     0.899720
      437.500     0.842351
      438.500     0.730877
      439.500     0.851213
      440.500     0.798974
      441.500     0.900653
      442.500     0.923507
      443.500     0.890392
      444.500     0.920243
      445.500     0.849347
      446.500     0.881996
      447.500     0.968750
      448.500     0.920243
      449.500     0.945429
      450.500      1.00000
      451.500     0.983675
      452.500     0.905317
      453.500     0.918843
      454.500     0.923041
      455.500     0.948694
      456.500     0.968750
      457.500     0.979478
      458.500     0.919310
      459.500     0.937034
      460.500     0.951493
      461.500     0.958489
      462.500     0.981343
      463.500     0.951493
      464.500     0.921642
      465.500     0.952425
      466.500     0.895989
      467.500     0.939832
      468.500     0.930037
      469.500     0.928172
      470.500     0.875466
      471.500     0.941231
      472.500     0.951959
      473.500     0.928638
      474.500     0.956623
      475.500     0.940298
      476.500     0.912313
      477.500     0.967817
      478.500     0.937034
      479.500     0.968284
      480.500     0.949160
      481.500     0.974813
      482.500     0.943563
      483.500     0.941698
      484.500     0.918377
      485.500     0.853545
      486.500     0.757929
      487.500     0.853545
      488.500     0.892724
      489.500     0.914179
      490.500     0.936101
      491.500     0.884328
      492.500     0.884328
      493.500     0.880597
      494.500     0.959888
      495.500     0.898321
      496.500     0.940765
      497.500     0.941231
      498.500     0.870336
      499.500     0.918843
      500.500     0.866138
      501.500     0.845149
      502.500     0.883395
      503.500     0.902052
      504.500     0.871735
      505.500     0.929571
      506.500     0.914645
      507.500     0.888993
      508.500     0.895056
      509.500     0.893657
      510.500     0.908116
      511.500     0.931437
      512.500     0.870802
      513.500     0.868004
      514.500     0.874067
      515.500     0.886194
      516.500     0.778452
      517.500     0.805037
      518.500     0.771455
      519.500     0.852612
      520.500     0.854011
      521.500     0.888993
      522.500     0.850280
      523.500     0.883395
      524.500     0.913246
      525.500     0.900187
      526.500     0.780784
      527.500     0.852612
      528.500     0.884795
      529.500     0.894590
      530.500     0.910448
      531.500     0.915578
      532.500     0.825560
      533.500     0.896922
      534.500     0.866605
      535.500     0.928172
      536.500     0.872668
      537.500     0.877798
      538.500     0.888060
      539.500     0.854478
      540.500     0.825093
      541.500     0.877332
      542.500     0.851213
      543.500     0.876399
      544.500     0.876399
      545.500     0.886660
      546.500     0.876399
      547.500     0.854944
      548.500     0.868937
      549.500     0.883862
      550.500     0.868470
      551.500     0.872668
      552.500     0.861007
      553.500     0.877798
      554.500     0.885261
      555.500     0.884795
      556.500     0.849347
      557.500     0.861007
      558.500     0.833489
      559.500     0.843284
      560.500     0.859608
      561.500     0.850746
      562.500     0.862873
      563.500     0.868004
      564.500     0.864739
      565.500     0.838619
      566.500     0.853078
      567.500     0.880131
      568.500     0.844216
      569.500     0.867537
      570.500     0.825093
      571.500     0.850280
      572.500     0.882463
      573.500     0.875000
      574.500     0.870802
      575.500     0.853545
      576.500     0.861007
      577.500     0.866138
      578.500     0.831623
      579.500     0.852612
      580.500     0.857276
      581.500     0.864272
      582.500     0.873601
      583.500     0.866138
      584.500     0.867537
      585.500     0.831623
      586.500     0.853545
      587.500     0.861940
      588.500     0.816231
      589.500     0.751866
      590.500     0.845616
      591.500     0.833489
      592.500     0.843284
      593.500     0.837687
      594.500     0.826959
      595.500     0.831157
      596.500     0.841884
      597.500     0.830224
      598.500     0.819496
      599.500     0.827425
      600.500     0.814366
      601.500     0.816698
      602.500     0.801772
      603.500     0.833489
      604.500     0.828358
      605.500     0.822295
      606.500     0.820429
      607.500     0.819496
      608.500     0.812966
      609.500     0.813433
      610.500     0.794310
      611.500     0.814366
      612.500     0.795243
      613.500     0.784981
      614.500     0.798974
      615.500     0.798974
      616.500     0.750466
      617.500     0.796175
      618.500     0.804105
      619.500     0.796175
      620.500     0.808769
      621.500     0.788246
      622.500     0.798974
      623.500     0.777052
      624.500     0.772388
      625.500     0.761194
      626.500     0.791511
      627.500     0.791511
      628.500     0.791511
      629.500     0.782183
      631.000     0.764459
      633.000     0.770056
      635.000     0.772388
      637.000     0.771455
      639.000     0.770056
      641.000     0.752798
      643.000     0.756063
      645.000     0.758862
      647.000     0.747668
      649.000     0.726679
      651.000     0.749067
      653.000     0.745802
      655.000     0.714552
      657.000     0.645522
      659.000     0.722481
      661.000     0.732743
      663.000     0.725280
      665.000     0.727612
      667.000     0.715952
      669.000     0.721082
      671.000     0.707090
      673.000     0.709422
      675.000     0.704291
      677.000     0.703358
      679.000     0.698694
      681.000     0.695895
      683.000     0.689832
      685.000     0.678638
      687.000     0.684235
      689.000     0.681437
      691.000     0.675373
      693.000     0.675373
      695.000     0.669776
      697.000     0.660448
      699.000     0.664645
      701.000     0.646455
      703.000     0.647388
      705.000     0.659981
      707.000     0.652985
      709.000     0.645522
      711.000     0.645989
      713.000     0.640392
      715.000     0.637127
      717.000     0.631530
      719.000     0.619403
      721.000     0.620802
      723.000     0.628731
      725.000     0.629664
      727.000     0.627798
      729.000     0.615205
      731.000     0.618470
      733.000     0.614739
      735.000     0.610541
      737.000     0.609608
      739.000     0.596082
      741.000     0.586754
      743.000     0.599813
      745.000     0.596548
      747.000     0.598414
      749.000     0.592351
      751.000     0.588619
      753.000     0.587220
      755.000     0.585355
      757.000     0.582090
      759.000     0.578358
      761.000     0.576959
      763.000     0.578825
      765.000     0.569496
      767.000     0.552705
      769.000     0.561101
      771.000     0.561567
      773.000     0.563433
      775.000     0.554105
      777.000     0.557836
      779.000     0.553638
      781.000     0.553638
      783.000     0.548507
      785.000     0.550373
      787.000     0.548974
      789.000     0.547575
      791.000     0.540112
      793.000     0.533116
      795.000     0.528918
      797.000     0.537313
      799.000     0.529384
      801.000     0.532649
      803.000     0.526586
      805.000     0.520056
      807.000     0.522388
      809.000     0.510728
      811.000     0.519590
      813.000     0.520056
      815.000     0.516325
      817.000     0.514925
      819.000     0.495802
      821.000     0.503731
      823.000     0.500466
      825.000     0.501399
      826.000     0.503731
      828.000     0.504198
      830.000     0.495802
      832.000     0.490205
      834.000     0.485541
      836.000     0.490672
      838.000     0.486940
      840.000     0.485075
      842.000     0.483209
      844.000     0.477612
      846.000     0.479478
      848.000     0.477146
      850.000     0.450560
      852.000     0.464599
      854.000     0.409515
      856.000     0.454991
      858.000     0.468750
      860.000     0.464972
      862.000     0.464039
      864.000     0.466091
      866.000     0.413340
      868.000     0.438200
      870.000     0.454618
      872.000     0.458629
      874.000     0.453032
      876.000     0.449627
      878.000     0.454711
      880.000     0.445616
      882.000     0.443610
      884.000     0.446782
      886.000     0.437640
      888.000     0.440438
      890.000     0.444496
      892.000     0.438153
      894.000     0.435261
      896.000     0.437826
      898.000     0.435588
      900.000     0.427146
      902.000     0.415858
      904.000     0.433069
      906.000     0.427985
      908.000     0.420942
      910.000     0.415858
      912.000     0.418237
      914.000     0.423088
      916.000     0.419963
      918.000     0.417491
      920.000     0.415485
      922.000     0.402519
      924.000     0.400420
      926.000     0.401679
      928.000     0.409002
      930.000     0.404711
      932.000     0.403498
      934.000     0.403032
      936.000     0.398647
      938.000     0.400187
      940.000     0.393563
      942.000     0.384795
      944.000     0.388246
      946.000     0.390625
      948.000     0.392118
      950.000     0.390345
      952.000     0.387920
      954.000     0.376866
      956.000     0.376959
      958.000     0.381903
      960.000     0.380177
      962.000     0.377285
      964.000     0.373741
      966.000     0.370662
      968.000     0.371688
      970.000     0.371222
      972.000     0.370149
      974.000     0.364506
      976.000     0.364972
      978.000     0.362826
      980.000     0.361287
      982.000     0.362127
      984.000     0.359049
      986.000     0.357323
      988.000     0.355177
      990.000     0.351726
      992.000     0.352938
      994.000     0.352425
      996.000     0.350979
      998.000     0.350280
      1000.00     0.348834
      1002.00     0.348368
      1004.00     0.338666
      1006.00     0.332836
      1008.00     0.342118
      1010.00     0.341091
      1012.00     0.338713
      1014.00     0.336287
      1016.00     0.332976
      1018.00     0.331483
      1020.00     0.328405
      1022.00     0.327472
      1024.00     0.329011
      1026.00     0.327752
      1028.00     0.325980
      1030.00     0.323554
      1032.00     0.322062
      1034.00     0.317957
      1036.00     0.319030
      1038.00     0.315858
      1040.00     0.315345
      1042.00     0.314645
      1044.00     0.313153
      1046.00     0.307836
      1048.00     0.309888
      1050.00     0.308862
      1052.00     0.307183
      1054.00     0.305457
      1056.00     0.305830
      1058.00     0.300886
      1060.00     0.299207
      1062.00     0.300280
      1064.00     0.301259
      1066.00     0.298274
      1068.00     0.294636
      1070.00     0.291091
      1072.00     0.295056
      1074.00     0.292724
      1076.00     0.292910
      1078.00     0.292537
      1080.00     0.291371
      1082.00     0.284468
      1084.00     0.288246
      1086.00     0.289552
      1088.00     0.284655
      1090.00     0.289132
      1092.00     0.287267
      1094.00     0.272808
      1096.00     0.279058
      1098.00     0.278032
      1100.00     0.281810
      1102.00     0.276679
      1104.00     0.278638
      1106.00     0.277285
      1108.00     0.275933
      1110.00     0.275466
      1112.00     0.272528
      1114.00     0.272575
      1116.00     0.271968
      1118.00     0.271222
      1120.00     0.267770
      1122.00     0.270336
      1124.00     0.269076
      1126.00     0.263759
      1128.00     0.265858
      1130.00     0.263666
      1132.00     0.264832
      1134.00     0.262966
      1136.00     0.263899
      1138.00     0.259748
      1140.00     0.257929
      1142.00     0.257976
      1144.00     0.257183
      1146.00     0.258769
      1148.00     0.257696
      1150.00     0.256017
      1152.00     0.254571
      1154.00     0.255550
      1156.00     0.254431
      1158.00     0.253498
      1160.00     0.248134
      1162.00     0.248368
      1164.00     0.248694
      1166.00     0.247341
      1168.00     0.247761
      1170.00     0.246082
      1172.00     0.247901
      1174.00     0.245942
      1176.00     0.241791
      1178.00     0.242071
      1180.00     0.244356
      1182.00     0.240625
      1184.00     0.238013
      1186.00     0.241931
      1188.00     0.236707
      1190.00     0.237174
      1192.00     0.240718
      1194.00     0.239972
      1196.00     0.237127
      1198.00     0.230550
      1200.00     0.233349
      1202.00     0.236381
      1204.00     0.230784
      1206.00     0.235028
      1208.00     0.228078
      1210.00     0.227705
      1212.00     0.230084
      1214.00     0.230504
      1216.00     0.229944
      1218.00     0.228405
      1220.00     0.227379
      1222.00     0.226399
      1224.00     0.226026
      1226.00     0.224674
      1228.00     0.222528
      1230.00     0.223507
      1232.00     0.221549
      1234.00     0.220569
      1236.00     0.220103
      1238.00     0.219356
      1240.00     0.217024
      1242.00     0.216511
      1244.00     0.215438
      1246.00     0.216185
      1248.00     0.216091
      1250.00     0.215672
      1252.00     0.213200
      1254.00     0.213340
      1256.00     0.212267
      1258.00     0.211427
      1260.00     0.211287
      1262.00     0.209748
      1264.00     0.208862
      1266.00     0.208349
      1268.00     0.206017
      1270.00     0.207696
      1272.00     0.207649
      1274.00     0.206670
      1276.00     0.207603
      1278.00     0.207090
      1280.00     0.203172
      1282.00     0.187220
      1284.00     0.198647
      1286.00     0.201866
      1288.00     0.201213
      1290.00     0.198461
      1292.00     0.198414
      1294.00     0.196968
      1296.00     0.197015
      1298.00     0.195149
      1300.00     0.195243
      1302.00     0.193050
      1304.00     0.191744
      1306.00     0.192910
      1308.00     0.192304
      1310.00     0.191511
      1312.00     0.188106
      1314.00     0.187593
      1316.00     0.185588
      1318.00     0.187360
      1320.00     0.187313
      1322.00     0.185914
      1324.00     0.185681
      1326.00     0.184188
      1328.00     0.182276
      1330.00     0.180877
      1332.00     0.180177
      1334.00     0.181530
      1336.00     0.180317
      1338.00     0.178731
      1340.00     0.176772
      1342.00     0.177472
      1344.00     0.177146
      1346.00     0.175933
      1348.00     0.175653
      1350.00     0.173694
      1352.00     0.174534
      1354.00     0.173601
      1356.00     0.171409
      1358.00     0.172015
      1360.00     0.171315
      1362.00     0.171502
      1364.00     0.170569
      1366.00     0.170569
      1368.00     0.169216
      1370.00     0.167864
      1372.00     0.168890
      1374.00     0.168424
      1376.00     0.166091
      1378.00     0.166978
      1380.00     0.166931
      1382.00     0.165345
      1384.00     0.165438
      1386.00     0.164739
      1388.00     0.164646
      1390.00     0.163526
      1392.00     0.163853
      1394.00     0.162687
      1396.00     0.162640
      1398.00     0.162873
      1400.00     0.159841
      1402.00     0.160401
      1404.00     0.159888
      1406.00     0.160028
      1408.00     0.159841
      1410.00     0.159422
      1412.00     0.156157
      1414.00     0.157509
      1416.00     0.157882
      1418.00     0.157929
      1420.00     0.156576
      1422.00     0.154618
      1424.00     0.154431
      1426.00     0.153032
      1428.00     0.153218
      1430.00     0.151912
      1432.00     0.153918
      1434.00     0.153172
      1436.00     0.153218
      1438.00     0.153125
      1440.00     0.148694
      1442.00     0.148601
      1444.00     0.149114
      1446.00     0.150000
      1448.00     0.150000
      1450.00     0.148647
      1452.00     0.147108
      1454.00     0.146595
      1456.00     0.146035
      1458.00     0.147715
      1460.00     0.147201
      1462.00     0.145569
      1464.00     0.144823
      1466.00     0.144963
      1468.00     0.145243
      1470.00     0.144683
      1472.00     0.143330
      1474.00     0.141511
      1476.00     0.142164
      1478.00     0.141978
      1480.00     0.143097
      1482.00     0.141978
      1484.00     0.141744
      1486.00     0.141465
      1488.00     0.133162
      1490.00     0.140625
      1492.00     0.140765
      1494.00     0.141465
      1496.00     0.138619
      1498.00     0.139646
      1500.00     0.140438
      1502.00     0.136381
      1504.00     0.130550
      1506.00     0.132836
      1508.00     0.136147
      1510.00     0.137453
      1512.00     0.135868
      1514.00     0.134468
      1516.00     0.134422
      1518.00     0.134515
      1520.00     0.133675
      1522.00     0.131716
      1524.00     0.132229
      1526.00     0.132743
      1528.00     0.132743
      1530.00     0.128965
      1532.00     0.131670
      1534.00     0.129851
      1536.00     0.130877
      1538.00     0.129338
      1540.00     0.127332
      1542.00     0.128405
      1544.00     0.129571
      1546.00     0.129291
      1548.00     0.126446
      1550.00     0.126539
      1552.00     0.127379
      1554.00     0.124813
      1556.00     0.124580
      1558.00     0.125420
      1560.00     0.125140
      1562.00     0.125793
      1564.00     0.124487
      1566.00     0.123787
      1568.00     0.122808
      1570.00     0.123368
      1572.00     0.124674
      1574.00     0.121735
      1576.00     0.118284
      1578.00     0.118797
      1580.00     0.123601
      1582.00     0.120802
      1584.00     0.120849
      1586.00     0.121222
      1588.00     0.116138
      1590.00     0.112174
      1592.00     0.117817
      1594.00     0.120476
      1596.00     0.116884
      1598.00     0.118703
      1600.00     0.117164
      1602.00     0.116091
      1604.00     0.116465
      1606.00     0.115532
      1608.00     0.116185
      1610.00     0.111940
      1612.00     0.113340
      1614.00     0.114226
      1616.00     0.110728
      1618.00     0.113013
      1620.00     0.110494
      1622.00     0.111147
      1624.00     0.112687
      1626.00     0.112034
      1628.00     0.112780
      1630.00     0.111614
      1632.00     0.111334
      1634.00     0.110028
      1636.00     0.109935
      1638.00     0.106063
      1640.00     0.105504
      1642.00     0.105690
      1644.00     0.106250
      1646.00     0.106996
      1648.00     0.106903
      1650.00     0.105970
      1652.00     0.105784
      1654.00     0.105504
      1656.00     0.105410
      1658.00     0.105037
      1660.00     0.104711
      1662.00     0.104757
      1664.00     0.103871
      1666.00     0.103172
      1668.00     0.102285
      1670.00     0.103778
      1672.00     0.101353
      1674.00     0.102285
      1676.00     0.100793
      1678.00     0.101119
      1680.00    0.0970149
      1682.00    0.0958022
      1684.00    0.0993004
      1686.00    0.0993937
      1688.00    0.0988806
      1690.00    0.0981810
      1692.00    0.0990205
      1694.00    0.0985075
      1696.00    0.0979478
      1698.00    0.0974347
      1700.00    0.0962220
      1702.00    0.0954757
      1704.00    0.0957090
      1706.00    0.0956157
      1708.00    0.0940765
      1710.00    0.0938899
      1712.00    0.0924440
      1714.00    0.0950093
      1716.00    0.0943097
      1718.00    0.0937500
      1720.00    0.0929571
      1722.00    0.0921175
      1724.00    0.0911381
      1726.00    0.0924440
      1728.00    0.0919310
      1730.00    0.0925373
      1732.00    0.0902985
      1734.00    0.0874067
      1736.00    0.0852145
      1738.00    0.0868937
      1740.00    0.0888526
      1742.00    0.0887127
      1744.00    0.0889459
      1746.00    0.0870802
      1748.00    0.0873134
      1750.00    0.0866605
      1752.00    0.0862873
      1754.00    0.0865672
      1756.00    0.0862407
      1758.00    0.0859608
      1760.00    0.0854011
      1762.00    0.0836287
      1764.00    0.0842817
      1766.00    0.0847481
      1768.00    0.0840485
      1770.00    0.0835354
      1772.00    0.0836754
      1774.00    0.0835821
      1776.00    0.0822295
      1778.00    0.0814832
      1780.00    0.0819030
      1782.00    0.0814832
      1784.00    0.0809235
      1786.00    0.0811101
      1788.00    0.0814832
      1790.00    0.0808302
      1792.00    0.0802705
      1794.00    0.0797108
      1796.00    0.0795709
      1798.00    0.0794310
      1800.00    0.0792444
      1802.00    0.0779851
      1804.00    0.0787313
      1806.00    0.0787313
      1808.00    0.0785914
      1810.00    0.0786381
      1812.00    0.0781250
      1814.00    0.0773321
      1816.00    0.0748601
      1818.00    0.0708955
      1820.00    0.0744403
      1822.00    0.0745336
      1824.00    0.0757463
      1826.00    0.0759328
      1828.00    0.0751399
      1830.00    0.0749067
      1832.00    0.0743004
      1834.00    0.0739272
      1836.00    0.0737407
      1838.00    0.0728545
      1840.00    0.0728545
      1842.00    0.0718284
      1844.00    0.0718750
      1846.00    0.0715951
      1848.00    0.0704291
      1850.00    0.0721082
      1852.00    0.0715485
      1854.00    0.0711287
      1856.00    0.0703825
      1858.00    0.0711287
      1860.00    0.0701026
      1862.00    0.0701493
      1864.00    0.0703825
      1866.00    0.0696828
      1868.00    0.0695895
      1870.00    0.0703358
      1872.00    0.0687034
      1874.00    0.0653452
      1876.00    0.0605877
      1878.00    0.0672108
      1880.00    0.0681903
      1882.00    0.0687500
      1884.00    0.0682836
      1886.00    0.0671175
      1888.00    0.0677705
      1890.00    0.0664179
      1892.00    0.0656716
      1894.00    0.0651119
      1896.00    0.0640392
      1898.00    0.0648321
      1900.00    0.0651586
      1902.00    0.0657183
      1904.00    0.0646455
      1906.00    0.0648321
      1908.00    0.0642257
      1910.00    0.0642724
      1912.00    0.0631530
      1914.00    0.0638993
      1916.00    0.0634328
      1918.00    0.0631063
      1920.00    0.0621735
      1922.00    0.0629664
      1924.00    0.0625466
      1926.00    0.0626866
      1928.00    0.0616604
      1930.00    0.0612407
      1932.00    0.0610075
      1934.00    0.0615672
      1936.00    0.0619403
      1938.00    0.0616138
      1940.00    0.0605877
      1942.00    0.0603545
      1944.00    0.0561101
      1946.00    0.0555970
      1948.00    0.0592817
      1950.00    0.0588153
      1952.00    0.0585354
      1954.00    0.0599813
      1956.00    0.0595149
      1958.00    0.0592817
      1960.00    0.0588153
      1962.00    0.0578358
      1964.00    0.0569963
      1966.00    0.0574160
      1968.00    0.0578358
      1970.00    0.0577892
      1972.00    0.0565765
      1974.00    0.0563433
      1976.00    0.0570896
      1978.00    0.0556903
      1980.00    0.0557836
      1982.00    0.0562034
      1984.00    0.0558302
      1986.00    0.0549440
      1988.00    0.0557369
      1990.00    0.0558769
      1992.00    0.0550373
      1994.00    0.0541978
      1996.00    0.0547108
      1998.00    0.0540578
      2000.00    0.0545709
      2002.00    0.0541511
      2004.00    0.0535448
      2006.00    0.0534981
      2008.00    0.0538246
      2010.00    0.0535914
      2012.00    0.0534048
      2014.00    0.0530784
      2016.00    0.0530317
      2018.00    0.0528918
      2020.00    0.0520522
      2022.00    0.0516325
      2024.00    0.0520522
      2026.00    0.0520056
      2028.00    0.0516325
      2030.00    0.0506530
      2032.00    0.0512127
      2034.00    0.0509328
      2036.00    0.0505131
      2038.00    0.0496269
      2040.00    0.0502799
      2042.00    0.0501866
      2044.00    0.0501866
      2046.00    0.0499534
      2048.00    0.0495802
      2050.00    0.0493937
      2052.00    0.0488340
      2054.00    0.0487873
      2056.00    0.0487873
      2058.00    0.0485075
      2060.00    0.0479478
      2062.00    0.0477146
      2064.00    0.0468750
      2066.00    0.0478078
      2068.00    0.0475280
      2070.00    0.0467817
      2072.00    0.0468284
      2074.00    0.0470616
      2076.00    0.0469216
      2078.00    0.0466418
      2080.00    0.0460728
      2082.00    0.0460075
      2084.00    0.0455784
      2086.00    0.0459515
      2088.00    0.0458722
      2090.00    0.0456530
      2092.00    0.0446222
      2094.00    0.0447435
      2096.00    0.0446828
      2098.00    0.0448694
      2100.00    0.0448041
      2102.00    0.0446688
      2104.00    0.0445849
      2106.00    0.0446548
      2108.00    0.0443703
      2110.00    0.0438246
      2112.00    0.0440858
      2114.00    0.0440112
      2116.00    0.0435215
      2118.00    0.0434282
      2120.00    0.0432603
      2122.00    0.0432603
      2124.00    0.0428591
      2126.00    0.0429478
      2128.00    0.0430271
      2130.00    0.0429524
      2132.00    0.0429571
      2134.00    0.0427006
      2136.00    0.0420336
      2138.00    0.0424907
      2140.00    0.0423647
      2142.00    0.0422761
      2144.00    0.0420056
      2146.00    0.0416931
      2148.00    0.0418797
      2150.00    0.0417771
      2152.00    0.0415718
      2154.00    0.0414086
      2156.00    0.0413899
      2158.00    0.0412407
      2160.00    0.0409562
      2162.00    0.0405131
      2164.00    0.0394403
      2166.00    0.0366091
      2168.00    0.0387127
      2170.00    0.0399114
      2172.00    0.0400700
      2174.00    0.0400746
      2176.00    0.0397948
      2178.00    0.0392957
      2180.00    0.0396315
      2182.00    0.0392957
      2184.00    0.0394450
      2186.00    0.0394823
      2188.00    0.0386054
      2190.00    0.0387313
      2192.00    0.0390718
      2194.00    0.0389412
      2196.00    0.0387966
      2198.00    0.0387080
      2200.00    0.0385494
      2202.00    0.0383862
      2204.00    0.0382976
      2206.00    0.0371549
      2208.00    0.0371549
      2210.00    0.0376866
      2212.00    0.0378032
      2214.00    0.0376493
      2216.00    0.0372854
      2218.00    0.0371735
      2220.00    0.0372994
      2222.00    0.0371362
      2224.00    0.0369683
      2226.00    0.0364319
      2228.00    0.0365019
      2230.00    0.0365252
      2232.00    0.0364506
      2234.00    0.0363899
      2236.00    0.0361847
      2238.00    0.0356716
      2240.00    0.0356297
      2242.00    0.0356437
      2244.00    0.0355597
      2246.00    0.0355037
      2248.00    0.0350746
      2250.00    0.0351726
      2252.00    0.0350373
      2254.00    0.0345243
      2256.00    0.0346175
      2258.00    0.0347062
      2260.00    0.0346129
      2262.00    0.0340438
      2264.00    0.0341838
      2266.00    0.0341185
      2268.00    0.0341744
      2270.00    0.0340345
      2272.00    0.0339412
      2274.00    0.0338246
      2276.00    0.0337640
      2278.00    0.0337780
      2280.00    0.0334188
      2282.00    0.0326819
      2284.00    0.0332323
      2286.00    0.0332276
      2288.00    0.0332416
      2290.00    0.0331623
      2292.00    0.0329618
      2294.00    0.0322761
      2296.00    0.0322202
      2298.00    0.0322715
      2300.00    0.0324300
      2302.00    0.0324394
      2304.00    0.0323274
      2306.00    0.0322901
      2308.00    0.0321875
      2310.00    0.0320429
      2312.00    0.0320289
      2314.00    0.0318377
      2316.00    0.0316185
      2318.00    0.0314599
      2320.00    0.0315672
      2322.00    0.0311334
      2324.00    0.0304851
      2326.00    0.0305923
      2328.00    0.0309188
      2330.00    0.0308582
      2332.00    0.0307090
      2334.00    0.0306483
      2336.00    0.0304851
      2338.00    0.0302985
      2340.00    0.0304104
      2342.00    0.0304991
      2344.00    0.0303591
      2346.00    0.0302519
      2348.00    0.0301866
      2350.00    0.0300979
      2352.00    0.0293330
      2354.00    0.0290998
      2356.00    0.0293004
      2358.00    0.0292257
      2360.00    0.0294216
      2362.00    0.0294076
      2364.00    0.0293610
      2366.00    0.0293097
      2368.00    0.0292118
      2370.00    0.0289692
      2372.00    0.0289506
      2374.00    0.0282929
      2376.00    0.0287500
      2378.00    0.0288806
      2380.00    0.0287873
      2382.00    0.0284422
      2384.00    0.0274487
      2386.00    0.0275560
      2388.00    0.0280037
      2390.00    0.0281203
      2392.00    0.0280224
      2394.00    0.0279991
      2396.00    0.0279664
      2398.00    0.0279338
      2400.00    0.0277239
      2402.00    0.0278218
      2404.00    0.0277285
      2406.00    0.0276073
      2408.00    0.0275886
      2410.00    0.0275280
      2412.00    0.0274907
      2414.00    0.0267444
      2416.00    0.0261147
      2418.00    0.0268097
      2420.00    0.0269123
      2422.00    0.0268983
      2424.00    0.0267071
      2426.00    0.0266651
      2428.00    0.0266418
      2430.00    0.0266418
      2432.00    0.0265951
      2434.00    0.0263106
      2436.00    0.0262034
      2438.00    0.0261147
      2440.00    0.0263013
      2442.00    0.0261987
      2444.00    0.0261334
      2446.00    0.0256437
      2448.00    0.0254524
      2450.00    0.0254757
      2452.00    0.0253358
      2454.00    0.0254431
      2456.00    0.0250466
      2458.00    0.0251493
      2460.00    0.0254524
      2462.00    0.0253825
      2464.00    0.0253498
      2466.00    0.0252099
      2468.00    0.0251399
      2470.00    0.0246502
      2472.00    0.0248601
      2474.00    0.0247808
      2476.00    0.0249207
      2478.00    0.0247341
      2480.00    0.0241465
      2482.00    0.0239739
      2484.00    0.0243424
      2486.00    0.0240672
      2488.00    0.0241091
      2490.00    0.0243703
      2492.00    0.0242444
      2494.00    0.0241371
      2496.00    0.0240299
      2498.00    0.0240392
      2500.00    0.0240438
      2520.00    0.0232463
      2540.00    0.0224534
      2560.00    0.0217910
      2580.00    0.0212220
      2600.00    0.0207882
      2620.00    0.0200793
      2640.00    0.0196409
      2660.00    0.0190252
      2680.00    0.0185075
      2700.00    0.0180364
      2720.00    0.0175513
      2740.00    0.0170849
      2760.00    0.0165392
      2780.00    0.0161754
      2800.00    0.0157882
      2820.00    0.0153778
      2840.00    0.0149674
      2860.00    0.0145476
      2880.00    0.0141418
      2900.00    0.0138479
      2920.00    0.0134795
      2940.00    0.0131390
      2960.00    0.0128265
      2980.00    0.0125093
      3000.00    0.0121828
      3020.00    0.0118797
      3040.00    0.0114972
      3060.00    0.0112966
      3080.00    0.0110261
      3100.00    0.0107556
      3120.00    0.0104757
      3140.00    0.0102519
      3160.00    0.0100000
      3180.00   0.00977612
      3200.00   0.00955224
      3220.00   0.00932836
      3240.00   0.00909981
      3260.00   0.00889459
      3280.00   0.00866605
      3300.00   0.00840485
      3320.00   0.00824627
      3340.00   0.00810168
      3360.00   0.00791511
      3380.00   0.00773787
      3400.00   0.00753265
      3420.00   0.00738806
      3440.00   0.00724813
      3460.00   0.00708955
      3480.00   0.00693097
      3500.00   0.00679104
      3520.00   0.00664646
      3540.00   0.00649720
      3560.00   0.00635261
      3580.00   0.00622201
      3600.00   0.00609608
      3620.00   0.00597481
      3640.00   0.00583489
      3660.00   0.00569963
      3680.00   0.00556437
      3700.00   0.00541978
      3720.00   0.00534048
      3740.00   0.00516791
      3760.00   0.00511194
      3780.00   0.00502798
      3800.00   0.00493004
      3820.00   0.00484142
      3840.00   0.00475280
      3860.00   0.00465625
      3880.00   0.00456250
      3900.00   0.00447715
      3920.00   0.00439692
      3940.00   0.00430644
      3960.00   0.00421269
      3980.00   0.00413106
      4000.00   0.00404338
      4020.00   0.00399114
      4040.00   0.00391091
      4060.00   0.00383256
      4080.00   0.00375653
      4100.00   0.00368190
      4120.00   0.00360961
      4140.00   0.00353871
      4160.00   0.00346968
      4180.00   0.00340205
      4200.00   0.00333629
      4220.00   0.00327192
      4240.00   0.00320942
      4260.00   0.00314785
      4280.00   0.00308815
      4300.00   0.00302985
      4320.00   0.00297295
      4340.00   0.00291698
      4360.00   0.00286287
      4380.00   0.00280970
      4400.00   0.00275793
      4420.00   0.00270709
      4440.00   0.00265765
      4460.00   0.00260914
      4480.00   0.00256157
      4500.00   0.00251539
      4520.00   0.00247015
      4540.00   0.00242584
      4560.00   0.00238246
      4580.00   0.00234049
      4600.00   0.00229897
      4620.00   0.00225840
      4640.00   0.00221875
      4660.00   0.00218004
      4680.00   0.00214226
      4700.00   0.00210541
      4720.00   0.00206903
      4740.00   0.00203358
      4760.00   0.00199860
      4780.00   0.00196455
      4800.00   0.00193144
      4820.00   0.00189879
      4840.00   0.00186707
      4860.00   0.00183582
      4880.00   0.00180504
      4900.00   0.00177519
      4920.00   0.00174580
      4940.00   0.00171688
      4960.00   0.00168890
      4980.00   0.00166138
      5000.00   0.00163433
      5050.00   0.00158302
      5100.00   0.00152379
      5150.00   0.00146735
      5200.00   0.00141325
      5250.00   0.00136194
      5300.00   0.00131297
      5350.00   0.00126632
      5400.00   0.00122155
      5450.00   0.00117864
      5500.00   0.00113759
      5550.00   0.00109841
      5600.00   0.00106110
      5650.00   0.00102519
      5700.00  0.000990672
      5750.00  0.000958022
      5800.00  0.000926306
      5850.00  0.000895989
      5900.00  0.000867071
      5950.00  0.000839086
      6000.00  0.000812500
      6050.00  0.000786847
      6100.00  0.000762127
      6150.00  0.000738339
      6200.00  0.000715485
      6250.00  0.000693563
      6300.00  0.000672575
      6350.00  0.000652519
      6400.00  0.000632929
      6450.00  0.000614272
      6500.00  0.000596082
      6550.00  0.000578358
      6600.00  0.000561567
      6650.00  0.000545709
      6700.00  0.000529851
      6750.00  0.000514925
      6800.00  0.000500466
      6850.00  0.000486474
      6900.00  0.000472948
      6950.00  0.000459981
      7000.00  0.000447388
      7050.00  0.000435215
      7100.00  0.000423507
      7150.00  0.000412127
      7200.00  0.000401166
      7250.00  0.000390578
      7300.00  0.000380317
      7350.00  0.000370429
      7400.00  0.000360821
      7450.00  0.000351539
      7500.00  0.000342537
      7550.00  0.000333862
      7600.00  0.000325420
      7650.00  0.000317257
      7700.00  0.000309375
      7750.00  0.000301726
      7800.00  0.000294310
      7850.00  0.000287127
      7900.00  0.000280131
      7950.00  0.000273414
      8000.00  0.000266838
      8050.00  0.000260494
      8100.00  0.000254338
      8150.00  0.000248321
      8200.00  0.000242537
      8250.00  0.000236894
      8300.00  0.000231390
      8350.00  0.000226073
      8400.00  0.000220942
      8450.00  0.000215905
      8500.00  0.000211054
      8550.00  0.000206297
      8600.00  0.000201679
      8650.00  0.000197202
      8700.00  0.000192864
      8750.00  0.000188619
      8800.00  0.000184515
      8850.00  0.000180504
      8900.00  0.000176632
      8950.00  0.000172854
      9000.00  0.000169170
      9050.00  0.000165578
      9100.00  0.000162080
      9150.00  0.000158675
      9200.00  0.000155364
      9250.00  0.000152146
      9300.00  0.000149021
      9350.00  0.000145942
      9400.00  0.000142957
      9450.00  0.000140065
      9500.00  0.000137220
      9550.00  0.000134468
      9600.00  0.000131763
      9650.00  0.000129151
      9700.00  0.000126586
      9750.00  0.000124114
      9800.00  0.000121642
      9850.00  0.000119310
      9900.00  0.000116978
      9950.00  0.000114739
      10000.0  0.000112500
      11000.0  7.62593e-05
      12000.0  5.37313e-05
      13000.0  3.88993e-05
      14000.0  2.88713e-05
      15000.0  2.18750e-05
      16000.0  1.68377e-05
      17000.0  1.31996e-05
      18000.0  1.04944e-05
      19000.0  8.44216e-06
      20000.0  6.85634e-06
      25000.0  2.82183e-06
      30000.0  1.36660e-06
      35000.0  7.36940e-07
      40000.0  4.34235e-07
      50000.0  1.78638e-07
      60000.0  8.62873e-08
      80000.0  2.74254e-08
      100000.  1.12873e-08
      120000.  5.45709e-09
      150000.  2.24347e-09
      200000.  7.13619e-10
      250000.  2.92910e-10
      300000.  1.37593e-10
      400000.  4.71082e-11
  1.00000e+06  1.57649e-12
