XY01	 -174600  -121490   	10.0	4862 4870 	silicon	CCD	frame	20	100.00	Group0	0.0073295 0.00000 0.00000 0.00000 0.00000 0.00000 sensor.txt     0.00
XY02	 -174600   -70060   	10.0	4862 4870 	silicon	CCD	frame	20	100.00	Group0	0.0073295 0.00000 0.00000 0.00000 0.00000 0.00000 sensor.txt     0.00
XY03	 -174600   -18630   	10.0	4862 4870 	silicon	CCD	frame	20	100.00	Group0	0.0073295 0.00000 0.00000 0.00000 0.00000 0.00000 sensor.txt     0.00
XY04	 -174600    32800   	10.0	4862 4870 	silicon	CCD	frame	20	100.00	Group0	0.0073295 0.00000 0.00000 0.00000 0.00000 0.00000 sensor.txt     0.00
XY05	 -174600    84230   	10.0	4862 4870 	silicon	CCD	frame	20	100.00	Group0	0.0073295 0.00000 0.00000 0.00000 0.00000 0.00000 sensor.txt     0.00
XY06	 -174600   135660   	10.0	4862 4870 	silicon	CCD	frame	20	100.00	Group0	0.0073295 0.00000 0.00000 0.00000 0.00000 0.00000 sensor.txt     0.00
XY10	 -124890  -172920   	10.0	4862 4870 	silicon	CCD	frame	20	100.00	Group0	0.0073295 0.00000 0.00000 0.00000 0.00000 0.00000 sensor.txt     0.00
XY11	 -124890  -121490   	10.0	4862 4870 	silicon	CCD	frame	20	100.00	Group0	0.0073295 0.00000 0.00000 0.00000 0.00000 0.00000 sensor.txt     0.00
XY12	 -124890   -70060   	10.0	4862 4870 	silicon	CCD	frame	20	100.00	Group0	0.0073295 0.00000 0.00000 0.00000 0.00000 0.00000 sensor.txt     0.00
XY13	 -124890   -18630   	10.0	4862 4870 	silicon	CCD	frame	20	100.00	Group0	0.0073295 0.00000 0.00000 0.00000 0.00000 0.00000 sensor.txt     0.00
XY14	 -124890    32800   	10.0	4862 4870 	silicon	CCD	frame	20	100.00	Group0	0.0073295 0.00000 0.00000 0.00000 0.00000 0.00000 sensor.txt     0.00
XY15	 -124890    84230   	10.0	4862 4870 	silicon	CCD	frame	20	100.00	Group0	0.0073295 0.00000 0.00000 0.00000 0.00000 0.00000 sensor.txt     0.00
XY16	 -124890   135660   	10.0	4862 4870 	silicon	CCD	frame	20	100.00	Group0	0.0073295 0.00000 0.00000 0.00000 0.00000 0.00000 sensor.txt     0.00
XY17	 -124890   187090   	10.0	4862 4870 	silicon	CCD	frame	20	100.00	Group0	0.0073295 0.00000 0.00000 0.00000 0.00000 0.00000 sensor.txt     0.00
XY20	  -75180  -172920   	10.0	4862 4870 	silicon	CCD	frame	20	100.00	Group0	0.0073295 0.00000 0.00000 0.00000 0.00000 0.00000 sensor.txt     0.00
XY21	  -75180  -121490   	10.0	4862 4870 	silicon	CCD	frame	20	100.00	Group0	0.0073295 0.00000 0.00000 0.00000 0.00000 0.00000 sensor.txt     0.00
XY22	  -75180   -70060   	10.0	4862 4870 	silicon	CCD	frame	20	100.00	Group0	0.0073295 0.00000 0.00000 0.00000 0.00000 0.00000 sensor.txt     0.00
XY23	  -75180   -18630   	10.0	4862 4870 	silicon	CCD	frame	20	100.00	Group0	0.0073295 0.00000 0.00000 0.00000 0.00000 0.00000 sensor.txt     0.00
XY24	  -75180    32800   	10.0	4862 4870 	silicon	CCD	frame	20	100.00	Group0	0.0073295 0.00000 0.00000 0.00000 0.00000 0.00000 sensor.txt     0.00
XY25	  -75180    84230   	10.0	4862 4870 	silicon	CCD	frame	20	100.00	Group0	0.0073295 0.00000 0.00000 0.00000 0.00000 0.00000 sensor.txt     0.00
XY26	  -75180   135660   	10.0	4862 4870 	silicon	CCD	frame	20	100.00	Group0	0.0073295 0.00000 0.00000 0.00000 0.00000 0.00000 sensor.txt     0.00
XY27	  -75180   187090   	10.0	4862 4870 	silicon	CCD	frame	20	100.00	Group0	0.0073295 0.00000 0.00000 0.00000 0.00000 0.00000 sensor.txt     0.00
XY30	  -25470  -172920   	10.0	4862 4870 	silicon	CCD	frame	20	100.00	Group0	0.0073295 0.00000 0.00000 0.00000 0.00000 0.00000 sensor.txt     0.00
XY31	  -25470  -121490   	10.0	4862 4870 	silicon	CCD	frame	20	100.00	Group0	0.0073295 0.00000 0.00000 0.00000 0.00000 0.00000 sensor.txt     0.00
XY32	  -25470   -70060   	10.0	4862 4870 	silicon	CCD	frame	20	100.00	Group0	0.0073295 0.00000 0.00000 0.00000 0.00000 0.00000 sensor.txt     0.00
XY33	  -25470   -18630   	10.0	4862 4870 	silicon	CCD	frame	20	100.00	Group0	0.0073295 0.00000 0.00000 0.00000 0.00000 0.00000 sensor.txt     0.00
XY34	  -25470    32800   	10.0	4862 4870 	silicon	CCD	frame	20	100.00	Group0	0.0073295 0.00000 0.00000 0.00000 0.00000 0.00000 sensor.txt     0.00
XY35	  -25470    84230   	10.0	4862 4870 	silicon	CCD	frame	20	100.00	Group0	0.0073295 0.00000 0.00000 0.00000 0.00000 0.00000 sensor.txt     0.00
XY36	  -25470   135660   	10.0	4862 4870 	silicon	CCD	frame	20	100.00	Group0	0.0073295 0.00000 0.00000 0.00000 0.00000 0.00000 sensor.txt     0.00
XY37	  -25470   187090   	10.0	4862 4870 	silicon	CCD	frame	20	100.00	Group0	0.0073295 0.00000 0.00000 0.00000 0.00000 0.00000 sensor.txt     0.00
XY40	   24720  -172590   	10.0	4862 4870 	silicon	CCD	frame	20	100.00	Group0	0.0073295 0.00000 0.00000 0.00000 0.00000 0.00000 sensor.txt     0.00
XY41	   24720  -121160   	10.0	4862 4870 	silicon	CCD	frame	20	100.00	Group0	0.0073295 0.00000 0.00000 0.00000 0.00000 0.00000 sensor.txt     0.00
XY42	   24720   -69730   	10.0	4862 4870 	silicon	CCD	frame	20	100.00	Group0	0.0073295 0.00000 0.00000 0.00000 0.00000 0.00000 sensor.txt     0.00
XY43	   24720   -18300   	10.0	4862 4870 	silicon	CCD	frame	20	100.00	Group0	0.0073295 0.00000 0.00000 0.00000 0.00000 0.00000 sensor.txt     0.00
XY44	   24720    33130   	10.0	4862 4870 	silicon	CCD	frame	20	100.00	Group0	0.0073295 0.00000 0.00000 0.00000 0.00000 0.00000 sensor.txt     0.00
XY45	   24720    84560   	10.0	4862 4870 	silicon	CCD	frame	20	100.00	Group0	0.0073295 0.00000 0.00000 0.00000 0.00000 0.00000 sensor.txt     0.00
XY46	   24720   135990   	10.0	4862 4870 	silicon	CCD	frame	20	100.00	Group0	0.0073295 0.00000 0.00000 0.00000 0.00000 0.00000 sensor.txt     0.00
XY47	   24720   187420   	10.0	4862 4870 	silicon	CCD	frame	20	100.00	Group0	0.0073295 0.00000 0.00000 0.00000 0.00000 0.00000 sensor.txt     0.00
XY50	   74430  -172590   	10.0	4862 4870 	silicon	CCD	frame	20	100.00	Group0	0.0073295 0.00000 0.00000 0.00000 0.00000 0.00000 sensor.txt     0.00
XY51	   74430  -121160   	10.0	4862 4870 	silicon	CCD	frame	20	100.00	Group0	0.0073295 0.00000 0.00000 0.00000 0.00000 0.00000 sensor.txt     0.00
XY52	   74430   -69730   	10.0	4862 4870 	silicon	CCD	frame	20	100.00	Group0	0.0073295 0.00000 0.00000 0.00000 0.00000 0.00000 sensor.txt     0.00
XY53	   74430   -18300   	10.0	4862 4870 	silicon	CCD	frame	20	100.00	Group0	0.0073295 0.00000 0.00000 0.00000 0.00000 0.00000 sensor.txt     0.00
XY54	   74430    33130   	10.0	4862 4870 	silicon	CCD	frame	20	100.00	Group0	0.0073295 0.00000 0.00000 0.00000 0.00000 0.00000 sensor.txt     0.00
XY55	   74430    84560   	10.0	4862 4870 	silicon	CCD	frame	20	100.00	Group0	0.0073295 0.00000 0.00000 0.00000 0.00000 0.00000 sensor.txt     0.00
XY56	   74430   135990   	10.0	4862 4870 	silicon	CCD	frame	20	100.00	Group0	0.0073295 0.00000 0.00000 0.00000 0.00000 0.00000 sensor.txt     0.00
XY57	   74430   187420   	10.0	4862 4870 	silicon	CCD	frame	20	100.00	Group0	0.0073295 0.00000 0.00000 0.00000 0.00000 0.00000 sensor.txt     0.00
XY60	  124140  -172590   	10.0	4862 4870 	silicon	CCD	frame	20	100.00	Group0	0.0073295 0.00000 0.00000 0.00000 0.00000 0.00000 sensor.txt     0.00
XY61	  124140  -121160   	10.0	4862 4870 	silicon	CCD	frame	20	100.00	Group0	0.0073295 0.00000 0.00000 0.00000 0.00000 0.00000 sensor.txt     0.00
XY62	  124140   -69730   	10.0	4862 4870 	silicon	CCD	frame	20	100.00	Group0	0.0073295 0.00000 0.00000 0.00000 0.00000 0.00000 sensor.txt     0.00
XY63	  124140   -18300   	10.0	4862 4870 	silicon	CCD	frame	20	100.00	Group0	0.0073295 0.00000 0.00000 0.00000 0.00000 0.00000 sensor.txt     0.00
XY64	  124140    33130   	10.0	4862 4870 	silicon	CCD	frame	20	100.00	Group0	0.0073295 0.00000 0.00000 0.00000 0.00000 0.00000 sensor.txt     0.00
XY65	  124140    84560   	10.0	4862 4870 	silicon	CCD	frame	20	100.00	Group0	0.0073295 0.00000 0.00000 0.00000 0.00000 0.00000 sensor.txt     0.00
XY66	  124140   135990   	10.0	4862 4870 	silicon	CCD	frame	20	100.00	Group0	0.0073295 0.00000 0.00000 0.00000 0.00000 0.00000 sensor.txt     0.00
XY67	  124140   187420   	10.0	4862 4870 	silicon	CCD	frame	20	100.00	Group0	0.0073295 0.00000 0.00000 0.00000 0.00000 0.00000 sensor.txt     0.00
XY71	  173850  -121160   	10.0	4862 4870 	silicon	CCD	frame	20	100.00	Group0	0.0073295 0.00000 0.00000 0.00000 0.00000 0.00000 sensor.txt     0.00
XY72	  173850   -69730   	10.0	4862 4870 	silicon	CCD	frame	20	100.00	Group0	0.0073295 0.00000 0.00000 0.00000 0.00000 0.00000 sensor.txt     0.00
XY73	  173850   -18300   	10.0	4862 4870 	silicon	CCD	frame	20	100.00	Group0	0.0073295 0.00000 0.00000 0.00000 0.00000 0.00000 sensor.txt     0.00
XY74	  173850    33130   	10.0	4862 4870 	silicon	CCD	frame	20	100.00	Group0	0.0073295 0.00000 0.00000 0.00000 0.00000 0.00000 sensor.txt     0.00
XY75	  173850    84560   	10.0	4862 4870 	silicon	CCD	frame	20	100.00	Group0	0.0073295 0.00000 0.00000 0.00000 0.00000 0.00000 sensor.txt     0.00
XY76	  173850   135990   	10.0	4862 4870 	silicon	CCD	frame	20	100.00	Group0	0.0073295 0.00000 0.00000 0.00000 0.00000 0.00000 sensor.txt     0.00
