optics r 0.30  1.20  0.5  139535.0 1 1 0
M1       mirror   7876.2     0.0000  920.0  450.0 -1.592  0.000e+00  0.000e+00  0.000e+00  0.000e+00  1.850e-24  0.000e+00  0.000e+00  0.000e+00  0.000e+00 0.000e+00  0.000e+00  0.000e+00  0.000e+00  0.000e+00  0.000e+00 none air none
M2a      mirror   6773.0  2248.2710  473.5  110.0 -20.426  0.000e+00  0.000e+00  0.000e+00  0.000e+00  4.480e-22  0.000e+00  0.000e+00  0.000e+00  0.000e+00 0.000e+00  0.000e+00  0.000e+00  0.000e+00  0.000e+00  0.000e+00 none air none
L1a        lens   -881.4 -2181.4550  328.0    0.0  0.000  0.000e+00  0.000e+00  0.000e+00  0.000e+00  0.000e+00  0.000e+00  0.000e+00  0.000e+00  0.000e+00 0.000e+00  0.000e+00  0.000e+00  0.000e+00  0.000e+00  0.000e+00 none silica_dispersion.txt none
L1b        lens   -963.7  -104.0000  328.0    0.0  0.000  0.000e+00  0.000e+00  9.940e-15  0.000e+00 -1.190e-19  0.000e+00  0.000e+00  0.000e+00  0.000e+00 0.000e+00  0.000e+00  0.000e+00  0.000e+00  0.000e+00  0.000e+00 none air none
L2a        lens   -491.2   -53.7000  283.0    0.0  0.000  0.000e+00  0.000e+00  0.000e+00  0.000e+00  0.000e+00  0.000e+00  0.000e+00  0.000e+00  0.000e+00 0.000e+00  0.000e+00  0.000e+00  0.000e+00  0.000e+00  0.000e+00 none silica_dispersion.txt none
L2b        lens   -428.1   -13.6000  283.0    0.0  0.000  0.000e+00  0.000e+00  0.000e+00  0.000e+00  0.000e+00  0.000e+00  0.000e+00  0.000e+00  0.000e+00 0.000e+00  0.000e+00  0.000e+00  0.000e+00  0.000e+00  0.000e+00 none air none
F1a        lens      0.0  -554.5000  250.0    0.0  0.000  0.000e+00  0.000e+00  0.000e+00  0.000e+00  0.000e+00  0.000e+00  0.000e+00  0.000e+00  0.000e+00 0.000e+00  0.000e+00  0.000e+00  0.000e+00  0.000e+00  0.000e+00 none air none
F1b        lens      0.0   -10.0000  250.0    0.0  0.000  0.000e+00  0.000e+00  0.000e+00  0.000e+00  0.000e+00  0.000e+00  0.000e+00  0.000e+00  0.000e+00 0.000e+00  0.000e+00  0.000e+00  0.000e+00  0.000e+00  0.000e+00 none air none
F2a        lens      0.0   -21.7500  250.0    0.0  0.000  0.000e+00  0.000e+00  0.000e+00  0.000e+00  0.000e+00  0.000e+00  0.000e+00  0.000e+00  0.000e+00 0.000e+00  0.000e+00  0.000e+00  0.000e+00  0.000e+00  0.000e+00 none air none
F2b        lens      0.0   -10.0000  250.0    0.0  0.000  0.000e+00  0.000e+00  0.000e+00  0.000e+00  0.000e+00  0.000e+00  0.000e+00  0.000e+00  0.000e+00 0.000e+00  0.000e+00  0.000e+00  0.000e+00  0.000e+00  0.000e+00 none air none
F3a        lens      0.0   -21.7500  250.0    0.0  0.000  0.000e+00  0.000e+00  0.000e+00  0.000e+00  0.000e+00  0.000e+00  0.000e+00  0.000e+00  0.000e+00 0.000e+00  0.000e+00  0.000e+00  0.000e+00  0.000e+00  0.000e+00 filt.ps1.r.txt silica_dispersion.txt none
F3b        lens      0.0   -10.0000  250.0    0.0  0.000  0.000e+00  0.000e+00  0.000e+00  0.000e+00  0.000e+00  0.000e+00  0.000e+00  0.000e+00  0.000e+00 0.000e+00  0.000e+00  0.000e+00  0.000e+00  0.000e+00  0.000e+00 none air none
L3a        lens    610.5  -162.2560  245.0    0.0  0.000  0.000e+00  0.000e+00 -2.340e-14  0.000e+00  2.340e-18  0.000e+00  0.000e+00  0.000e+00  0.000e+00 0.000e+00  0.000e+00  0.000e+00  0.000e+00  0.000e+00  0.000e+00 none silica_dispersion.txt none
L3b        lens    568.7   -40.0000  245.0    0.0  0.000  0.000e+00  0.000e+00  0.000e+00  0.000e+00  0.000e+00  0.000e+00  0.000e+00  0.000e+00  0.000e+00 0.000e+00  0.000e+00  0.000e+00  0.000e+00  0.000e+00  0.000e+00 none air none
det         det -470000.0  -200.0000  400.0    0.0  0.000  0.000e+00  0.000e+00  0.000e+00  0.000e+00  0.000e+00  0.000e+00  0.000e+00  0.000e+00  0.000e+00 0.000e+00  0.000e+00  0.000e+00  0.000e+00  0.000e+00  0.000e+00 none air none
