XY01	 1 	 4862 4870 
XY01_ch	 0 4861 0 4869  -1 -1 1.0  3  1000  2  7  3 0.02  0 0 0 32 32  0.00025  0.00025  16 1.0 0.0 0.0 0.0  0 0 0 0 0 0
XY02	 1 	 4862 4870 
XY02_ch	 0 4861 0 4869  -1 -1 1.0  3  1000  2  7  3 0.02  0 0 0 32 32  0.00025  0.00025  16 1.0 0.0 0.0 0.0  0 0 0 0 0 0
XY03	 1 	 4862 4870 
XY03_ch	 0 4861 0 4869  -1 -1 1.0  3  1000  2  7  3 0.02  0 0 0 32 32  0.00025  0.00025  16 1.0 0.0 0.0 0.0  0 0 0 0 0 0
XY04	 1 	 4862 4870 
XY04_ch	 0 4861 0 4869  -1 -1 1.0  3  1000  2  7  3 0.02  0 0 0 32 32  0.00025  0.00025  16 1.0 0.0 0.0 0.0  0 0 0 0 0 0
XY05	 1 	 4862 4870 
XY05_ch	 0 4861 0 4869  -1 -1 1.0  3  1000  2  7  3 0.02  0 0 0 32 32  0.00025  0.00025  16 1.0 0.0 0.0 0.0  0 0 0 0 0 0
XY06	 1 	 4862 4870 
XY06_ch	 0 4861 0 4869  -1 -1 1.0  3  1000  2  7  3 0.02  0 0 0 32 32  0.00025  0.00025  16 1.0 0.0 0.0 0.0  0 0 0 0 0 0
XY10	 1 	 4862 4870 
XY10_ch	 0 4861 0 4869  -1 -1 1.0  3  1000  2  7  3 0.02  0 0 0 32 32  0.00025  0.00025  16 1.0 0.0 0.0 0.0  0 0 0 0 0 0
XY11	 1 	 4862 4870 
XY11_ch	 0 4861 0 4869  -1 -1 1.0  3  1000  2  7  3 0.02  0 0 0 32 32  0.00025  0.00025  16 1.0 0.0 0.0 0.0  0 0 0 0 0 0
XY12	 1 	 4862 4870 
XY12_ch	 0 4861 0 4869  -1 -1 1.0  3  1000  2  7  3 0.02  0 0 0 32 32  0.00025  0.00025  16 1.0 0.0 0.0 0.0  0 0 0 0 0 0
XY13	 1 	 4862 4870 
XY13_ch	 0 4861 0 4869  -1 -1 1.0  3  1000  2  7  3 0.02  0 0 0 32 32  0.00025  0.00025  16 1.0 0.0 0.0 0.0  0 0 0 0 0 0
XY14	 1 	 4862 4870 
XY14_ch	 0 4861 0 4869  -1 -1 1.0  3  1000  2  7  3 0.02  0 0 0 32 32  0.00025  0.00025  16 1.0 0.0 0.0 0.0  0 0 0 0 0 0
XY15	 1 	 4862 4870 
XY15_ch	 0 4861 0 4869  -1 -1 1.0  3  1000  2  7  3 0.02  0 0 0 32 32  0.00025  0.00025  16 1.0 0.0 0.0 0.0  0 0 0 0 0 0
XY16	 1 	 4862 4870 
XY16_ch	 0 4861 0 4869  -1 -1 1.0  3  1000  2  7  3 0.02  0 0 0 32 32  0.00025  0.00025  16 1.0 0.0 0.0 0.0  0 0 0 0 0 0
XY17	 1 	 4862 4870 
XY17_ch	 0 4861 0 4869  -1 -1 1.0  3  1000  2  7  3 0.02  0 0 0 32 32  0.00025  0.00025  16 1.0 0.0 0.0 0.0  0 0 0 0 0 0
XY20	 1 	 4862 4870 
XY20_ch	 0 4861 0 4869  -1 -1 1.0  3  1000  2  7  3 0.02  0 0 0 32 32  0.00025  0.00025  16 1.0 0.0 0.0 0.0  0 0 0 0 0 0
XY21	 1 	 4862 4870 
XY21_ch	 0 4861 0 4869  -1 -1 1.0  3  1000  2  7  3 0.02  0 0 0 32 32  0.00025  0.00025  16 1.0 0.0 0.0 0.0  0 0 0 0 0 0
XY22	 1 	 4862 4870 
XY22_ch	 0 4861 0 4869  -1 -1 1.0  3  1000  2  7  3 0.02  0 0 0 32 32  0.00025  0.00025  16 1.0 0.0 0.0 0.0  0 0 0 0 0 0
XY23	 1 	 4862 4870 
XY23_ch	 0 4861 0 4869  -1 -1 1.0  3  1000  2  7  3 0.02  0 0 0 32 32  0.00025  0.00025  16 1.0 0.0 0.0 0.0  0 0 0 0 0 0
XY24	 1 	 4862 4870 
XY24_ch	 0 4861 0 4869  -1 -1 1.0  3  1000  2  7  3 0.02  0 0 0 32 32  0.00025  0.00025  16 1.0 0.0 0.0 0.0  0 0 0 0 0 0
XY25	 1 	 4862 4870 
XY25_ch	 0 4861 0 4869  -1 -1 1.0  3  1000  2  7  3 0.02  0 0 0 32 32  0.00025  0.00025  16 1.0 0.0 0.0 0.0  0 0 0 0 0 0
XY26	 1 	 4862 4870 
XY26_ch	 0 4861 0 4869  -1 -1 1.0  3  1000  2  7  3 0.02  0 0 0 32 32  0.00025  0.00025  16 1.0 0.0 0.0 0.0  0 0 0 0 0 0
XY27	 1 	 4862 4870 
XY27_ch	 0 4861 0 4869  -1 -1 1.0  3  1000  2  7  3 0.02  0 0 0 32 32  0.00025  0.00025  16 1.0 0.0 0.0 0.0  0 0 0 0 0 0
XY30	 1 	 4862 4870 
XY30_ch	 0 4861 0 4869  -1 -1 1.0  3  1000  2  7  3 0.02  0 0 0 32 32  0.00025  0.00025  16 1.0 0.0 0.0 0.0  0 0 0 0 0 0
XY31	 1 	 4862 4870 
XY31_ch	 0 4861 0 4869  -1 -1 1.0  3  1000  2  7  3 0.02  0 0 0 32 32  0.00025  0.00025  16 1.0 0.0 0.0 0.0  0 0 0 0 0 0
XY32	 1 	 4862 4870 
XY32_ch	 0 4861 0 4869  -1 -1 1.0  3  1000  2  7  3 0.02  0 0 0 32 32  0.00025  0.00025  16 1.0 0.0 0.0 0.0  0 0 0 0 0 0
XY33	 1 	 4862 4870 
XY33_ch	 0 4861 0 4869  -1 -1 1.0  3  1000  2  7  3 0.02  0 0 0 32 32  0.00025  0.00025  16 1.0 0.0 0.0 0.0  0 0 0 0 0 0
XY34	 1 	 4862 4870 
XY34_ch	 0 4861 0 4869  -1 -1 1.0  3  1000  2  7  3 0.02  0 0 0 32 32  0.00025  0.00025  16 1.0 0.0 0.0 0.0  0 0 0 0 0 0
XY35	 1 	 4862 4870 
XY35_ch	 0 4861 0 4869  -1 -1 1.0  3  1000  2  7  3 0.02  0 0 0 32 32  0.00025  0.00025  16 1.0 0.0 0.0 0.0  0 0 0 0 0 0
XY36	 1 	 4862 4870 
XY36_ch	 0 4861 0 4869  -1 -1 1.0  3  1000  2  7  3 0.02  0 0 0 32 32  0.00025  0.00025  16 1.0 0.0 0.0 0.0  0 0 0 0 0 0
XY37	 1 	 4862 4870 
XY37_ch	 0 4861 0 4869  -1 -1 1.0  3  1000  2  7  3 0.02  0 0 0 32 32  0.00025  0.00025  16 1.0 0.0 0.0 0.0  0 0 0 0 0 0
XY40	 1 	 4862 4870 
XY40_ch	 0 4861 0 4869  +1 +1 1.0  3  1000  2  7  3 0.02  0 0 0 32 32  0.00025  0.00025  16 1.0 0.0 0.0 0.0  0 0 0 0 0 0
XY41	 1 	 4862 4870 
XY41_ch	 0 4861 0 4869  +1 +1 1.0  3  1000  2  7  3 0.02  0 0 0 32 32  0.00025  0.00025  16 1.0 0.0 0.0 0.0  0 0 0 0 0 0
XY42	 1 	 4862 4870 
XY42_ch	 0 4861 0 4869  +1 +1 1.0  3  1000  2  7  3 0.02  0 0 0 32 32  0.00025  0.00025  16 1.0 0.0 0.0 0.0  0 0 0 0 0 0
XY43	 1 	 4862 4870 
XY43_ch	 0 4861 0 4869  +1 +1 1.0  3  1000  2  7  3 0.02  0 0 0 32 32  0.00025  0.00025  16 1.0 0.0 0.0 0.0  0 0 0 0 0 0
XY44	 1 	 4862 4870 
XY44_ch	 0 4861 0 4869  +1 +1 1.0  3  1000  2  7  3 0.02  0 0 0 32 32  0.00025  0.00025  16 1.0 0.0 0.0 0.0  0 0 0 0 0 0
XY45	 1 	 4862 4870 
XY45_ch	 0 4861 0 4869  +1 +1 1.0  3  1000  2  7  3 0.02  0 0 0 32 32  0.00025  0.00025  16 1.0 0.0 0.0 0.0  0 0 0 0 0 0
XY46	 1 	 4862 4870 
XY46_ch	 0 4861 0 4869  +1 +1 1.0  3  1000  2  7  3 0.02  0 0 0 32 32  0.00025  0.00025  16 1.0 0.0 0.0 0.0  0 0 0 0 0 0
XY47	 1 	 4862 4870 
XY47_ch	 0 4861 0 4869  +1 +1 1.0  3  1000  2  7  3 0.02  0 0 0 32 32  0.00025  0.00025  16 1.0 0.0 0.0 0.0  0 0 0 0 0 0
XY50	 1 	 4862 4870 
XY50_ch	 0 4861 0 4869  +1 +1 1.0  3  1000  2  7  3 0.02  0 0 0 32 32  0.00025  0.00025  16 1.0 0.0 0.0 0.0  0 0 0 0 0 0
XY51	 1 	 4862 4870 
XY51_ch	 0 4861 0 4869  +1 +1 1.0  3  1000  2  7  3 0.02  0 0 0 32 32  0.00025  0.00025  16 1.0 0.0 0.0 0.0  0 0 0 0 0 0
XY52	 1 	 4862 4870 
XY52_ch	 0 4861 0 4869  +1 +1 1.0  3  1000  2  7  3 0.02  0 0 0 32 32  0.00025  0.00025  16 1.0 0.0 0.0 0.0  0 0 0 0 0 0
XY53	 1 	 4862 4870 
XY53_ch	 0 4861 0 4869  +1 +1 1.0  3  1000  2  7  3 0.02  0 0 0 32 32  0.00025  0.00025  16 1.0 0.0 0.0 0.0  0 0 0 0 0 0
XY54	 1 	 4862 4870 
XY54_ch	 0 4861 0 4869  +1 +1 1.0  3  1000  2  7  3 0.02  0 0 0 32 32  0.00025  0.00025  16 1.0 0.0 0.0 0.0  0 0 0 0 0 0
XY55	 1 	 4862 4870 
XY55_ch	 0 4861 0 4869  +1 +1 1.0  3  1000  2  7  3 0.02  0 0 0 32 32  0.00025  0.00025  16 1.0 0.0 0.0 0.0  0 0 0 0 0 0
XY56	 1 	 4862 4870 
XY56_ch	 0 4861 0 4869  +1 +1 1.0  3  1000  2  7  3 0.02  0 0 0 32 32  0.00025  0.00025  16 1.0 0.0 0.0 0.0  0 0 0 0 0 0
XY57	 1 	 4862 4870 
XY57_ch	 0 4861 0 4869  +1 +1 1.0  3  1000  2  7  3 0.02  0 0 0 32 32  0.00025  0.00025  16 1.0 0.0 0.0 0.0  0 0 0 0 0 0
XY60	 1 	 4862 4870 
XY60_ch	 0 4861 0 4869  +1 +1 1.0  3  1000  2  7  3 0.02  0 0 0 32 32  0.00025  0.00025  16 1.0 0.0 0.0 0.0  0 0 0 0 0 0
XY61	 1 	 4862 4870 
XY61_ch	 0 4861 0 4869  +1 +1 1.0  3  1000  2  7  3 0.02  0 0 0 32 32  0.00025  0.00025  16 1.0 0.0 0.0 0.0  0 0 0 0 0 0
XY62	 1 	 4862 4870 
XY62_ch	 0 4861 0 4869  +1 +1 1.0  3  1000  2  7  3 0.02  0 0 0 32 32  0.00025  0.00025  16 1.0 0.0 0.0 0.0  0 0 0 0 0 0
XY63	 1 	 4862 4870 
XY63_ch	 0 4861 0 4869  +1 +1 1.0  3  1000  2  7  3 0.02  0 0 0 32 32  0.00025  0.00025  16 1.0 0.0 0.0 0.0  0 0 0 0 0 0
XY64	 1 	 4862 4870 
XY64_ch	 0 4861 0 4869  +1 +1 1.0  3  1000  2  7  3 0.02  0 0 0 32 32  0.00025  0.00025  16 1.0 0.0 0.0 0.0  0 0 0 0 0 0
XY65	 1 	 4862 4870 
XY65_ch	 0 4861 0 4869  +1 +1 1.0  3  1000  2  7  3 0.02  0 0 0 32 32  0.00025  0.00025  16 1.0 0.0 0.0 0.0  0 0 0 0 0 0
XY66	 1 	 4862 4870 
XY66_ch	 0 4861 0 4869  +1 +1 1.0  3  1000  2  7  3 0.02  0 0 0 32 32  0.00025  0.00025  16 1.0 0.0 0.0 0.0  0 0 0 0 0 0
XY67	 1 	 4862 4870 
XY67_ch	 0 4861 0 4869  +1 +1 1.0  3  1000  2  7  3 0.02  0 0 0 32 32  0.00025  0.00025  16 1.0 0.0 0.0 0.0  0 0 0 0 0 0
XY71	 1 	 4862 4870 
XY71_ch	 0 4861 0 4869  +1 +1 1.0  3  1000  2  7  3 0.02  0 0 0 32 32  0.00025  0.00025  16 1.0 0.0 0.0 0.0  0 0 0 0 0 0
XY72	 1 	 4862 4870 
XY72_ch	 0 4861 0 4869  +1 +1 1.0  3  1000  2  7  3 0.02  0 0 0 32 32  0.00025  0.00025  16 1.0 0.0 0.0 0.0  0 0 0 0 0 0
XY73	 1 	 4862 4870 
XY73_ch	 0 4861 0 4869  +1 +1 1.0  3  1000  2  7  3 0.02  0 0 0 32 32  0.00025  0.00025  16 1.0 0.0 0.0 0.0  0 0 0 0 0 0
XY74	 1 	 4862 4870 
XY74_ch	 0 4861 0 4869  +1 +1 1.0  3  1000  2  7  3 0.02  0 0 0 32 32  0.00025  0.00025  16 1.0 0.0 0.0 0.0  0 0 0 0 0 0
XY75	 1 	 4862 4870 
XY75_ch	 0 4861 0 4869  +1 +1 1.0  3  1000  2  7  3 0.02  0 0 0 32 32  0.00025  0.00025  16 1.0 0.0 0.0 0.0  0 0 0 0 0 0
XY76	 1 	 4862 4870 
XY76_ch	 0 4861 0 4869  +1 +1 1.0  3  1000  2  7  3 0.02  0 0 0 32 32  0.00025  0.00025  16 1.0 0.0 0.0 0.0  0 0 0 0 0 0
