    0.000000     0.390000     0.000603     0.000000
    0.000000     0.395000     0.001610     0.000000
    0.000000     0.400000     0.003255     0.000000
    0.000000     0.405000     0.006693     0.000000
    0.000000     0.410000     0.011479     0.000000
    0.000000     0.415000     0.015882     0.000000
    0.000000     0.420000     0.022254     0.000000
    0.000000     0.425000     0.026369     0.000000
    0.000000     0.430000     0.030486     0.000000
    0.000000     0.435000     0.035229     0.000000
    0.000000     0.440000     0.041181     0.000000
    0.000000     0.445000     0.045593     0.000000
    0.000000     0.450000     0.049957     0.000000
    0.000000     0.455000     0.056859     0.000000
    0.000000     0.460000     0.068093     0.000000
    0.000000     0.465000     0.083349     0.000000
    0.000000     0.470000     0.103348     0.000000
    0.000000     0.475000     0.125055     0.000000
    0.000000     0.480000     0.145814     0.000000
    0.000000     0.485000     0.167109     0.000000
    0.000000     0.490000     0.199802     0.000000
    0.000000     0.495000     0.248428     0.000000
    0.000000     0.500000     0.310742     0.000000
    0.000000     0.505000     0.387793     0.000000
    0.000000     0.510000     0.471846     0.000000
    0.000000     0.515000     0.561824     0.000000
    0.000000     0.520000     0.652830     0.000000
    0.000000     0.525000     0.732150     0.000000
    0.000000     0.530000     0.799098     0.000000
    0.000000     0.535000     0.846837     0.000000
    0.000000     0.540000     0.879023     0.000000
    0.000000     0.545000     0.915166     0.000000
    0.000000     0.550000     0.947764     0.000000
    0.000000     0.555000     0.965606     0.000000
    0.000000     0.560000     0.967609     0.000000
    0.000000     0.565000     0.977012     0.000000
    0.000000     0.570000     0.997011     0.000000
    0.000000     0.575000     0.994718     0.000000
    0.000000     0.580000     0.975439     0.000000
    0.000000     0.585000     0.957415     0.000000
    0.000000     0.590000     0.931751     0.000000
    0.000000     0.595000     0.892278     0.000000
    0.000000     0.600000     0.842558     0.000000
    0.000000     0.605000     0.784332     0.000000
    0.000000     0.610000     0.718952     0.000000
    0.000000     0.615000     0.643576     0.000000
    0.000000     0.620000     0.565979     0.000000
    0.000000     0.625000     0.487192     0.000000
    0.000000     0.630000     0.409543     0.000000
    0.000000     0.635000     0.337054     0.000000
    0.000000     0.640000     0.272835     0.000000
    0.000000     0.645000     0.216521     0.000000
    0.000000     0.650000     0.167456     0.000000
    0.000000     0.655000     0.126183     0.000000
    0.000000     0.660000     0.093240     0.000000
    0.000000     0.665000     0.067905     0.000000
    0.000000     0.670000     0.048989     0.000000
    0.000000     0.675000     0.035188     0.000000
    0.000000     0.680000     0.025154     0.000000
    0.000000     0.685000     0.017840     0.000000
    0.000000     0.690000     0.012520     0.000000
    0.000000     0.695000     0.008616     0.000000
    0.000000     0.700000     0.005843     0.000000
    0.000000     0.705000     0.003976     0.000000
    0.000000     0.710000     0.002767     0.000000
    0.000000     0.715000     0.001957     0.000000
    0.000000     0.720000     0.001357     0.000000
    0.000000     0.725000     0.000946     0.000000
    0.000000     0.730000     0.000662     0.000000
