optics Hale200PrimeWynneLFC_u  0.330 1.200 0.500 300000.0 1 1 0
primary    mirror 33926.8     0.0000 2578.10   762.0 -1.0 0.0 0.0 0.0 0.0 0.0 0.0 0.0 0.0 0.0 0.0 0.0 0.0 0.0 0.0 0.0 protected_al2o3 air none
L1         lens     245.3 16414.2408  137.1981   0.0  0.0 0.0 0.0 0.0 0.0 0.0 0.0 0.0 0.0 0.0 0.0 0.0 0.0 0.0 0.0 0.0 lenses.txt      BK7 none
L1E        lens     289.3    15.9004  137.1981   0.0  0.0 0.0 0.0 0.0 0.0 0.0 0.0 0.0 0.0 0.0 0.0 0.0 0.0 0.0 0.0 0.0 lenses.txt      air none
L2         lens     645.3    25.8572  137.1981   0.0  0.0 0.0 0.0 0.0 0.0 0.0 0.0 0.0 0.0 0.0 0.0 0.0 0.0 0.0 0.0 0.0 lenses.txt      BK7 none
L2E        lens     500.5     5.0546  137.1981   0.0  0.0 0.0 0.0 0.0 0.0 0.0 0.0 0.0 0.0 0.0 0.0 0.0 0.0 0.0 0.0 0.0 lenses.txt      air none
L3         lens     314.6   225.6028   91.6940   0.0  0.0 0.0 0.0 0.0 0.0 0.0 0.0 0.0 0.0 0.0 0.0 0.0 0.0 0.0 0.0 0.0 lenses.txt      BK7 none
L3E        lens     156.4     5.0546   91.6940   0.0  0.0 0.0 0.0 0.0 0.0 0.0 0.0 0.0 0.0 0.0 0.0 0.0 0.0 0.0 0.0 0.0 lenses.txt      air none
L4         lens     279.2   157.1244   87.0966   0.0  0.0 0.0 0.0 0.0 0.0 0.0 0.0 0.0 0.0 0.0 0.0 0.0 0.0 0.0 0.0 0.0 lenses.txt      BK7 none
L4E        lens      0.0     22.0980   71.9338   0.0  0.0 0.0 0.0 0.0 0.0 0.0 0.0 0.0 0.0 0.0 0.0 0.0 0.0 0.0 0.0 0.0 lenses.txt      air none
L5         lens      0.0     82.5500   63.5000   0.0  0.0 0.0 0.0 0.0 0.0 0.0 0.0 0.0 0.0 0.0 0.0 0.0 0.0 0.0 0.0 0.0 sdss_u          BK7 none
L5E        lens      0.0      9.5250   63.5000   0.0  0.0 0.0 0.0 0.0 0.0 0.0 0.0 0.0 0.0 0.0 0.0 0.0 0.0 0.0 0.0 0.0 lens_ar         air none
image      det       0.0     24.066    30.72     0.0  0.0 0.0 0.0 0.0 0.0 0.0 0.0 0.0 0.0 0.0 0.0 0.0 0.0 0.0 0.0 0.0 detector_ar     air none
