R00_SG0  -258750.0  -212230.0  10.0 4000 4072 silicon CMOS frame   0.1 100.0 Group2     0.000000     0.000000     0.000000     0.000000     0.000000     0.000000 sensor.txt     0.000000 
R00_SG1  -212230.0  -258730.0  10.0 4000 4072 silicon CMOS frame   0.1 100.0 Group2     0.000000     0.000000     0.000000     0.000000     0.000000     0.000000 sensor.txt     0.000000 
R00_SW1  -214250.0  -214250.0  10.0 2000 4072 silicon CCD frame   3.0 100.0 Group1     0.000000     0.000000     0.000000   -11.635000    -0.010000     0.000000 sensor.txt  1500.000000 
R00_SW0  -214250.0  -214250.0  10.0 2000 4072 silicon CCD frame   3.0 100.0 Group1     0.000000     0.000000     0.000000    11.635000     0.010000     0.000000 sensor.txt -1500.000000 
R01_S00  -296260.0  -169260.0  10.0 4000 4072 silicon CCD frame   3.0 100.0 Group0     0.000000     0.000000     0.000000     0.000000     0.000000     0.000000 sensor.txt     0.000000 
R01_S01  -296260.0  -127010.0  10.0 4000 4072 silicon CCD frame   3.0 100.0 Group0     0.000000     0.000000     0.000000     0.000000     0.000000     0.000000 sensor.txt     0.000000 
R01_S02  -296260.0   -84760.0  10.0 4000 4072 silicon CCD frame   3.0 100.0 Group0     0.000000     0.000000     0.000000     0.000000     0.000000     0.000000 sensor.txt     0.000000 
R01_S10  -254010.0  -169260.0  10.0 4000 4072 silicon CCD frame   3.0 100.0 Group0     0.000000     0.000000     0.000000     0.000000     0.000000     0.000000 sensor.txt     0.000000 
R01_S11  -254010.0  -127010.0  10.0 4000 4072 silicon CCD frame   3.0 100.0 Group0     0.000000     0.000000     0.000000     0.000000     0.000000     0.000000 sensor.txt     0.000000 
R01_S12  -254010.0   -84760.0  10.0 4000 4072 silicon CCD frame   3.0 100.0 Group0     0.000000     0.000000     0.000000     0.000000     0.000000     0.000000 sensor.txt     0.000000 
R01_S20  -211760.0  -169260.0  10.0 4000 4072 silicon CCD frame   3.0 100.0 Group0     0.000000     0.000000     0.000000     0.000000     0.000000     0.000000 sensor.txt     0.000000 
R01_S21  -211760.0  -127010.0  10.0 4000 4072 silicon CCD frame   3.0 100.0 Group0     0.000000     0.000000     0.000000     0.000000     0.000000     0.000000 sensor.txt     0.000000 
R01_S22  -211760.0   -84760.0  10.0 4000 4072 silicon CCD frame   3.0 100.0 Group0     0.000000     0.000000     0.000000     0.000000     0.000000     0.000000 sensor.txt     0.000000 
R02_S00  -296260.0   -42260.0  10.0 4000 4072 silicon CCD frame   3.0 100.0 Group0     0.000000     0.000000     0.000000     0.000000     0.000000     0.000000 sensor.txt     0.000000 
R02_S01  -296260.0      -10.0  10.0 4000 4072 silicon CCD frame   3.0 100.0 Group0     0.000000     0.000000     0.000000     0.000000     0.000000     0.000000 sensor.txt     0.000000 
R02_S02  -296260.0    42240.0  10.0 4000 4072 silicon CCD frame   3.0 100.0 Group0     0.000000     0.000000     0.000000     0.000000     0.000000     0.000000 sensor.txt     0.000000 
R02_S10  -254010.0   -42260.0  10.0 4000 4072 silicon CCD frame   3.0 100.0 Group0     0.000000     0.000000     0.000000     0.000000     0.000000     0.000000 sensor.txt     0.000000 
R02_S11  -254010.0      -10.0  10.0 4000 4072 silicon CCD frame   3.0 100.0 Group0     0.000000     0.000000     0.000000     0.000000     0.000000     0.000000 sensor.txt     0.000000 
R02_S12  -254010.0    42240.0  10.0 4000 4072 silicon CCD frame   3.0 100.0 Group0     0.000000     0.000000     0.000000     0.000000     0.000000     0.000000 sensor.txt     0.000000 
R02_S20  -211760.0   -42260.0  10.0 4000 4072 silicon CCD frame   3.0 100.0 Group0     0.000000     0.000000     0.000000     0.000000     0.000000     0.000000 sensor.txt     0.000000 
R02_S21  -211760.0      -10.0  10.0 4000 4072 silicon CCD frame   3.0 100.0 Group0     0.000000     0.000000     0.000000     0.000000     0.000000     0.000000 sensor.txt     0.000000 
R02_S22  -211760.0    42240.0  10.0 4000 4072 silicon CCD frame   3.0 100.0 Group0     0.000000     0.000000     0.000000     0.000000     0.000000     0.000000 sensor.txt     0.000000 
R03_S00  -296260.0    84740.0  10.0 4000 4072 silicon CCD frame   3.0 100.0 Group0     0.000000     0.000000     0.000000     0.000000     0.000000     0.000000 sensor.txt     0.000000 
R03_S01  -296260.0   126990.0  10.0 4000 4072 silicon CCD frame   3.0 100.0 Group0     0.000000     0.000000     0.000000     0.000000     0.000000     0.000000 sensor.txt     0.000000 
R03_S02  -296260.0   169240.0  10.0 4000 4072 silicon CCD frame   3.0 100.0 Group0     0.000000     0.000000     0.000000     0.000000     0.000000     0.000000 sensor.txt     0.000000 
R03_S10  -254010.0    84740.0  10.0 4000 4072 silicon CCD frame   3.0 100.0 Group0     0.000000     0.000000     0.000000     0.000000     0.000000     0.000000 sensor.txt     0.000000 
R03_S11  -254010.0   126990.0  10.0 4000 4072 silicon CCD frame   3.0 100.0 Group0     0.000000     0.000000     0.000000     0.000000     0.000000     0.000000 sensor.txt     0.000000 
R03_S12  -254010.0   169240.0  10.0 4000 4072 silicon CCD frame   3.0 100.0 Group0     0.000000     0.000000     0.000000     0.000000     0.000000     0.000000 sensor.txt     0.000000 
R03_S20  -211760.0    84740.0  10.0 4000 4072 silicon CCD frame   3.0 100.0 Group0     0.000000     0.000000     0.000000     0.000000     0.000000     0.000000 sensor.txt     0.000000 
R03_S21  -211760.0   126990.0  10.0 4000 4072 silicon CCD frame   3.0 100.0 Group0     0.000000     0.000000     0.000000     0.000000     0.000000     0.000000 sensor.txt     0.000000 
R03_S22  -211760.0   169240.0  10.0 4000 4072 silicon CCD frame   3.0 100.0 Group0     0.000000     0.000000     0.000000     0.000000     0.000000     0.000000 sensor.txt     0.000000 
R04_SG0  -212230.0   258750.0  10.0 4000 4072 silicon CMOS frame   0.1 100.0 Group2   -90.000000     0.000000     0.000000     0.000000     0.000000     0.000000 sensor.txt     0.000000 
R04_SW1  -214250.0   214250.0  10.0 2000 4072 silicon CCD frame   3.0 100.0 Group1   -90.000000     0.000000     0.000000    -0.010000    11.635000     0.000000 sensor.txt  1500.000000 
R04_SW0  -214250.0   214250.0  10.0 2000 4072 silicon CCD frame   3.0 100.0 Group1   -90.000000     0.000000     0.000000     0.010000   -11.635000     0.000000 sensor.txt -1500.000000 
R04_SG1  -258730.0   212230.0  10.0 4000 4072 silicon CMOS frame   0.1 100.0 Group2   -90.000000     0.000000     0.000000     0.000000     0.000000     0.000000 sensor.txt     0.000000 
R10_S00  -169260.0  -296260.0  10.0 4000 4072 silicon CCD frame   3.0 100.0 Group0     0.000000     0.000000     0.000000     0.000000     0.000000     0.000000 sensor.txt     0.000000 
R10_S01  -169260.0  -254010.0  10.0 4000 4072 silicon CCD frame   3.0 100.0 Group0     0.000000     0.000000     0.000000     0.000000     0.000000     0.000000 sensor.txt     0.000000 
R10_S02  -169260.0  -211760.0  10.0 4000 4072 silicon CCD frame   3.0 100.0 Group0     0.000000     0.000000     0.000000     0.000000     0.000000     0.000000 sensor.txt     0.000000 
R10_S10  -127010.0  -296260.0  10.0 4000 4072 silicon CCD frame   3.0 100.0 Group0     0.000000     0.000000     0.000000     0.000000     0.000000     0.000000 sensor.txt     0.000000 
R10_S11  -127010.0  -254010.0  10.0 4000 4072 silicon CCD frame   3.0 100.0 Group0     0.000000     0.000000     0.000000     0.000000     0.000000     0.000000 sensor.txt     0.000000 
R10_S12  -127010.0  -211760.0  10.0 4000 4072 silicon CCD frame   3.0 100.0 Group0     0.000000     0.000000     0.000000     0.000000     0.000000     0.000000 sensor.txt     0.000000 
R10_S20   -84760.0  -296260.0  10.0 4000 4072 silicon CCD frame   3.0 100.0 Group0     0.000000     0.000000     0.000000     0.000000     0.000000     0.000000 sensor.txt     0.000000 
R10_S21   -84760.0  -254010.0  10.0 4000 4072 silicon CCD frame   3.0 100.0 Group0     0.000000     0.000000     0.000000     0.000000     0.000000     0.000000 sensor.txt     0.000000 
R10_S22   -84760.0  -211760.0  10.0 4000 4072 silicon CCD frame   3.0 100.0 Group0     0.000000     0.000000     0.000000     0.000000     0.000000     0.000000 sensor.txt     0.000000 
R11_S00  -169250.0  -169250.0  10.0 4004 4096 silicon CCD frame   3.0 100.0 Group0     0.000000     0.000000     0.000000     0.000000     0.000000     0.000000 sensor.txt     0.000000 
R11_S01  -169250.0  -127000.0  10.0 4004 4096 silicon CCD frame   3.0 100.0 Group0     0.000000     0.000000     0.000000     0.000000     0.000000     0.000000 sensor.txt     0.000000 
R11_S02  -169250.0   -84750.0  10.0 4004 4096 silicon CCD frame   3.0 100.0 Group0     0.000000     0.000000     0.000000     0.000000     0.000000     0.000000 sensor.txt     0.000000 
R11_S10  -127000.0  -169250.0  10.0 4004 4096 silicon CCD frame   3.0 100.0 Group0     0.000000     0.000000     0.000000     0.000000     0.000000     0.000000 sensor.txt     0.000000 
R11_S11  -127000.0  -127000.0  10.0 4004 4096 silicon CCD frame   3.0 100.0 Group0     0.000000     0.000000     0.000000     0.000000     0.000000     0.000000 sensor.txt     0.000000 
R11_S12  -127000.0   -84750.0  10.0 4004 4096 silicon CCD frame   3.0 100.0 Group0     0.000000     0.000000     0.000000     0.000000     0.000000     0.000000 sensor.txt     0.000000 
R11_S20   -84750.0  -169250.0  10.0 4004 4096 silicon CCD frame   3.0 100.0 Group0     0.000000     0.000000     0.000000     0.000000     0.000000     0.000000 sensor.txt     0.000000 
R11_S21   -84750.0  -127000.0  10.0 4004 4096 silicon CCD frame   3.0 100.0 Group0     0.000000     0.000000     0.000000     0.000000     0.000000     0.000000 sensor.txt     0.000000 
R11_S22   -84750.0   -84750.0  10.0 4004 4096 silicon CCD frame   3.0 100.0 Group0     0.000000     0.000000     0.000000     0.000000     0.000000     0.000000 sensor.txt     0.000000 
R12_S00  -169250.0   -42250.0  10.0 4004 4096 silicon CCD frame   3.0 100.0 Group0     0.000000     0.000000     0.000000     0.000000     0.000000     0.000000 sensor.txt     0.000000 
R12_S01  -169250.0        0.0  10.0 4004 4096 silicon CCD frame   3.0 100.0 Group0     0.000000     0.000000     0.000000     0.000000     0.000000     0.000000 sensor.txt     0.000000 
R12_S02  -169250.0    42250.0  10.0 4004 4096 silicon CCD frame   3.0 100.0 Group0     0.000000     0.000000     0.000000     0.000000     0.000000     0.000000 sensor.txt     0.000000 
R12_S10  -127000.0   -42250.0  10.0 4004 4096 silicon CCD frame   3.0 100.0 Group0     0.000000     0.000000     0.000000     0.000000     0.000000     0.000000 sensor.txt     0.000000 
R12_S11  -127000.0        0.0  10.0 4004 4096 silicon CCD frame   3.0 100.0 Group0     0.000000     0.000000     0.000000     0.000000     0.000000     0.000000 sensor.txt     0.000000 
R12_S12  -127000.0    42250.0  10.0 4004 4096 silicon CCD frame   3.0 100.0 Group0     0.000000     0.000000     0.000000     0.000000     0.000000     0.000000 sensor.txt     0.000000 
R12_S20   -84750.0   -42250.0  10.0 4004 4096 silicon CCD frame   3.0 100.0 Group0     0.000000     0.000000     0.000000     0.000000     0.000000     0.000000 sensor.txt     0.000000 
R12_S21   -84750.0        0.0  10.0 4004 4096 silicon CCD frame   3.0 100.0 Group0     0.000000     0.000000     0.000000     0.000000     0.000000     0.000000 sensor.txt     0.000000 
R12_S22   -84750.0    42250.0  10.0 4004 4096 silicon CCD frame   3.0 100.0 Group0     0.000000     0.000000     0.000000     0.000000     0.000000     0.000000 sensor.txt     0.000000 
R13_S00  -169250.0    84750.0  10.0 4004 4096 silicon CCD frame   3.0 100.0 Group0     0.000000     0.000000     0.000000     0.000000     0.000000     0.000000 sensor.txt     0.000000 
R13_S01  -169250.0   127000.0  10.0 4004 4096 silicon CCD frame   3.0 100.0 Group0     0.000000     0.000000     0.000000     0.000000     0.000000     0.000000 sensor.txt     0.000000 
R13_S02  -169250.0   169250.0  10.0 4004 4096 silicon CCD frame   3.0 100.0 Group0     0.000000     0.000000     0.000000     0.000000     0.000000     0.000000 sensor.txt     0.000000 
R13_S10  -127000.0    84750.0  10.0 4004 4096 silicon CCD frame   3.0 100.0 Group0     0.000000     0.000000     0.000000     0.000000     0.000000     0.000000 sensor.txt     0.000000 
R13_S11  -127000.0   127000.0  10.0 4004 4096 silicon CCD frame   3.0 100.0 Group0     0.000000     0.000000     0.000000     0.000000     0.000000     0.000000 sensor.txt     0.000000 
R13_S12  -127000.0   169250.0  10.0 4004 4096 silicon CCD frame   3.0 100.0 Group0     0.000000     0.000000     0.000000     0.000000     0.000000     0.000000 sensor.txt     0.000000 
R13_S20   -84750.0    84750.0  10.0 4004 4096 silicon CCD frame   3.0 100.0 Group0     0.000000     0.000000     0.000000     0.000000     0.000000     0.000000 sensor.txt     0.000000 
R13_S21   -84750.0   127000.0  10.0 4004 4096 silicon CCD frame   3.0 100.0 Group0     0.000000     0.000000     0.000000     0.000000     0.000000     0.000000 sensor.txt     0.000000 
R13_S22   -84750.0   169250.0  10.0 4004 4096 silicon CCD frame   3.0 100.0 Group0     0.000000     0.000000     0.000000     0.000000     0.000000     0.000000 sensor.txt     0.000000 
R14_S00  -169250.0   211750.0  10.0 4004 4096 silicon CCD frame   3.0 100.0 Group0     0.000000     0.000000     0.000000     0.000000     0.000000     0.000000 sensor.txt     0.000000 
R14_S01  -169250.0   254000.0  10.0 4004 4096 silicon CCD frame   3.0 100.0 Group0     0.000000     0.000000     0.000000     0.000000     0.000000     0.000000 sensor.txt     0.000000 
R14_S02  -169250.0   296250.0  10.0 4004 4096 silicon CCD frame   3.0 100.0 Group0     0.000000     0.000000     0.000000     0.000000     0.000000     0.000000 sensor.txt     0.000000 
R14_S10  -127000.0   211750.0  10.0 4004 4096 silicon CCD frame   3.0 100.0 Group0     0.000000     0.000000     0.000000     0.000000     0.000000     0.000000 sensor.txt     0.000000 
R14_S11  -127000.0   254000.0  10.0 4004 4096 silicon CCD frame   3.0 100.0 Group0     0.000000     0.000000     0.000000     0.000000     0.000000     0.000000 sensor.txt     0.000000 
R14_S12  -127000.0   296250.0  10.0 4004 4096 silicon CCD frame   3.0 100.0 Group0     0.000000     0.000000     0.000000     0.000000     0.000000     0.000000 sensor.txt     0.000000 
R14_S20   -84750.0   211750.0  10.0 4004 4096 silicon CCD frame   3.0 100.0 Group0     0.000000     0.000000     0.000000     0.000000     0.000000     0.000000 sensor.txt     0.000000 
R14_S21   -84750.0   254000.0  10.0 4004 4096 silicon CCD frame   3.0 100.0 Group0     0.000000     0.000000     0.000000     0.000000     0.000000     0.000000 sensor.txt     0.000000 
R14_S22   -84750.0   296250.0  10.0 4004 4096 silicon CCD frame   3.0 100.0 Group0     0.000000     0.000000     0.000000     0.000000     0.000000     0.000000 sensor.txt     0.000000 
R20_S00   -42260.0  -296260.0  10.0 4000 4072 silicon CCD frame   3.0 100.0 Group0     0.000000     0.000000     0.000000     0.000000     0.000000     0.000000 sensor.txt     0.000000 
R20_S01   -42260.0  -254010.0  10.0 4000 4072 silicon CCD frame   3.0 100.0 Group0     0.000000     0.000000     0.000000     0.000000     0.000000     0.000000 sensor.txt     0.000000 
R20_S02   -42260.0  -211760.0  10.0 4000 4072 silicon CCD frame   3.0 100.0 Group0     0.000000     0.000000     0.000000     0.000000     0.000000     0.000000 sensor.txt     0.000000 
R20_S10      -10.0  -296260.0  10.0 4000 4072 silicon CCD frame   3.0 100.0 Group0     0.000000     0.000000     0.000000     0.000000     0.000000     0.000000 sensor.txt     0.000000 
R20_S11      -10.0  -254010.0  10.0 4000 4072 silicon CCD frame   3.0 100.0 Group0     0.000000     0.000000     0.000000     0.000000     0.000000     0.000000 sensor.txt     0.000000 
R20_S12      -10.0  -211760.0  10.0 4000 4072 silicon CCD frame   3.0 100.0 Group0     0.000000     0.000000     0.000000     0.000000     0.000000     0.000000 sensor.txt     0.000000 
R20_S20    42240.0  -296260.0  10.0 4000 4072 silicon CCD frame   3.0 100.0 Group0     0.000000     0.000000     0.000000     0.000000     0.000000     0.000000 sensor.txt     0.000000 
R20_S21    42240.0  -254010.0  10.0 4000 4072 silicon CCD frame   3.0 100.0 Group0     0.000000     0.000000     0.000000     0.000000     0.000000     0.000000 sensor.txt     0.000000 
R20_S22    42240.0  -211760.0  10.0 4000 4072 silicon CCD frame   3.0 100.0 Group0     0.000000     0.000000     0.000000     0.000000     0.000000     0.000000 sensor.txt     0.000000 
R21_S00   -42250.0  -169250.0  10.0 4004 4096 silicon CCD frame   3.0 100.0 Group0     0.000000     0.000000     0.000000     0.000000     0.000000     0.000000 sensor.txt     0.000000 
R21_S01   -42250.0  -127000.0  10.0 4004 4096 silicon CCD frame   3.0 100.0 Group0     0.000000     0.000000     0.000000     0.000000     0.000000     0.000000 sensor.txt     0.000000 
R21_S02   -42250.0   -84750.0  10.0 4004 4096 silicon CCD frame   3.0 100.0 Group0     0.000000     0.000000     0.000000     0.000000     0.000000     0.000000 sensor.txt     0.000000 
R21_S10        0.0  -169250.0  10.0 4004 4096 silicon CCD frame   3.0 100.0 Group0     0.000000     0.000000     0.000000     0.000000     0.000000     0.000000 sensor.txt     0.000000 
R21_S11        0.0  -127000.0  10.0 4004 4096 silicon CCD frame   3.0 100.0 Group0     0.000000     0.000000     0.000000     0.000000     0.000000     0.000000 sensor.txt     0.000000 
R21_S12        0.0   -84750.0  10.0 4004 4096 silicon CCD frame   3.0 100.0 Group0     0.000000     0.000000     0.000000     0.000000     0.000000     0.000000 sensor.txt     0.000000 
R21_S20    42250.0  -169250.0  10.0 4004 4096 silicon CCD frame   3.0 100.0 Group0     0.000000     0.000000     0.000000     0.000000     0.000000     0.000000 sensor.txt     0.000000 
R21_S21    42250.0  -127000.0  10.0 4004 4096 silicon CCD frame   3.0 100.0 Group0     0.000000     0.000000     0.000000     0.000000     0.000000     0.000000 sensor.txt     0.000000 
R21_S22    42250.0   -84750.0  10.0 4004 4096 silicon CCD frame   3.0 100.0 Group0     0.000000     0.000000     0.000000     0.000000     0.000000     0.000000 sensor.txt     0.000000 
R22_S00   -42250.0   -42250.0  10.0 4004 4096 silicon CCD frame   3.0 100.0 Group0     0.000000     0.000000     0.000000     0.000000     0.000000     0.000000 sensor.txt     0.000000 
R22_S01   -42250.0        0.0  10.0 4004 4096 silicon CCD frame   3.0 100.0 Group0     0.000000     0.000000     0.000000     0.000000     0.000000     0.000000 sensor.txt     0.000000 
R22_S02   -42250.0    42250.0  10.0 4004 4096 silicon CCD frame   3.0 100.0 Group0     0.000000     0.000000     0.000000     0.000000     0.000000     0.000000 sensor.txt     0.000000 
R22_S10        0.0   -42250.0  10.0 4004 4096 silicon CCD frame   3.0 100.0 Group0     0.000000     0.000000     0.000000     0.000000     0.000000     0.000000 sensor.txt     0.000000 
R22_S11        0.0        0.0  10.0 4004 4096 silicon CCD frame   3.0 100.0 Group0     0.000000     0.000000     0.000000     0.000000     0.000000     0.000000 sensor.txt     0.000000 
R22_S12        0.0    42250.0  10.0 4004 4096 silicon CCD frame   3.0 100.0 Group0     0.000000     0.000000     0.000000     0.000000     0.000000     0.000000 sensor.txt     0.000000 
R22_S20    42250.0   -42250.0  10.0 4004 4096 silicon CCD frame   3.0 100.0 Group0     0.000000     0.000000     0.000000     0.000000     0.000000     0.000000 sensor.txt     0.000000 
R22_S21    42250.0        0.0  10.0 4004 4096 silicon CCD frame   3.0 100.0 Group0     0.000000     0.000000     0.000000     0.000000     0.000000     0.000000 sensor.txt     0.000000 
R22_S22    42250.0    42250.0  10.0 4004 4096 silicon CCD frame   3.0 100.0 Group0     0.000000     0.000000     0.000000     0.000000     0.000000     0.000000 sensor.txt     0.000000 
R23_S00   -42250.0    84750.0  10.0 4004 4096 silicon CCD frame   3.0 100.0 Group0     0.000000     0.000000     0.000000     0.000000     0.000000     0.000000 sensor.txt     0.000000 
R23_S01   -42250.0   127000.0  10.0 4004 4096 silicon CCD frame   3.0 100.0 Group0     0.000000     0.000000     0.000000     0.000000     0.000000     0.000000 sensor.txt     0.000000 
R23_S02   -42250.0   169250.0  10.0 4004 4096 silicon CCD frame   3.0 100.0 Group0     0.000000     0.000000     0.000000     0.000000     0.000000     0.000000 sensor.txt     0.000000 
R23_S10        0.0    84750.0  10.0 4004 4096 silicon CCD frame   3.0 100.0 Group0     0.000000     0.000000     0.000000     0.000000     0.000000     0.000000 sensor.txt     0.000000 
R23_S11        0.0   127000.0  10.0 4004 4096 silicon CCD frame   3.0 100.0 Group0     0.000000     0.000000     0.000000     0.000000     0.000000     0.000000 sensor.txt     0.000000 
R23_S12        0.0   169250.0  10.0 4004 4096 silicon CCD frame   3.0 100.0 Group0     0.000000     0.000000     0.000000     0.000000     0.000000     0.000000 sensor.txt     0.000000 
R23_S20    42250.0    84750.0  10.0 4004 4096 silicon CCD frame   3.0 100.0 Group0     0.000000     0.000000     0.000000     0.000000     0.000000     0.000000 sensor.txt     0.000000 
R23_S21    42250.0   127000.0  10.0 4004 4096 silicon CCD frame   3.0 100.0 Group0     0.000000     0.000000     0.000000     0.000000     0.000000     0.000000 sensor.txt     0.000000 
R23_S22    42250.0   169250.0  10.0 4004 4096 silicon CCD frame   3.0 100.0 Group0     0.000000     0.000000     0.000000     0.000000     0.000000     0.000000 sensor.txt     0.000000 
R24_S00   -42250.0   211750.0  10.0 4004 4096 silicon CCD frame   3.0 100.0 Group0     0.000000     0.000000     0.000000     0.000000     0.000000     0.000000 sensor.txt     0.000000 
R24_S01   -42250.0   254000.0  10.0 4004 4096 silicon CCD frame   3.0 100.0 Group0     0.000000     0.000000     0.000000     0.000000     0.000000     0.000000 sensor.txt     0.000000 
R24_S02   -42250.0   296250.0  10.0 4004 4096 silicon CCD frame   3.0 100.0 Group0     0.000000     0.000000     0.000000     0.000000     0.000000     0.000000 sensor.txt     0.000000 
R24_S10        0.0   211750.0  10.0 4004 4096 silicon CCD frame   3.0 100.0 Group0     0.000000     0.000000     0.000000     0.000000     0.000000     0.000000 sensor.txt     0.000000 
R24_S11        0.0   254000.0  10.0 4004 4096 silicon CCD frame   3.0 100.0 Group0     0.000000     0.000000     0.000000     0.000000     0.000000     0.000000 sensor.txt     0.000000 
R24_S12        0.0   296250.0  10.0 4004 4096 silicon CCD frame   3.0 100.0 Group0     0.000000     0.000000     0.000000     0.000000     0.000000     0.000000 sensor.txt     0.000000 
R24_S20    42250.0   211750.0  10.0 4004 4096 silicon CCD frame   3.0 100.0 Group0     0.000000     0.000000     0.000000     0.000000     0.000000     0.000000 sensor.txt     0.000000 
R24_S21    42250.0   254000.0  10.0 4004 4096 silicon CCD frame   3.0 100.0 Group0     0.000000     0.000000     0.000000     0.000000     0.000000     0.000000 sensor.txt     0.000000 
R24_S22    42250.0   296250.0  10.0 4004 4096 silicon CCD frame   3.0 100.0 Group0     0.000000     0.000000     0.000000     0.000000     0.000000     0.000000 sensor.txt     0.000000 
R30_S00    84750.0  -296250.0  10.0 4004 4096 silicon CCD frame   3.0 100.0 Group0     0.000000     0.000000     0.000000     0.000000     0.000000     0.000000 sensor.txt     0.000000 
R30_S01    84750.0  -254000.0  10.0 4004 4096 silicon CCD frame   3.0 100.0 Group0     0.000000     0.000000     0.000000     0.000000     0.000000     0.000000 sensor.txt     0.000000 
R30_S02    84750.0  -211750.0  10.0 4004 4096 silicon CCD frame   3.0 100.0 Group0     0.000000     0.000000     0.000000     0.000000     0.000000     0.000000 sensor.txt     0.000000 
R30_S10   127000.0  -296250.0  10.0 4004 4096 silicon CCD frame   3.0 100.0 Group0     0.000000     0.000000     0.000000     0.000000     0.000000     0.000000 sensor.txt     0.000000 
R30_S11   127000.0  -254000.0  10.0 4004 4096 silicon CCD frame   3.0 100.0 Group0     0.000000     0.000000     0.000000     0.000000     0.000000     0.000000 sensor.txt     0.000000 
R30_S12   127000.0  -211750.0  10.0 4004 4096 silicon CCD frame   3.0 100.0 Group0     0.000000     0.000000     0.000000     0.000000     0.000000     0.000000 sensor.txt     0.000000 
R30_S20   169250.0  -296250.0  10.0 4004 4096 silicon CCD frame   3.0 100.0 Group0     0.000000     0.000000     0.000000     0.000000     0.000000     0.000000 sensor.txt     0.000000 
R30_S21   169250.0  -254000.0  10.0 4004 4096 silicon CCD frame   3.0 100.0 Group0     0.000000     0.000000     0.000000     0.000000     0.000000     0.000000 sensor.txt     0.000000 
R30_S22   169250.0  -211750.0  10.0 4004 4096 silicon CCD frame   3.0 100.0 Group0     0.000000     0.000000     0.000000     0.000000     0.000000     0.000000 sensor.txt     0.000000 
R31_S00    84750.0  -169250.0  10.0 4004 4096 silicon CCD frame   3.0 100.0 Group0     0.000000     0.000000     0.000000     0.000000     0.000000     0.000000 sensor.txt     0.000000 
R31_S01    84750.0  -127000.0  10.0 4004 4096 silicon CCD frame   3.0 100.0 Group0     0.000000     0.000000     0.000000     0.000000     0.000000     0.000000 sensor.txt     0.000000 
R31_S02    84750.0   -84750.0  10.0 4004 4096 silicon CCD frame   3.0 100.0 Group0     0.000000     0.000000     0.000000     0.000000     0.000000     0.000000 sensor.txt     0.000000 
R31_S10   127000.0  -169250.0  10.0 4004 4096 silicon CCD frame   3.0 100.0 Group0     0.000000     0.000000     0.000000     0.000000     0.000000     0.000000 sensor.txt     0.000000 
R31_S11   127000.0  -127000.0  10.0 4004 4096 silicon CCD frame   3.0 100.0 Group0     0.000000     0.000000     0.000000     0.000000     0.000000     0.000000 sensor.txt     0.000000 
R31_S12   127000.0   -84750.0  10.0 4004 4096 silicon CCD frame   3.0 100.0 Group0     0.000000     0.000000     0.000000     0.000000     0.000000     0.000000 sensor.txt     0.000000 
R31_S20   169250.0  -169250.0  10.0 4004 4096 silicon CCD frame   3.0 100.0 Group0     0.000000     0.000000     0.000000     0.000000     0.000000     0.000000 sensor.txt     0.000000 
R31_S21   169250.0  -127000.0  10.0 4004 4096 silicon CCD frame   3.0 100.0 Group0     0.000000     0.000000     0.000000     0.000000     0.000000     0.000000 sensor.txt     0.000000 
R31_S22   169250.0   -84750.0  10.0 4004 4096 silicon CCD frame   3.0 100.0 Group0     0.000000     0.000000     0.000000     0.000000     0.000000     0.000000 sensor.txt     0.000000 
R32_S00    84750.0   -42250.0  10.0 4004 4096 silicon CCD frame   3.0 100.0 Group0     0.000000     0.000000     0.000000     0.000000     0.000000     0.000000 sensor.txt     0.000000 
R32_S01    84750.0        0.0  10.0 4004 4096 silicon CCD frame   3.0 100.0 Group0     0.000000     0.000000     0.000000     0.000000     0.000000     0.000000 sensor.txt     0.000000 
R32_S02    84750.0    42250.0  10.0 4004 4096 silicon CCD frame   3.0 100.0 Group0     0.000000     0.000000     0.000000     0.000000     0.000000     0.000000 sensor.txt     0.000000 
R32_S10   127000.0   -42250.0  10.0 4004 4096 silicon CCD frame   3.0 100.0 Group0     0.000000     0.000000     0.000000     0.000000     0.000000     0.000000 sensor.txt     0.000000 
R32_S11   127000.0        0.0  10.0 4004 4096 silicon CCD frame   3.0 100.0 Group0     0.000000     0.000000     0.000000     0.000000     0.000000     0.000000 sensor.txt     0.000000 
R32_S12   127000.0    42250.0  10.0 4004 4096 silicon CCD frame   3.0 100.0 Group0     0.000000     0.000000     0.000000     0.000000     0.000000     0.000000 sensor.txt     0.000000 
R32_S20   169250.0   -42250.0  10.0 4004 4096 silicon CCD frame   3.0 100.0 Group0     0.000000     0.000000     0.000000     0.000000     0.000000     0.000000 sensor.txt     0.000000 
R32_S21   169250.0        0.0  10.0 4004 4096 silicon CCD frame   3.0 100.0 Group0     0.000000     0.000000     0.000000     0.000000     0.000000     0.000000 sensor.txt     0.000000 
R32_S22   169250.0    42250.0  10.0 4004 4096 silicon CCD frame   3.0 100.0 Group0     0.000000     0.000000     0.000000     0.000000     0.000000     0.000000 sensor.txt     0.000000 
R33_S00    84750.0    84750.0  10.0 4004 4096 silicon CCD frame   3.0 100.0 Group0     0.000000     0.000000     0.000000     0.000000     0.000000     0.000000 sensor.txt     0.000000 
R33_S01    84750.0   127000.0  10.0 4004 4096 silicon CCD frame   3.0 100.0 Group0     0.000000     0.000000     0.000000     0.000000     0.000000     0.000000 sensor.txt     0.000000 
R33_S02    84750.0   169250.0  10.0 4004 4096 silicon CCD frame   3.0 100.0 Group0     0.000000     0.000000     0.000000     0.000000     0.000000     0.000000 sensor.txt     0.000000 
R33_S10   127000.0    84750.0  10.0 4004 4096 silicon CCD frame   3.0 100.0 Group0     0.000000     0.000000     0.000000     0.000000     0.000000     0.000000 sensor.txt     0.000000 
R33_S11   127000.0   127000.0  10.0 4004 4096 silicon CCD frame   3.0 100.0 Group0     0.000000     0.000000     0.000000     0.000000     0.000000     0.000000 sensor.txt     0.000000 
R33_S12   127000.0   169250.0  10.0 4004 4096 silicon CCD frame   3.0 100.0 Group0     0.000000     0.000000     0.000000     0.000000     0.000000     0.000000 sensor.txt     0.000000 
R33_S20   169250.0    84750.0  10.0 4004 4096 silicon CCD frame   3.0 100.0 Group0     0.000000     0.000000     0.000000     0.000000     0.000000     0.000000 sensor.txt     0.000000 
R33_S21   169250.0   127000.0  10.0 4004 4096 silicon CCD frame   3.0 100.0 Group0     0.000000     0.000000     0.000000     0.000000     0.000000     0.000000 sensor.txt     0.000000 
R33_S22   169250.0   169250.0  10.0 4004 4096 silicon CCD frame   3.0 100.0 Group0     0.000000     0.000000     0.000000     0.000000     0.000000     0.000000 sensor.txt     0.000000 
R34_S00    84750.0   211750.0  10.0 4004 4096 silicon CCD frame   3.0 100.0 Group0     0.000000     0.000000     0.000000     0.000000     0.000000     0.000000 sensor.txt     0.000000 
R34_S01    84750.0   254000.0  10.0 4004 4096 silicon CCD frame   3.0 100.0 Group0     0.000000     0.000000     0.000000     0.000000     0.000000     0.000000 sensor.txt     0.000000 
R34_S02    84750.0   296250.0  10.0 4004 4096 silicon CCD frame   3.0 100.0 Group0     0.000000     0.000000     0.000000     0.000000     0.000000     0.000000 sensor.txt     0.000000 
R34_S10   127000.0   211750.0  10.0 4004 4096 silicon CCD frame   3.0 100.0 Group0     0.000000     0.000000     0.000000     0.000000     0.000000     0.000000 sensor.txt     0.000000 
R34_S11   127000.0   254000.0  10.0 4004 4096 silicon CCD frame   3.0 100.0 Group0     0.000000     0.000000     0.000000     0.000000     0.000000     0.000000 sensor.txt     0.000000 
R34_S12   127000.0   296250.0  10.0 4004 4096 silicon CCD frame   3.0 100.0 Group0     0.000000     0.000000     0.000000     0.000000     0.000000     0.000000 sensor.txt     0.000000 
R34_S20   169250.0   211750.0  10.0 4004 4096 silicon CCD frame   3.0 100.0 Group0     0.000000     0.000000     0.000000     0.000000     0.000000     0.000000 sensor.txt     0.000000 
R34_S21   169250.0   254000.0  10.0 4004 4096 silicon CCD frame   3.0 100.0 Group0     0.000000     0.000000     0.000000     0.000000     0.000000     0.000000 sensor.txt     0.000000 
R34_S22   169250.0   296250.0  10.0 4004 4096 silicon CCD frame   3.0 100.0 Group0     0.000000     0.000000     0.000000     0.000000     0.000000     0.000000 sensor.txt     0.000000 
R40_SG0   212230.0  -258750.0  10.0 4000 4072 silicon CMOS frame   0.1 100.0 Group2    90.000000     0.000000     0.000000     0.000000     0.000000     0.000000 sensor.txt     0.000000 
R40_SW1   214250.0  -214250.0  10.0 2000 4072 silicon CCD frame   3.0 100.0 Group1    90.000000     0.000000     0.000000     0.010000   -11.635000     0.000000 sensor.txt  1500.000000 
R40_SW0   214250.0  -214250.0  10.0 2000 4072 silicon CCD frame   3.0 100.0 Group1    90.000000     0.000000     0.000000    -0.010000    11.635000     0.000000 sensor.txt -1500.000000 
R40_SG1   258730.0  -212230.0  10.0 4000 4072 silicon CMOS frame   0.1 100.0 Group2    90.000000     0.000000     0.000000     0.000000     0.000000     0.000000 sensor.txt     0.000000 
R41_S00   211740.0  -169260.0  10.0 4000 4072 silicon CCD frame   3.0 100.0 Group0     0.000000     0.000000     0.000000     0.000000     0.000000     0.000000 sensor.txt     0.000000 
R41_S01   211740.0  -127010.0  10.0 4000 4072 silicon CCD frame   3.0 100.0 Group0     0.000000     0.000000     0.000000     0.000000     0.000000     0.000000 sensor.txt     0.000000 
R41_S02   211740.0   -84760.0  10.0 4000 4072 silicon CCD frame   3.0 100.0 Group0     0.000000     0.000000     0.000000     0.000000     0.000000     0.000000 sensor.txt     0.000000 
R41_S10   253990.0  -169260.0  10.0 4000 4072 silicon CCD frame   3.0 100.0 Group0     0.000000     0.000000     0.000000     0.000000     0.000000     0.000000 sensor.txt     0.000000 
R41_S11   253990.0  -127010.0  10.0 4000 4072 silicon CCD frame   3.0 100.0 Group0     0.000000     0.000000     0.000000     0.000000     0.000000     0.000000 sensor.txt     0.000000 
R41_S12   253990.0   -84760.0  10.0 4000 4072 silicon CCD frame   3.0 100.0 Group0     0.000000     0.000000     0.000000     0.000000     0.000000     0.000000 sensor.txt     0.000000 
R41_S20   296240.0  -169260.0  10.0 4000 4072 silicon CCD frame   3.0 100.0 Group0     0.000000     0.000000     0.000000     0.000000     0.000000     0.000000 sensor.txt     0.000000 
R41_S21   296240.0  -127010.0  10.0 4000 4072 silicon CCD frame   3.0 100.0 Group0     0.000000     0.000000     0.000000     0.000000     0.000000     0.000000 sensor.txt     0.000000 
R41_S22   296240.0   -84760.0  10.0 4000 4072 silicon CCD frame   3.0 100.0 Group0     0.000000     0.000000     0.000000     0.000000     0.000000     0.000000 sensor.txt     0.000000 
R42_S00   211740.0   -42260.0  10.0 4000 4072 silicon CCD frame   3.0 100.0 Group0     0.000000     0.000000     0.000000     0.000000     0.000000     0.000000 sensor.txt     0.000000 
R42_S01   211740.0      -10.0  10.0 4000 4072 silicon CCD frame   3.0 100.0 Group0     0.000000     0.000000     0.000000     0.000000     0.000000     0.000000 sensor.txt     0.000000 
R42_S02   211740.0    42240.0  10.0 4000 4072 silicon CCD frame   3.0 100.0 Group0     0.000000     0.000000     0.000000     0.000000     0.000000     0.000000 sensor.txt     0.000000 
R42_S10   253990.0   -42260.0  10.0 4000 4072 silicon CCD frame   3.0 100.0 Group0     0.000000     0.000000     0.000000     0.000000     0.000000     0.000000 sensor.txt     0.000000 
R42_S11   253990.0      -10.0  10.0 4000 4072 silicon CCD frame   3.0 100.0 Group0     0.000000     0.000000     0.000000     0.000000     0.000000     0.000000 sensor.txt     0.000000 
R42_S12   253990.0    42240.0  10.0 4000 4072 silicon CCD frame   3.0 100.0 Group0     0.000000     0.000000     0.000000     0.000000     0.000000     0.000000 sensor.txt     0.000000 
R42_S20   296240.0   -42260.0  10.0 4000 4072 silicon CCD frame   3.0 100.0 Group0     0.000000     0.000000     0.000000     0.000000     0.000000     0.000000 sensor.txt     0.000000 
R42_S21   296240.0      -10.0  10.0 4000 4072 silicon CCD frame   3.0 100.0 Group0     0.000000     0.000000     0.000000     0.000000     0.000000     0.000000 sensor.txt     0.000000 
R42_S22   296240.0    42240.0  10.0 4000 4072 silicon CCD frame   3.0 100.0 Group0     0.000000     0.000000     0.000000     0.000000     0.000000     0.000000 sensor.txt     0.000000 
R43_S00   211740.0    84740.0  10.0 4000 4072 silicon CCD frame   3.0 100.0 Group0     0.000000     0.000000     0.000000     0.000000     0.000000     0.000000 sensor.txt     0.000000 
R43_S01   211740.0   126990.0  10.0 4000 4072 silicon CCD frame   3.0 100.0 Group0     0.000000     0.000000     0.000000     0.000000     0.000000     0.000000 sensor.txt     0.000000 
R43_S02   211740.0   169240.0  10.0 4000 4072 silicon CCD frame   3.0 100.0 Group0     0.000000     0.000000     0.000000     0.000000     0.000000     0.000000 sensor.txt     0.000000 
R43_S10   253990.0    84740.0  10.0 4000 4072 silicon CCD frame   3.0 100.0 Group0     0.000000     0.000000     0.000000     0.000000     0.000000     0.000000 sensor.txt     0.000000 
R43_S11   253990.0   126990.0  10.0 4000 4072 silicon CCD frame   3.0 100.0 Group0     0.000000     0.000000     0.000000     0.000000     0.000000     0.000000 sensor.txt     0.000000 
R43_S12   253990.0   169240.0  10.0 4000 4072 silicon CCD frame   3.0 100.0 Group0     0.000000     0.000000     0.000000     0.000000     0.000000     0.000000 sensor.txt     0.000000 
R43_S20   296240.0    84740.0  10.0 4000 4072 silicon CCD frame   3.0 100.0 Group0     0.000000     0.000000     0.000000     0.000000     0.000000     0.000000 sensor.txt     0.000000 
R43_S21   296240.0   126990.0  10.0 4000 4072 silicon CCD frame   3.0 100.0 Group0     0.000000     0.000000     0.000000     0.000000     0.000000     0.000000 sensor.txt     0.000000 
R43_S22   296240.0   169240.0  10.0 4000 4072 silicon CCD frame   3.0 100.0 Group0     0.000000     0.000000     0.000000     0.000000     0.000000     0.000000 sensor.txt     0.000000 
R44_SW1   214250.0   214250.0  10.0 2000 4072 silicon CCD frame   3.0 100.0 Group1  -180.000000     0.000000     0.000000    11.635000     0.010000     0.000000 sensor.txt  1500.000000 
R44_SW0   214250.0   214250.0  10.0 2000 4072 silicon CCD frame   3.0 100.0 Group1  -180.000000     0.000000     0.000000   -11.635000    -0.010000     0.000000 sensor.txt -1500.000000 
R44_SG0   258750.0   212230.0  10.0 4000 4072 silicon CMOS frame   0.1 100.0 Group2   180.000000     0.000000     0.000000     0.000000     0.000000     0.000000 sensor.txt     0.000000 
R44_SG1   212230.0   258730.0  10.0 4000 4072 silicon CMOS frame   0.1 100.0 Group2   180.000000     0.000000     0.000000     0.000000     0.000000     0.000000 sensor.txt     0.000000 
