     0.300000      1.55301
     0.300900      1.55269
     0.301800      1.55237
     0.302700      1.55206
     0.303600      1.55175
     0.304500      1.55145
     0.305400      1.55114
     0.306300      1.55085
     0.307200      1.55055
     0.308100      1.55026
     0.309000      1.54997
     0.309900      1.54968
     0.310800      1.54940
     0.311700      1.54912
     0.312600      1.54884
     0.313500      1.54857
     0.314400      1.54829
     0.315300      1.54802
     0.316200      1.54776
     0.317100      1.54749
     0.318000      1.54723
     0.318900      1.54697
     0.319800      1.54672
     0.320700      1.54647
     0.321600      1.54621
     0.322500      1.54597
     0.323400      1.54572
     0.324300      1.54548
     0.325200      1.54524
     0.326100      1.54500
     0.327000      1.54476
     0.327900      1.54453
     0.328800      1.54429
     0.329700      1.54406
     0.330600      1.54384
     0.331500      1.54361
     0.332400      1.54339
     0.333300      1.54317
     0.334200      1.54295
     0.335100      1.54273
     0.336000      1.54252
     0.336900      1.54230
     0.337800      1.54209
     0.338700      1.54188
     0.339600      1.54168
     0.340500      1.54147
     0.341400      1.54127
     0.342300      1.54106
     0.343200      1.54086
     0.344100      1.54067
     0.345000      1.54047
     0.345900      1.54028
     0.346800      1.54008
     0.347700      1.53989
     0.348600      1.53970
     0.349500      1.53951
     0.350400      1.53933
     0.351300      1.53914
     0.352200      1.53896
     0.353100      1.53878
     0.354000      1.53860
     0.354900      1.53842
     0.355800      1.53824
     0.356700      1.53807
     0.357600      1.53790
     0.358500      1.53772
     0.359400      1.53755
     0.360300      1.53738
     0.361200      1.53722
     0.362100      1.53705
     0.363000      1.53688
     0.363900      1.53672
     0.364800      1.53656
     0.365700      1.53640
     0.366600      1.53624
     0.367500      1.53608
     0.368400      1.53592
     0.369300      1.53577
     0.370200      1.53561
     0.371100      1.53546
     0.372000      1.53530
     0.372900      1.53515
     0.373800      1.53500
     0.374700      1.53486
     0.375600      1.53471
     0.376500      1.53456
     0.377400      1.53442
     0.378300      1.53427
     0.379200      1.53413
     0.380100      1.53399
     0.381000      1.53385
     0.381900      1.53371
     0.382800      1.53357
     0.383700      1.53343
     0.384600      1.53330
     0.385500      1.53316
     0.386400      1.53303
     0.387300      1.53289
     0.388200      1.53276
     0.389100      1.53263
     0.390000      1.53250
     0.390900      1.53237
     0.391800      1.53224
     0.392700      1.53212
     0.393600      1.53199
     0.394500      1.53186
     0.395400      1.53174
     0.396300      1.53162
     0.397200      1.53149
     0.398100      1.53137
     0.399000      1.53125
     0.399900      1.53113
     0.400800      1.53101
     0.401700      1.53089
     0.402600      1.53078
     0.403500      1.53066
     0.404400      1.53054
     0.405300      1.53043
     0.406200      1.53031
     0.407100      1.53020
     0.408000      1.53009
     0.408900      1.52998
     0.409800      1.52987
     0.410700      1.52976
     0.411600      1.52965
     0.412500      1.52954
     0.413400      1.52943
     0.414300      1.52932
     0.415200      1.52922
     0.416100      1.52911
     0.417000      1.52901
     0.417900      1.52890
     0.418800      1.52880
     0.419700      1.52870
     0.420600      1.52859
     0.421500      1.52849
     0.422400      1.52839
     0.423300      1.52829
     0.424200      1.52819
     0.425100      1.52809
     0.426000      1.52800
     0.426900      1.52790
     0.427800      1.52780
     0.428700      1.52771
     0.429600      1.52761
     0.430500      1.52752
     0.431400      1.52742
     0.432300      1.52733
     0.433200      1.52724
     0.434100      1.52714
     0.435000      1.52705
     0.435900      1.52696
     0.436800      1.52687
     0.437700      1.52678
     0.438600      1.52669
     0.439500      1.52660
     0.440400      1.52651
     0.441300      1.52643
     0.442200      1.52634
     0.443100      1.52625
     0.444000      1.52617
     0.444900      1.52608
     0.445800      1.52600
     0.446700      1.52591
     0.447600      1.52583
     0.448500      1.52574
     0.449400      1.52566
     0.450300      1.52558
     0.451200      1.52550
     0.452100      1.52542
     0.453000      1.52533
     0.453900      1.52525
     0.454800      1.52517
     0.455700      1.52510
     0.456600      1.52502
     0.457500      1.52494
     0.458400      1.52486
     0.459300      1.52478
     0.460200      1.52471
     0.461100      1.52463
     0.462000      1.52455
     0.462900      1.52448
     0.463800      1.52440
     0.464700      1.52433
     0.465600      1.52425
     0.466500      1.52418
     0.467400      1.52411
     0.468300      1.52403
     0.469200      1.52396
     0.470100      1.52389
     0.471000      1.52382
     0.471900      1.52375
     0.472800      1.52368
     0.473700      1.52360
     0.474600      1.52353
     0.475500      1.52347
     0.476400      1.52340
     0.477300      1.52333
     0.478200      1.52326
     0.479100      1.52319
     0.480000      1.52312
     0.480900      1.52306
     0.481800      1.52299
     0.482700      1.52292
     0.483600      1.52286
     0.484500      1.52279
     0.485400      1.52273
     0.486300      1.52266
     0.487200      1.52260
     0.488100      1.52253
     0.489000      1.52247
     0.489900      1.52240
     0.490800      1.52234
     0.491700      1.52228
     0.492600      1.52222
     0.493500      1.52215
     0.494400      1.52209
     0.495300      1.52203
     0.496200      1.52197
     0.497100      1.52191
     0.498000      1.52185
     0.498900      1.52179
     0.499800      1.52173
     0.500700      1.52167
     0.501600      1.52161
     0.502500      1.52155
     0.503400      1.52149
     0.504300      1.52143
     0.505200      1.52137
     0.506100      1.52132
     0.507000      1.52126
     0.507900      1.52120
     0.508800      1.52114
     0.509700      1.52109
     0.510600      1.52103
     0.511500      1.52098
     0.512400      1.52092
     0.513300      1.52087
     0.514200      1.52081
     0.515100      1.52076
     0.516000      1.52070
     0.516900      1.52065
     0.517800      1.52059
     0.518700      1.52054
     0.519600      1.52049
     0.520500      1.52043
     0.521400      1.52038
     0.522300      1.52033
     0.523200      1.52027
     0.524100      1.52022
     0.525000      1.52017
     0.525900      1.52012
     0.526800      1.52007
     0.527700      1.52002
     0.528600      1.51997
     0.529500      1.51992
     0.530400      1.51987
     0.531300      1.51982
     0.532200      1.51977
     0.533100      1.51972
     0.534000      1.51967
     0.534900      1.51962
     0.535800      1.51957
     0.536700      1.51952
     0.537600      1.51947
     0.538500      1.51942
     0.539400      1.51938
     0.540300      1.51933
     0.541200      1.51928
     0.542100      1.51923
     0.543000      1.51919
     0.543900      1.51914
     0.544800      1.51909
     0.545700      1.51905
     0.546600      1.51900
     0.547500      1.51896
     0.548400      1.51891
     0.549300      1.51886
     0.550200      1.51882
     0.551100      1.51877
     0.552000      1.51873
     0.552900      1.51868
     0.553800      1.51864
     0.554700      1.51860
     0.555600      1.51855
     0.556500      1.51851
     0.557400      1.51846
     0.558300      1.51842
     0.559200      1.51838
     0.560100      1.51833
     0.561000      1.51829
     0.561900      1.51825
     0.562800      1.51821
     0.563700      1.51816
     0.564600      1.51812
     0.565500      1.51808
     0.566400      1.51804
     0.567300      1.51800
     0.568200      1.51796
     0.569100      1.51792
     0.570000      1.51787
     0.570900      1.51783
     0.571800      1.51779
     0.572700      1.51775
     0.573600      1.51771
     0.574500      1.51767
     0.575400      1.51763
     0.576300      1.51759
     0.577200      1.51755
     0.578100      1.51751
     0.579000      1.51747
     0.579900      1.51744
     0.580800      1.51740
     0.581700      1.51736
     0.582600      1.51732
     0.583500      1.51728
     0.584400      1.51724
     0.585300      1.51721
     0.586200      1.51717
     0.587100      1.51713
     0.588000      1.51709
     0.588900      1.51705
     0.589800      1.51702
     0.590700      1.51698
     0.591600      1.51694
     0.592500      1.51691
     0.593400      1.51687
     0.594300      1.51683
     0.595200      1.51680
     0.596100      1.51676
     0.597000      1.51672
     0.597900      1.51669
     0.598800      1.51665
     0.599700      1.51662
     0.600600      1.51658
     0.601500      1.51655
     0.602400      1.51651
     0.603300      1.51648
     0.604200      1.51644
     0.605100      1.51641
     0.606000      1.51637
     0.606900      1.51634
     0.607800      1.51630
     0.608700      1.51627
     0.609600      1.51624
     0.610500      1.51620
     0.611400      1.51617
     0.612300      1.51613
     0.613200      1.51610
     0.614100      1.51607
     0.615000      1.51603
     0.615900      1.51600
     0.616800      1.51597
     0.617700      1.51593
     0.618600      1.51590
     0.619500      1.51587
     0.620400      1.51584
     0.621300      1.51580
     0.622200      1.51577
     0.623100      1.51574
     0.624000      1.51571
     0.624900      1.51568
     0.625800      1.51564
     0.626700      1.51561
     0.627600      1.51558
     0.628500      1.51555
     0.629400      1.51552
     0.630300      1.51549
     0.631200      1.51546
     0.632100      1.51543
     0.633000      1.51539
     0.633900      1.51536
     0.634800      1.51533
     0.635700      1.51530
     0.636600      1.51527
     0.637500      1.51524
     0.638400      1.51521
     0.639300      1.51518
     0.640200      1.51515
     0.641100      1.51512
     0.642000      1.51509
     0.642900      1.51506
     0.643800      1.51503
     0.644700      1.51500
     0.645600      1.51497
     0.646500      1.51495
     0.647400      1.51492
     0.648300      1.51489
     0.649200      1.51486
     0.650100      1.51483
     0.651000      1.51480
     0.651900      1.51477
     0.652800      1.51474
     0.653700      1.51472
     0.654600      1.51469
     0.655500      1.51466
     0.656400      1.51463
     0.657300      1.51460
     0.658200      1.51458
     0.659100      1.51455
     0.660000      1.51452
     0.660900      1.51449
     0.661800      1.51446
     0.662700      1.51444
     0.663600      1.51441
     0.664500      1.51438
     0.665400      1.51436
     0.666300      1.51433
     0.667200      1.51430
     0.668100      1.51427
     0.669000      1.51425
     0.669900      1.51422
     0.670800      1.51419
     0.671700      1.51417
     0.672600      1.51414
     0.673500      1.51412
     0.674400      1.51409
     0.675300      1.51406
     0.676200      1.51404
     0.677100      1.51401
     0.678000      1.51399
     0.678900      1.51396
     0.679800      1.51393
     0.680700      1.51391
     0.681600      1.51388
     0.682500      1.51386
     0.683400      1.51383
     0.684300      1.51381
     0.685200      1.51378
     0.686100      1.51376
     0.687000      1.51373
     0.687900      1.51371
     0.688800      1.51368
     0.689700      1.51366
     0.690600      1.51363
     0.691500      1.51361
     0.692400      1.51358
     0.693300      1.51356
     0.694200      1.51353
     0.695100      1.51351
     0.696000      1.51348
     0.696900      1.51346
     0.697800      1.51344
     0.698700      1.51341
     0.699600      1.51339
     0.700500      1.51336
     0.701400      1.51334
     0.702300      1.51332
     0.703200      1.51329
     0.704100      1.51327
     0.705000      1.51324
     0.705900      1.51322
     0.706800      1.51320
     0.707700      1.51317
     0.708600      1.51315
     0.709500      1.51313
     0.710400      1.51310
     0.711300      1.51308
     0.712200      1.51306
     0.713100      1.51304
     0.714000      1.51301
     0.714900      1.51299
     0.715800      1.51297
     0.716700      1.51294
     0.717600      1.51292
     0.718500      1.51290
     0.719400      1.51288
     0.720300      1.51285
     0.721200      1.51283
     0.722100      1.51281
     0.723000      1.51279
     0.723900      1.51276
     0.724800      1.51274
     0.725700      1.51272
     0.726600      1.51270
     0.727500      1.51268
     0.728400      1.51265
     0.729300      1.51263
     0.730200      1.51261
     0.731100      1.51259
     0.732000      1.51257
     0.732900      1.51255
     0.733800      1.51252
     0.734700      1.51250
     0.735600      1.51248
     0.736500      1.51246
     0.737400      1.51244
     0.738300      1.51242
     0.739200      1.51240
     0.740100      1.51238
     0.741000      1.51235
     0.741900      1.51233
     0.742800      1.51231
     0.743700      1.51229
     0.744600      1.51227
     0.745500      1.51225
     0.746400      1.51223
     0.747300      1.51221
     0.748200      1.51219
     0.749100      1.51217
     0.750000      1.51215
     0.750900      1.51213
     0.751800      1.51211
     0.752700      1.51209
     0.753600      1.51207
     0.754500      1.51205
     0.755400      1.51203
     0.756300      1.51201
     0.757200      1.51199
     0.758100      1.51197
     0.759000      1.51195
     0.759900      1.51193
     0.760800      1.51191
     0.761700      1.51189
     0.762600      1.51187
     0.763500      1.51185
     0.764400      1.51183
     0.765300      1.51181
     0.766200      1.51179
     0.767100      1.51177
     0.768000      1.51175
     0.768900      1.51173
     0.769800      1.51171
     0.770700      1.51169
     0.771600      1.51167
     0.772500      1.51165
     0.773400      1.51163
     0.774300      1.51161
     0.775200      1.51159
     0.776100      1.51157
     0.777000      1.51156
     0.777900      1.51154
     0.778800      1.51152
     0.779700      1.51150
     0.780600      1.51148
     0.781500      1.51146
     0.782400      1.51144
     0.783300      1.51142
     0.784200      1.51140
     0.785100      1.51139
     0.786000      1.51137
     0.786900      1.51135
     0.787800      1.51133
     0.788700      1.51131
     0.789600      1.51129
     0.790500      1.51128
     0.791400      1.51126
     0.792300      1.51124
     0.793200      1.51122
     0.794100      1.51120
     0.795000      1.51118
     0.795900      1.51117
     0.796800      1.51115
     0.797700      1.51113
     0.798600      1.51111
     0.799500      1.51109
     0.800400      1.51108
     0.801300      1.51106
     0.802200      1.51104
     0.803100      1.51102
     0.804000      1.51100
     0.804900      1.51099
     0.805800      1.51097
     0.806700      1.51095
     0.807600      1.51093
     0.808500      1.51092
     0.809400      1.51090
     0.810300      1.51088
     0.811200      1.51086
     0.812100      1.51085
     0.813000      1.51083
     0.813900      1.51081
     0.814800      1.51079
     0.815700      1.51078
     0.816600      1.51076
     0.817500      1.51074
     0.818400      1.51073
     0.819300      1.51071
     0.820200      1.51069
     0.821100      1.51067
     0.822000      1.51066
     0.822900      1.51064
     0.823800      1.51062
     0.824700      1.51061
     0.825600      1.51059
     0.826500      1.51057
     0.827400      1.51056
     0.828300      1.51054
     0.829200      1.51052
     0.830100      1.51051
     0.831000      1.51049
     0.831900      1.51047
     0.832800      1.51046
     0.833700      1.51044
     0.834600      1.51042
     0.835500      1.51041
     0.836400      1.51039
     0.837300      1.51037
     0.838200      1.51036
     0.839100      1.51034
     0.840000      1.51032
     0.840900      1.51031
     0.841800      1.51029
     0.842700      1.51027
     0.843600      1.51026
     0.844500      1.51024
     0.845400      1.51023
     0.846300      1.51021
     0.847200      1.51019
     0.848100      1.51018
     0.849000      1.51016
     0.849900      1.51014
     0.850800      1.51013
     0.851700      1.51011
     0.852600      1.51010
     0.853500      1.51008
     0.854400      1.51007
     0.855300      1.51005
     0.856200      1.51003
     0.857100      1.51002
     0.858000      1.51000
     0.858900      1.50999
     0.859800      1.50997
     0.860700      1.50995
     0.861600      1.50994
     0.862500      1.50992
     0.863400      1.50991
     0.864300      1.50989
     0.865200      1.50988
     0.866100      1.50986
     0.867000      1.50985
     0.867900      1.50983
     0.868800      1.50981
     0.869700      1.50980
     0.870600      1.50978
     0.871500      1.50977
     0.872400      1.50975
     0.873300      1.50974
     0.874200      1.50972
     0.875100      1.50971
     0.876000      1.50969
     0.876900      1.50968
     0.877800      1.50966
     0.878700      1.50965
     0.879600      1.50963
     0.880500      1.50962
     0.881400      1.50960
     0.882300      1.50959
     0.883200      1.50957
     0.884100      1.50956
     0.885000      1.50954
     0.885900      1.50953
     0.886800      1.50951
     0.887700      1.50950
     0.888600      1.50948
     0.889500      1.50947
     0.890400      1.50945
     0.891300      1.50944
     0.892200      1.50942
     0.893100      1.50941
     0.894000      1.50939
     0.894900      1.50938
     0.895800      1.50936
     0.896700      1.50935
     0.897600      1.50933
     0.898500      1.50932
     0.899400      1.50930
     0.900300      1.50929
     0.901200      1.50928
     0.902100      1.50926
     0.903000      1.50925
     0.903900      1.50923
     0.904800      1.50922
     0.905700      1.50920
     0.906600      1.50919
     0.907500      1.50917
     0.908400      1.50916
     0.909300      1.50914
     0.910200      1.50913
     0.911100      1.50912
     0.912000      1.50910
     0.912900      1.50909
     0.913800      1.50907
     0.914700      1.50906
     0.915600      1.50904
     0.916500      1.50903
     0.917400      1.50902
     0.918300      1.50900
     0.919200      1.50899
     0.920100      1.50897
     0.921000      1.50896
     0.921900      1.50895
     0.922800      1.50893
     0.923700      1.50892
     0.924600      1.50890
     0.925500      1.50889
     0.926400      1.50888
     0.927300      1.50886
     0.928200      1.50885
     0.929100      1.50883
     0.930000      1.50882
     0.930900      1.50881
     0.931800      1.50879
     0.932700      1.50878
     0.933600      1.50876
     0.934500      1.50875
     0.935400      1.50874
     0.936300      1.50872
     0.937200      1.50871
     0.938100      1.50869
     0.939000      1.50868
     0.939900      1.50867
     0.940800      1.50865
     0.941700      1.50864
     0.942600      1.50863
     0.943500      1.50861
     0.944400      1.50860
     0.945300      1.50859
     0.946200      1.50857
     0.947100      1.50856
     0.948000      1.50854
     0.948900      1.50853
     0.949800      1.50852
     0.950700      1.50850
     0.951600      1.50849
     0.952500      1.50848
     0.953400      1.50846
     0.954300      1.50845
     0.955200      1.50844
     0.956100      1.50842
     0.957000      1.50841
     0.957900      1.50840
     0.958800      1.50838
     0.959700      1.50837
     0.960600      1.50836
     0.961500      1.50834
     0.962400      1.50833
     0.963300      1.50832
     0.964200      1.50830
     0.965100      1.50829
     0.966000      1.50828
     0.966900      1.50826
     0.967800      1.50825
     0.968700      1.50824
     0.969600      1.50822
     0.970500      1.50821
     0.971400      1.50820
     0.972300      1.50818
     0.973200      1.50817
     0.974100      1.50816
     0.975000      1.50814
     0.975900      1.50813
     0.976800      1.50812
     0.977700      1.50811
     0.978600      1.50809
     0.979500      1.50808
     0.980400      1.50807
     0.981300      1.50805
     0.982200      1.50804
     0.983100      1.50803
     0.984000      1.50801
     0.984900      1.50800
     0.985800      1.50799
     0.986700      1.50797
     0.987600      1.50796
     0.988500      1.50795
     0.989400      1.50794
     0.990300      1.50792
     0.991200      1.50791
     0.992100      1.50790
     0.993000      1.50788
     0.993900      1.50787
     0.994800      1.50786
     0.995700      1.50785
     0.996600      1.50783
     0.997500      1.50782
     0.998400      1.50781
     0.999300      1.50780
      1.00020      1.50778
      1.00110      1.50777
      1.00200      1.50776
      1.00290      1.50774
      1.00380      1.50773
      1.00470      1.50772
      1.00560      1.50771
      1.00650      1.50769
      1.00740      1.50768
      1.00830      1.50767
      1.00920      1.50766
      1.01010      1.50764
      1.01100      1.50763
      1.01190      1.50762
      1.01280      1.50761
      1.01370      1.50759
      1.01460      1.50758
      1.01550      1.50757
      1.01640      1.50756
      1.01730      1.50754
      1.01820      1.50753
      1.01910      1.50752
      1.02000      1.50751
      1.02090      1.50749
      1.02180      1.50748
      1.02270      1.50747
      1.02360      1.50746
      1.02450      1.50744
      1.02540      1.50743
      1.02630      1.50742
      1.02720      1.50741
      1.02810      1.50739
      1.02900      1.50738
      1.02990      1.50737
      1.03080      1.50736
      1.03170      1.50734
      1.03260      1.50733
      1.03350      1.50732
      1.03440      1.50731
      1.03530      1.50729
      1.03620      1.50728
      1.03710      1.50727
      1.03800      1.50726
      1.03890      1.50725
      1.03980      1.50723
      1.04070      1.50722
      1.04160      1.50721
      1.04250      1.50720
      1.04340      1.50718
      1.04430      1.50717
      1.04520      1.50716
      1.04610      1.50715
      1.04700      1.50714
      1.04790      1.50712
      1.04880      1.50711
      1.04970      1.50710
      1.05060      1.50709
      1.05150      1.50707
      1.05240      1.50706
      1.05330      1.50705
      1.05420      1.50704
      1.05510      1.50703
      1.05600      1.50701
      1.05690      1.50700
      1.05780      1.50699
      1.05870      1.50698
      1.05960      1.50697
      1.06050      1.50695
      1.06140      1.50694
      1.06230      1.50693
      1.06320      1.50692
      1.06410      1.50691
      1.06500      1.50689
      1.06590      1.50688
      1.06680      1.50687
      1.06770      1.50686
      1.06860      1.50685
      1.06950      1.50683
      1.07040      1.50682
      1.07130      1.50681
      1.07220      1.50680
      1.07310      1.50679
      1.07400      1.50677
      1.07490      1.50676
      1.07580      1.50675
      1.07670      1.50674
      1.07760      1.50673
      1.07850      1.50671
      1.07940      1.50670
      1.08030      1.50669
      1.08120      1.50668
      1.08210      1.50667
      1.08300      1.50665
      1.08390      1.50664
      1.08480      1.50663
      1.08570      1.50662
      1.08660      1.50661
      1.08750      1.50660
      1.08840      1.50658
      1.08930      1.50657
      1.09020      1.50656
      1.09110      1.50655
      1.09200      1.50654
      1.09290      1.50652
      1.09380      1.50651
      1.09470      1.50650
      1.09560      1.50649
      1.09650      1.50648
      1.09740      1.50647
      1.09830      1.50645
      1.09920      1.50644
      1.10010      1.50643
      1.10100      1.50642
      1.10190      1.50641
      1.10280      1.50640
      1.10370      1.50638
      1.10460      1.50637
      1.10550      1.50636
      1.10640      1.50635
      1.10730      1.50634
      1.10820      1.50632
      1.10910      1.50631
      1.11000      1.50630
      1.11090      1.50629
      1.11180      1.50628
      1.11270      1.50627
      1.11360      1.50626
      1.11450      1.50624
      1.11540      1.50623
      1.11630      1.50622
      1.11720      1.50621
      1.11810      1.50620
      1.11900      1.50619
      1.11990      1.50617
      1.12080      1.50616
      1.12170      1.50615
      1.12260      1.50614
      1.12350      1.50613
      1.12440      1.50612
      1.12530      1.50610
      1.12620      1.50609
      1.12710      1.50608
      1.12800      1.50607
      1.12890      1.50606
      1.12980      1.50605
      1.13070      1.50603
      1.13160      1.50602
      1.13250      1.50601
      1.13340      1.50600
      1.13430      1.50599
      1.13520      1.50598
      1.13610      1.50597
      1.13700      1.50595
      1.13790      1.50594
      1.13880      1.50593
      1.13970      1.50592
      1.14060      1.50591
      1.14150      1.50590
      1.14240      1.50589
      1.14330      1.50587
      1.14420      1.50586
      1.14510      1.50585
      1.14600      1.50584
      1.14690      1.50583
      1.14780      1.50582
      1.14870      1.50580
      1.14960      1.50579
      1.15050      1.50578
      1.15140      1.50577
      1.15230      1.50576
      1.15320      1.50575
      1.15410      1.50574
      1.15500      1.50572
      1.15590      1.50571
      1.15680      1.50570
      1.15770      1.50569
      1.15860      1.50568
      1.15950      1.50567
      1.16040      1.50566
      1.16130      1.50564
      1.16220      1.50563
      1.16310      1.50562
      1.16400      1.50561
      1.16490      1.50560
      1.16580      1.50559
      1.16670      1.50558
      1.16760      1.50557
      1.16850      1.50555
      1.16940      1.50554
      1.17030      1.50553
      1.17120      1.50552
      1.17210      1.50551
      1.17300      1.50550
      1.17390      1.50549
      1.17480      1.50547
      1.17570      1.50546
      1.17660      1.50545
      1.17750      1.50544
      1.17840      1.50543
      1.17930      1.50542
      1.18020      1.50541
      1.18110      1.50540
      1.18200      1.50538
      1.18290      1.50537
      1.18380      1.50536
      1.18470      1.50535
      1.18560      1.50534
      1.18650      1.50533
      1.18740      1.50532
      1.18830      1.50530
      1.18920      1.50529
      1.19010      1.50528
      1.19100      1.50527
      1.19190      1.50526
      1.19280      1.50525
      1.19370      1.50524
      1.19460      1.50523
      1.19550      1.50521
      1.19640      1.50520
      1.19730      1.50519
      1.19820      1.50518
      1.19910      1.50517
