1_53      99439.350    -222916.200 15.0  4176  2048   silicon       CCD     frame    20    100.00    Group0  0.0042795  0.0000000  0.0000000  0.0000000  0.0000000  0.0000000  sensor.txt 0.00
1_54      32260.650    -222918.750 15.0  4176  2048   silicon       CCD     frame    20    100.00    Group0 -0.0009544  0.0000000  0.0000000  0.0000000  0.0000000  0.0000000  sensor.txt 0.00
1_55     -34861.950    -222924.150 15.0  4176  2048   silicon       CCD     frame    20    100.00    Group0  0.0099409  0.0000000  0.0000000  0.0000000  0.0000000  0.0000000  sensor.txt 0.00
1_56    -102024.900    -222913.500 15.0  4176  2048   silicon       CCD     frame    20    100.00    Group0 -0.0065592  0.0000000  0.0000000  0.0000000  0.0000000  0.0000000  sensor.txt 0.00
1_42     166563.150    -191047.800 15.0  4176  2048   silicon       CCD     frame    20    100.00    Group0  0.0059564  0.0000000  0.0000000  0.0000000  0.0000000  0.0000000  sensor.txt 0.00
1_43      99418.500    -191056.500 15.0  4176  2048   silicon       CCD     frame    20    100.00    Group0 -0.0195999  0.0000000  0.0000000  0.0000000  0.0000000  0.0000000  sensor.txt 0.00
1_44      32273.850    -191064.000 15.0  4176  2048   silicon       CCD     frame    20    100.00    Group0 -0.0282071  0.0000000  0.0000000  0.0000000  0.0000000  0.0000000  sensor.txt 0.00
1_45     -34844.100    -191111.100 15.0  4176  2048   silicon       CCD     frame    20    100.00    Group0  0.0391671  0.0000000  0.0000000  0.0000000  0.0000000  0.0000000  sensor.txt 0.00
1_46    -102031.950    -191076.000 15.0  4176  2048   silicon       CCD     frame    20    100.00    Group0 -0.0248711  0.0000000  0.0000000  0.0000000  0.0000000  0.0000000  sensor.txt 0.00
1_47    -169165.200    -191070.000 15.0  4176  2048   silicon       CCD     frame    20    100.00    Group0 -0.0423397  0.0000000  0.0000000  0.0000000  0.0000000  0.0000000  sensor.txt 0.00
1_36     166551.900    -159214.050 15.0  4176  2048   silicon       CCD     frame    20    100.00    Group0 -0.0033008  0.0000000  0.0000000  0.0000000  0.0000000  0.0000000  sensor.txt 0.00
1_37      99437.250    -159240.900 15.0  4176  2048   silicon       CCD     frame    20    100.00    Group0  0.0405792  0.0000000  0.0000000  0.0000000  0.0000000  0.0000000  sensor.txt 0.00
1_38      32214.450    -159212.400 15.0  4176  2048   silicon       CCD     frame    20    100.00    Group0 -0.0336698  0.0000000  0.0000000  0.0000000  0.0000000  0.0000000  sensor.txt 0.00
1_39     -34871.700    -159203.250 15.0  4176  2048   silicon       CCD     frame    20    100.00    Group0 -0.0273391  0.0000000  0.0000000  0.0000000  0.0000000  0.0000000  sensor.txt 0.00
1_40    -102003.750    -159268.650 15.0  4176  2048   silicon       CCD     frame    20    100.00    Group0  0.0334285  0.0000000  0.0000000  0.0000000  0.0000000  0.0000000  sensor.txt 0.00
1_41    -169161.150    -159231.450 15.0  4176  2048   silicon       CCD     frame    20    100.00    Group0 -0.0159151  0.0000000  0.0000000  0.0000000  0.0000000  0.0000000  sensor.txt 0.00
0_30     163223.550    -127340.550 15.0  4176  2048   silicon       CCD     frame    20    100.00    Group0 -0.0178983  0.0000000  0.0000000  0.0000000  0.0000000  0.0000000  sensor.txt 0.00
0_29      96029.100    -127353.000 15.0  4176  2048   silicon       CCD     frame    20    100.00    Group0 -0.0210420  0.0000000  0.0000000  0.0000000  0.0000000  0.0000000  sensor.txt 0.00
0_28      28913.700    -127369.950 15.0  4176  2048   silicon       CCD     frame    20    100.00    Group0 -0.0113135  0.0000000  0.0000000  0.0000000  0.0000000  0.0000000  sensor.txt 0.00
1_32     -34856.850    -127389.600 15.0  4176  2048   silicon       CCD     frame    20    100.00    Group0  0.0135889  0.0000000  0.0000000  0.0000000  0.0000000  0.0000000  sensor.txt 0.00
1_33    -102023.700    -127362.900 15.0  4176  2048   silicon       CCD     frame    20    100.00    Group0 -0.0075758  0.0000000  0.0000000  0.0000000  0.0000000  0.0000000  sensor.txt 0.00
1_34    -169119.450    -127431.300 15.0  4176  2048   silicon       CCD     frame    20    100.00    Group0  0.0619751  0.0000000  0.0000000  0.0000000  0.0000000  0.0000000  sensor.txt 0.00
0_27     230301.750     -95486.100 15.0  4176  2048   silicon       CCD     frame    20    100.00    Group0 -0.0043208  0.0000000  0.0000000  0.0000000  0.0000000  0.0000000  sensor.txt 0.00
0_26     163180.800     -95545.950 15.0  4176  2048   silicon       CCD     frame    20    100.00    Group0  0.0219764  0.0000000  0.0000000  0.0000000  0.0000000  0.0000000  sensor.txt 0.00
0_25      96033.000     -95550.750 15.0  4176  2048   silicon       CCD     frame    20    100.00    Group0  0.0304970  0.0000000  0.0000000  0.0000000  0.0000000  0.0000000  sensor.txt 0.00
0_24      28868.550     -95535.450 15.0  4176  2048   silicon       CCD     frame    20    100.00    Group0  0.0186323  0.0000000  0.0000000  0.0000000  0.0000000  0.0000000  sensor.txt 0.00
1_00     -34854.000     -95543.100 15.0  4176  2048   silicon       CCD     frame    20    100.00    Group0 -0.0107046  0.0000000  0.0000000  0.0000000  0.0000000  0.0000000  sensor.txt 0.00
1_01    -102018.150     -95558.100 15.0  4176  2048   silicon       CCD     frame    20    100.00    Group0  0.0168835  0.0000000  0.0000000  0.0000000  0.0000000  0.0000000  sensor.txt 0.00
1_02    -169139.250     -95598.300 15.0  4176  2048   silicon       CCD     frame    20    100.00    Group0  0.0483200  0.0000000  0.0000000  0.0000000  0.0000000  0.0000000  sensor.txt 0.00
1_03    -236307.450     -95528.700 15.0  4176  2048   silicon       CCD     frame    20    100.00    Group0 -0.0075553  0.0000000  0.0000000  0.0000000  0.0000000  0.0000000  sensor.txt 0.00
0_23     230307.150     -63688.650 15.0  4176  2048   silicon       CCD     frame    20    100.00    Group0  0.0201211  0.0000000  0.0000000  0.0000000  0.0000000  0.0000000  sensor.txt 0.00
0_22     163197.300     -63655.800 15.0  4176  2048   silicon       CCD     frame    20    100.00    Group0 -0.0252791  0.0000000  0.0000000  0.0000000  0.0000000  0.0000000  sensor.txt 0.00
0_21      96046.500     -63649.350 15.0  4176  2048   silicon       CCD     frame    20    100.00    Group0  0.0079653  0.0000000  0.0000000  0.0000000  0.0000000  0.0000000  sensor.txt 0.00
0_20      28891.500     -63713.850 15.0  4176  2048   silicon       CCD     frame    20    100.00    Group0  0.0295685  0.0000000  0.0000000  0.0000000  0.0000000  0.0000000  sensor.txt 0.00
1_04     -34854.750     -63690.600 15.0  4176  2048   silicon       CCD     frame    20    100.00    Group0 -0.0085848  0.0000000  0.0000000  0.0000000  0.0000000  0.0000000  sensor.txt 0.00
1_05    -102016.500     -63674.550 15.0  4176  2048   silicon       CCD     frame    20    100.00    Group0 -0.0178263  0.0000000  0.0000000  0.0000000  0.0000000  0.0000000  sensor.txt 0.00
1_06    -169138.950     -63707.550 15.0  4176  2048   silicon       CCD     frame    20    100.00    Group0  0.0002939  0.0000000  0.0000000  0.0000000  0.0000000  0.0000000  sensor.txt 0.00
1_07    -236311.650     -63687.600 15.0  4176  2048   silicon       CCD     frame    20    100.00    Group0 -0.0106645  0.0000000  0.0000000  0.0000000  0.0000000  0.0000000  sensor.txt 0.00
0_19     230308.200     -31830.450 15.0  4176  2048   silicon       CCD     frame    20    100.00    Group0 -0.0002905  0.0000000  0.0000000  0.0000000  0.0000000  0.0000000  sensor.txt 0.00
0_18     163160.850     -31794.600 15.0  4176  2048   silicon       CCD     frame    20    100.00    Group0 -0.0269482  0.0000000  0.0000000  0.0000000  0.0000000  0.0000000  sensor.txt 0.00
0_17      96029.550     -31826.700 15.0  4176  2048   silicon       CCD     frame    20    100.00    Group0 -0.0090759  0.0000000  0.0000000  0.0000000  0.0000000  0.0000000  sensor.txt 0.00
0_16      28859.100     -31845.300 15.0  4176  2048   silicon       CCD     frame    20    100.00    Group0  0.0079447  0.0000000  0.0000000  0.0000000  0.0000000  0.0000000  sensor.txt 0.00
1_08     -34861.350     -31880.250 15.0  4176  2048   silicon       CCD     frame    20    100.00    Group0  0.0157999  0.0000000  0.0000000  0.0000000  0.0000000  0.0000000  sensor.txt 0.00
1_09    -102022.650     -31855.200 15.0  4176  2048   silicon       CCD     frame    20    100.00    Group0  0.0264757  0.0000000  0.0000000  0.0000000  0.0000000  0.0000000  sensor.txt 0.00
1_10    -169176.000     -31864.800 15.0  4176  2048   silicon       CCD     frame    20    100.00    Group0  0.0122845  0.0000000  0.0000000  0.0000000  0.0000000  0.0000000  sensor.txt 0.00
1_11    -236304.300     -31853.850 15.0  4176  2048   silicon       CCD     frame    20    100.00    Group0  0.0071262  0.0000000  0.0000000  0.0000000  0.0000000  0.0000000  sensor.txt 0.00
0_15     230316.000         24.300 15.0  4176  2048   silicon       CCD     frame    20    100.00    Group0 -0.0070215  0.0000000  0.0000000  0.0000000  0.0000000  0.0000000  sensor.txt 0.00
0_14     163171.800         44.700 15.0  4176  2048   silicon       CCD     frame    20    100.00    Group0  0.0071423  0.0000000  0.0000000  0.0000000  0.0000000  0.0000000  sensor.txt 0.00
0_13      96039.750          9.900 15.0  4176  2048   silicon       CCD     frame    20    100.00    Group0 -0.0035169  0.0000000  0.0000000  0.0000000  0.0000000  0.0000000  sensor.txt 0.00
0_12      28886.400         -4.200 15.0  4176  2048   silicon       CCD     frame    20    100.00    Group0  0.0073295  0.0000000  0.0000000  0.0000000  0.0000000  0.0000000  sensor.txt 0.00
1_12     -34882.200        -10.500 15.0  4176  2048   silicon       CCD     frame    20    100.00    Group0  0.0515083  0.0000000  0.0000000  0.0000000  0.0000000  0.0000000  sensor.txt 0.00
1_13    -102010.200        -34.500 15.0  4176  2048   silicon       CCD     frame    20    100.00    Group0  0.0535273  0.0000000  0.0000000  0.0000000  0.0000000  0.0000000  sensor.txt 0.00
1_14    -169195.950          2.250 15.0  4176  2048   silicon       CCD     frame    20    100.00    Group0 -0.0174426  0.0000000  0.0000000  0.0000000  0.0000000  0.0000000  sensor.txt 0.00
1_15    -236295.300        -18.450 15.0  4176  2048   silicon       CCD     frame    20    100.00    Group0  0.0098542  0.0000000  0.0000000  0.0000000  0.0000000  0.0000000  sensor.txt 0.00
0_11     230325.300      31860.900 15.0  4176  2048   silicon       CCD     frame    20    100.00    Group0 -0.0202233  0.0000000  0.0000000  0.0000000  0.0000000  0.0000000  sensor.txt 0.00
0_10     163163.850      31875.300 15.0  4176  2048   silicon       CCD     frame    20    100.00    Group0 -0.0314783  0.0000000  0.0000000  0.0000000  0.0000000  0.0000000  sensor.txt 0.00
0_09      96014.700      31840.050 15.0  4176  2048   silicon       CCD     frame    20    100.00    Group0  0.0011322  0.0000000  0.0000000  0.0000000  0.0000000  0.0000000  sensor.txt 0.00
0_08      28901.850      31857.450 15.0  4176  2048   silicon       CCD     frame    20    100.00    Group0 -0.0346153  0.0000000  0.0000000  0.0000000  0.0000000  0.0000000  sensor.txt 0.00
1_16     -34869.600      31828.050 15.0  4176  2048   silicon       CCD     frame    20    100.00    Group0  0.0055530  0.0000000  0.0000000  0.0000000  0.0000000  0.0000000  sensor.txt 0.00
1_17    -102038.550      31823.550 15.0  4176  2048   silicon       CCD     frame    20    100.00    Group0 -0.0016467  0.0000000  0.0000000  0.0000000  0.0000000  0.0000000  sensor.txt 0.00
1_18    -169179.750      31797.300 15.0  4176  2048   silicon       CCD     frame    20    100.00    Group0  0.0025056  0.0000000  0.0000000  0.0000000  0.0000000  0.0000000  sensor.txt 0.00
1_19    -236313.450      31826.550 15.0  4176  2048   silicon       CCD     frame    20    100.00    Group0  0.0088666  0.0000000  0.0000000  0.0000000  0.0000000  0.0000000  sensor.txt 0.00
0_07     230317.050      63677.100 15.0  4176  2048   silicon       CCD     frame    20    100.00    Group0  0.0153155  0.0000000  0.0000000  0.0000000  0.0000000  0.0000000  sensor.txt 0.00
0_06     163173.450      63715.200 15.0  4176  2048   silicon       CCD     frame    20    100.00    Group0 -0.0008302  0.0000000  0.0000000  0.0000000  0.0000000  0.0000000  sensor.txt 0.00
0_05      96005.400      63706.650 15.0  4176  2048   silicon       CCD     frame    20    100.00    Group0 -0.0148248  0.0000000  0.0000000  0.0000000  0.0000000  0.0000000  sensor.txt 0.00
0_04      28871.550      63688.950 15.0  4176  2048   silicon       CCD     frame    20    100.00    Group0 -0.0100663  0.0000000  0.0000000  0.0000000  0.0000000  0.0000000  sensor.txt 0.00
1_20     -34879.500      63672.300 15.0  4176  2048   silicon       CCD     frame    20    100.00    Group0  0.0012338  0.0000000  0.0000000  0.0000000  0.0000000  0.0000000  sensor.txt 0.00
1_21    -102055.500      63668.250 15.0  4176  2048   silicon       CCD     frame    20    100.00    Group0 -0.0083052  0.0000000  0.0000000  0.0000000  0.0000000  0.0000000  sensor.txt 0.00
1_22    -169158.900      63667.200 15.0  4176  2048   silicon       CCD     frame    20    100.00    Group0  0.0090084  0.0000000  0.0000000  0.0000000  0.0000000  0.0000000  sensor.txt 0.00
1_23    -236316.000      63659.700 15.0  4176  2048   silicon       CCD     frame    20    100.00    Group0 -0.0224195  0.0000000  0.0000000  0.0000000  0.0000000  0.0000000  sensor.txt 0.00
0_03     230294.550      95598.300 15.0  4176  2048   silicon       CCD     frame    20    100.00    Group0 -0.0620490  0.0000000  0.0000000  0.0000000  0.0000000  0.0000000  sensor.txt 0.00
0_02     163168.500      95549.550 15.0  4176  2048   silicon       CCD     frame    20    100.00    Group0  0.0003689  0.0000000  0.0000000  0.0000000  0.0000000  0.0000000  sensor.txt 0.00
0_01      96014.850      95522.400 15.0  4176  2048   silicon       CCD     frame    20    100.00    Group0  0.0023180  0.0000000  0.0000000  0.0000000  0.0000000  0.0000000  sensor.txt 0.00
0_00      28897.800      95566.200 15.0  4176  2048   silicon       CCD     frame    20    100.00    Group0  0.0099480  0.0000000  0.0000000  0.0000000  0.0000000  0.0000000  sensor.txt 0.00
1_24     -34891.800      95513.100 15.0  4176  2048   silicon       CCD     frame    20    100.00    Group0  0.0085427  0.0000000  0.0000000  0.0000000  0.0000000  0.0000000  sensor.txt 0.00
1_25    -102053.400      95520.150 15.0  4176  2048   silicon       CCD     frame    20    100.00    Group0  0.0022241  0.0000000  0.0000000  0.0000000  0.0000000  0.0000000  sensor.txt 0.00
1_26    -169199.850      95533.200 15.0  4176  2048   silicon       CCD     frame    20    100.00    Group0 -0.0248477  0.0000000  0.0000000  0.0000000  0.0000000  0.0000000  sensor.txt 0.00
1_27    -236320.800      95510.400 15.0  4176  2048   silicon       CCD     frame    20    100.00    Group0  0.0023689  0.0000000  0.0000000  0.0000000  0.0000000  0.0000000  sensor.txt 0.00
0_34     163201.800     127360.350 15.0  4176  2048   silicon       CCD     frame    20    100.00    Group0  0.0400992  0.0000000  0.0000000  0.0000000  0.0000000  0.0000000  sensor.txt 0.00
0_33      95999.100     127370.850 15.0  4176  2048   silicon       CCD     frame    20    100.00    Group0  0.0195534  0.0000000  0.0000000  0.0000000  0.0000000  0.0000000  sensor.txt 0.00
0_32      28861.200     127374.150 15.0  4176  2048   silicon       CCD     frame    20    100.00    Group0 -0.0062940  0.0000000  0.0000000  0.0000000  0.0000000  0.0000000  sensor.txt 0.00
1_28     -34925.400     127388.850 15.0  4176  2048   silicon       CCD     frame    20    100.00    Group0 -0.0002492  0.0000000  0.0000000  0.0000000  0.0000000  0.0000000  sensor.txt 0.00
1_29    -102029.250     127378.500 15.0  4176  2048   silicon       CCD     frame    20    100.00    Group0  0.0186303  0.0000000  0.0000000  0.0000000  0.0000000  0.0000000  sensor.txt 0.00
1_30    -169172.250     127363.650 15.0  4176  2048   silicon       CCD     frame    20    100.00    Group0  0.0077724  0.0000000  0.0000000  0.0000000  0.0000000  0.0000000  sensor.txt 0.00
0_41     163163.700     159216.150 15.0  4176  2048   silicon       CCD     frame    20    100.00    Group0  0.0384124  0.0000000  0.0000000  0.0000000  0.0000000  0.0000000  sensor.txt 0.00
0_40      96015.150     159219.750 15.0  4176  2048   silicon       CCD     frame    20    100.00    Group0  0.0116824  0.0000000  0.0000000  0.0000000  0.0000000  0.0000000  sensor.txt 0.00
0_39      28837.500     159235.050 15.0  4176  2048   silicon       CCD     frame    20    100.00    Group0 -0.0016385  0.0000000  0.0000000  0.0000000  0.0000000  0.0000000  sensor.txt 0.00
0_38     -38245.950     159269.850 15.0  4176  2048   silicon       CCD     frame    20    100.00    Group0 -0.0365359  0.0000000  0.0000000  0.0000000  0.0000000  0.0000000  sensor.txt 0.00
0_37    -105421.950     159241.500 15.0  4176  2048   silicon       CCD     frame    20    100.00    Group0 -0.0260835  0.0000000  0.0000000  0.0000000  0.0000000  0.0000000  sensor.txt 0.00
0_36    -172556.400     159217.500 15.0  4176  2048   silicon       CCD     frame    20    100.00    Group0 -0.0136941  0.0000000  0.0000000  0.0000000  0.0000000  0.0000000  sensor.txt 0.00
0_47     163132.500     191068.350 15.0  4176  2048   silicon       CCD     frame    20    100.00    Group0  0.0045054  0.0000000  0.0000000  0.0000000  0.0000000  0.0000000  sensor.txt 0.00
0_46      96014.700     191077.650 15.0  4176  2048   silicon       CCD     frame    20    100.00    Group0  0.0333861  0.0000000  0.0000000  0.0000000  0.0000000  0.0000000  sensor.txt 0.00
0_45      28849.950     191066.250 15.0  4176  2048   silicon       CCD     frame    20    100.00    Group0  0.0009777  0.0000000  0.0000000  0.0000000  0.0000000  0.0000000  sensor.txt 0.00
0_44     -38274.000     191097.300 15.0  4176  2048   silicon       CCD     frame    20    100.00    Group0 -0.0256466  0.0000000  0.0000000  0.0000000  0.0000000  0.0000000  sensor.txt 0.00
0_43    -105445.500     191057.100 15.0  4176  2048   silicon       CCD     frame    20    100.00    Group0 -0.0057758  0.0000000  0.0000000  0.0000000  0.0000000  0.0000000  sensor.txt 0.00
0_42    -172563.900     191050.800 15.0  4176  2048   silicon       CCD     frame    20    100.00    Group0 -0.0060941  0.0000000  0.0000000  0.0000000  0.0000000  0.0000000  sensor.txt 0.00
0_56      96020.400     222924.000 15.0  4176  2048   silicon       CCD     frame    20    100.00    Group0  0.0015567  0.0000000  0.0000000  0.0000000  0.0000000  0.0000000  sensor.txt 0.00
0_55      28849.500     222925.950 15.0  4176  2048   silicon       CCD     frame    20    100.00    Group0  0.0012757  0.0000000  0.0000000  0.0000000  0.0000000  0.0000000  sensor.txt 0.00
0_54     -38294.550     222944.850 15.0  4176  2048   silicon       CCD     frame    20    100.00    Group0 -0.0422711  0.0000000  0.0000000  0.0000000  0.0000000  0.0000000  sensor.txt 0.00
0_53    -105459.150     222941.100 15.0  4176  2048   silicon       CCD     frame    20    100.00    Group0 -0.0439981  0.0000000  0.0000000  0.0000000  0.0000000  0.0000000  sensor.txt 0.00
0_31     214337.400    -143823.900 15.0  4176  2048   silicon       CCD     frame    20    100.00    Group0 89.9887411  0.0000000  0.0000000  0.0000000  0.0000000  0.0000000  sensor.txt 0.00
1_35    -220354.050    -143875.950 15.0  4176  2048   silicon       CCD     frame    20    100.00    Group0 89.9993385  0.0000000  0.0000000  0.0000000  0.0000000  0.0000000  sensor.txt 0.00
0_35     214353.150     143877.600 15.0  4176  2048   silicon       CCD     frame    20    100.00    Group0 90.0296679  0.0000000  0.0000000  0.0000000  0.0000000  0.0000000  sensor.txt 0.00
1_31    -220339.350     143822.700 15.0  4176  2048   silicon       CCD     frame    20    100.00    Group0 90.0182958  0.0000000  0.0000000  0.0000000  0.0000000  0.0000000  sensor.txt 0.00
1_48      97303.800    -254765.400 15.0  4176  2048   silicon       CCD     frame    20    100.00    Group0  0.0000000  0.0000000  0.0000000  0.0000000  0.0000000  0.0000000  sensor.txt 0.00
1_51    -102110.400    -254765.400 15.0  4176  2048   silicon       CCD     frame    20    100.00    Group0  0.0000000  0.0000000  0.0000000  0.0000000  0.0000000  0.0000000  sensor.txt 0.00
1_52     164296.350    -222918.150 15.0  4176  2048   silicon       CCD     frame    20    100.00    Group0  0.0000000  0.0000000  0.0000000  0.0000000  0.0000000  0.0000000  sensor.txt 0.00
1_57    -169086.750    -222918.150 15.0  4176  2048   silicon       CCD     frame    20    100.00    Group0  0.0000000  0.0000000  0.0000000  0.0000000  0.0000000  0.0000000  sensor.txt 0.00
0_57     164296.350     222933.900 15.0  4176  2048   silicon       CCD     frame    20    100.00    Group0  0.0000000  0.0000000  0.0000000  0.0000000  0.0000000  0.0000000  sensor.txt 0.00
0_52    -169086.750     222933.900 15.0  4176  2048   silicon       CCD     frame    20    100.00    Group0  0.0000000  0.0000000  0.0000000  0.0000000  0.0000000  0.0000000  sensor.txt 0.00
0_51      97303.800     254798.250 15.0  4176  2048   silicon       CCD     frame    20    100.00    Group0  0.0000000  0.0000000  0.0000000  0.0000000  0.0000000  0.0000000  sensor.txt 0.00
0_48    -102110.400     254798.250 15.0  4176  2048   silicon       CCD     frame    20    100.00    Group0  0.0000000  0.0000000  0.0000000  0.0000000  0.0000000  0.0000000  sensor.txt 0.00
