optics Y	0.30  1.20  0.97  323850.0  1 1 0
PM       mirror  30000.0    -0.0000  4100.0000    0.0 -1.008350 -0.000000e+00 -0.000000e+00 -0.000000e+00 -0.000000e+00 -0.000000e+00 -0.000000e+00 -0.000000e+00 -0.000000e+00 -0.000000e+00 -0.000000e+00 -0.000000e+00 -0.000000e+00 -0.000000e+00 -0.000000e+00 -0.000000e+00 mirrorsub2.txt air none
G1         lens    760.0 13456.4000   410.0000    0.0  0.000000 -0.000000e+00 -0.000000e+00 -0.000000e+00 -0.000000e+00 -0.000000e+00 -0.000000e+00 -0.000000e+00 -0.000000e+00 -0.000000e+00 -0.000000e+00 -0.000000e+00 -0.000000e+00 -0.000000e+00 -0.000000e+00 -0.000000e+00 none silica.txt none
G1E        lens   1375.5    97.1800   402.2014    0.0  0.000000 -0.000000e+00 -0.000000e+00  1.497489e-13 -0.000000e+00  7.579068e-20 -0.000000e+00  7.705294e-25 -0.000000e+00 -1.026626e-29 -0.000000e+00  7.078826e-35 -0.000000e+00 -2.559601e-40 -0.000000e+00  3.761551e-46 none air none
G2         lens  -3530.0   372.8500   307.5181    0.0  0.000000 -0.000000e+00 -0.000000e+00 -6.914718e-14 -0.000000e+00 -6.037281e-19 -0.000000e+00  1.532623e-23 -0.000000e+00 -3.618111e-28 -0.000000e+00  4.741678e-33 -0.000000e+00 -3.217309e-38 -0.000000e+00  8.859878e-44 none BSL7Y.txt none
G2E        lens    656.2    46.0000   286.5165    0.0  0.000000 -0.000000e+00 -0.000000e+00 -0.000000e+00 -0.000000e+00 -0.000000e+00 -0.000000e+00 -0.000000e+00 -0.000000e+00 -0.000000e+00 -0.000000e+00 -0.000000e+00 -0.000000e+00 -0.000000e+00 -0.000000e+00 -0.000000e+00 none air none
AD1        lens     -0.0   318.0000   282.7947    0.0  0.000000 -0.000000e+00 -0.000000e+00 -0.000000e+00 -0.000000e+00 -0.000000e+00 -0.000000e+00 -0.000000e+00 -0.000000e+00 -0.000000e+00 -0.000000e+00 -0.000000e+00 -0.000000e+00 -0.000000e+00 -0.000000e+00 -0.000000e+00 none BSL7Y.txt none
AD1E       lens   1058.0    40.0000   282.0283    0.0  0.000000 -0.000000e+00 -0.000000e+00 -0.000000e+00 -0.000000e+00 -0.000000e+00 -0.000000e+00 -0.000000e+00 -0.000000e+00 -0.000000e+00 -0.000000e+00 -0.000000e+00 -0.000000e+00 -0.000000e+00 -0.000000e+00 -0.000000e+00 none air none
AD2        lens   1040.0     3.0000   282.5218    0.0  0.000000 -0.000000e+00 -0.000000e+00 -0.000000e+00 -0.000000e+00 -0.000000e+00 -0.000000e+00 -0.000000e+00 -0.000000e+00 -0.000000e+00 -0.000000e+00 -0.000000e+00 -0.000000e+00 -0.000000e+00 -0.000000e+00 -0.000000e+00 none PBL1Y_OLD.txt none
AD2E       lens     -0.0    82.0000   281.8066    0.0  0.000000 -0.000000e+00 -0.000000e+00 -0.000000e+00 -0.000000e+00 -0.000000e+00 -0.000000e+00 -0.000000e+00 -0.000000e+00 -0.000000e+00 -0.000000e+00 -0.000000e+00 -0.000000e+00 -0.000000e+00 -0.000000e+00 -0.000000e+00 none air none
G3         lens   -840.0   274.3000   275.8410    0.0  0.000000 -0.000000e+00 -0.000000e+00 -2.768476e-12 -0.000000e+00  4.855642e-17 -0.000000e+00 -7.176113e-22 -0.000000e+00  1.076370e-26 -0.000000e+00 -1.187443e-31 -0.000000e+00  7.983821e-37 -0.000000e+00 -2.393557e-42 none PBL1Y_OLD.txt none
G3E        lens   9800.0    40.0000   283.8358    0.0  0.000000 -0.000000e+00 -0.000000e+00 -0.000000e+00 -0.000000e+00 -0.000000e+00 -0.000000e+00 -0.000000e+00 -0.000000e+00 -0.000000e+00 -0.000000e+00 -0.000000e+00 -0.000000e+00 -0.000000e+00 -0.000000e+00 -0.000000e+00 none air none
G4         lens    480.0    90.0000   314.0000    0.0  0.000000 -0.000000e+00 -0.000000e+00  4.355534e-12 -0.000000e+00 -3.635868e-17 -0.000000e+00  5.951267e-22 -0.000000e+00 -7.658840e-27 -0.000000e+00  7.194120e-32 -0.000000e+00 -3.942821e-37 -0.000000e+00  9.543428e-43 none BSL7Y.txt none
G4E        lens   4021.8   102.0000   314.0000    0.0  0.000000 -0.000000e+00 -0.000000e+00 -0.000000e+00 -0.000000e+00 -0.000000e+00 -0.000000e+00 -0.000000e+00 -0.000000e+00 -0.000000e+00 -0.000000e+00 -0.000000e+00 -0.000000e+00 -0.000000e+00 -0.000000e+00 -0.000000e+00 none air none
G5         lens   4176.7   100.2000   308.0000    0.0  0.000000 -0.000000e+00 -0.000000e+00 -0.000000e+00 -0.000000e+00 -0.000000e+00 -0.000000e+00 -0.000000e+00 -0.000000e+00 -0.000000e+00 -0.000000e+00 -0.000000e+00 -0.000000e+00 -0.000000e+00 -0.000000e+00 -0.000000e+00 none silica.txt none
G5E        lens  -1272.8    88.0000   308.0000    0.0  0.000000 -0.000000e+00 -0.000000e+00  1.064688e-12 -0.000000e+00 -3.377750e-18 -0.000000e+00  1.102647e-22 -0.000000e+00 -2.282369e-27 -0.000000e+00  2.743040e-32 -0.000000e+00 -1.755771e-37 -0.000000e+00  4.821950e-43 none air none
F        filter     -0.0   112.541   269.5069    0.0  0.000000 -0.000000e+00 -0.000000e+00 -0.000000e+00 -0.000000e+00 -0.000000e+00 -0.000000e+00 -0.000000e+00 -0.000000e+00 -0.000000e+00 -0.000000e+00 -0.000000e+00 -0.000000e+00 -0.000000e+00 -0.000000e+00 -0.000000e+00 filter_4.txt silica.txt none
FE       filter     -0.0    15.0000   266.8395    0.0  0.000000 -0.000000e+00 -0.000000e+00 -0.000000e+00 -0.000000e+00 -0.000000e+00 -0.000000e+00 -0.000000e+00 -0.000000e+00 -0.000000e+00 -0.000000e+00 -0.000000e+00 -0.000000e+00 -0.000000e+00 -0.000000e+00 -0.000000e+00 none air none
W          lens     -0.0    20.0000   258.2205    0.0  0.000000 -0.000000e+00 -0.000000e+00 -0.000000e+00 -0.000000e+00 -0.000000e+00 -0.000000e+00 -0.000000e+00 -0.000000e+00 -0.000000e+00 -0.000000e+00 -0.000000e+00 -0.000000e+00 -0.000000e+00 -0.000000e+00 -0.000000e+00 none silica.txt none
WE         lens     -0.0    37.0000   251.6410    0.0  0.000000 -0.000000e+00 -0.000000e+00 -0.000000e+00 -0.000000e+00 -0.000000e+00 -0.000000e+00 -0.000000e+00 -0.000000e+00 -0.000000e+00 -0.000000e+00 -0.000000e+00 -0.000000e+00 -0.000000e+00 -0.000000e+00 -0.000000e+00 none vacuum none
FP          det     -0.0    5.0000   247.6837    0.0  0.000000 -0.000000e+00 -0.000000e+00 -0.000000e+00 -0.000000e+00 -0.000000e+00 -0.000000e+00 -0.000000e+00 -0.000000e+00 -0.000000e+00 -0.000000e+00 -0.000000e+00 -0.000000e+00 -0.000000e+00 -0.000000e+00 -0.000000e+00 none vacuum none
