     0.300000      1.61096
     0.300900      1.61028
     0.301800      1.60962
     0.302700      1.60897
     0.303600      1.60832
     0.304500      1.60769
     0.305400      1.60707
     0.306300      1.60645
     0.307200      1.60585
     0.308100      1.60525
     0.309000      1.60466
     0.309900      1.60408
     0.310800      1.60351
     0.311700      1.60295
     0.312600      1.60240
     0.313500      1.60185
     0.314400      1.60131
     0.315300      1.60078
     0.316200      1.60025
     0.317100      1.59974
     0.318000      1.59923
     0.318900      1.59872
     0.319800      1.59823
     0.320700      1.59773
     0.321600      1.59725
     0.322500      1.59677
     0.323400      1.59630
     0.324300      1.59583
     0.325200      1.59538
     0.326100      1.59492
     0.327000      1.59447
     0.327900      1.59403
     0.328800      1.59359
     0.329700      1.59316
     0.330600      1.59273
     0.331500      1.59231
     0.332400      1.59189
     0.333300      1.59148
     0.334200      1.59108
     0.335100      1.59067
     0.336000      1.59028
     0.336900      1.58988
     0.337800      1.58950
     0.338700      1.58911
     0.339600      1.58873
     0.340500      1.58836
     0.341400      1.58799
     0.342300      1.58762
     0.343200      1.58726
     0.344100      1.58690
     0.345000      1.58654
     0.345900      1.58619
     0.346800      1.58585
     0.347700      1.58550
     0.348600      1.58516
     0.349500      1.58483
     0.350400      1.58449
     0.351300      1.58417
     0.352200      1.58384
     0.353100      1.58352
     0.354000      1.58320
     0.354900      1.58288
     0.355800      1.58257
     0.356700      1.58226
     0.357600      1.58196
     0.358500      1.58165
     0.359400      1.58135
     0.360300      1.58106
     0.361200      1.58076
     0.362100      1.58047
     0.363000      1.58019
     0.363900      1.57990
     0.364800      1.57962
     0.365700      1.57934
     0.366600      1.57906
     0.367500      1.57879
     0.368400      1.57852
     0.369300      1.57825
     0.370200      1.57798
     0.371100      1.57772
     0.372000      1.57746
     0.372900      1.57720
     0.373800      1.57694
     0.374700      1.57669
     0.375600      1.57643
     0.376500      1.57619
     0.377400      1.57594
     0.378300      1.57569
     0.379200      1.57545
     0.380100      1.57521
     0.381000      1.57497
     0.381900      1.57474
     0.382800      1.57450
     0.383700      1.57427
     0.384600      1.57404
     0.385500      1.57381
     0.386400      1.57359
     0.387300      1.57336
     0.388200      1.57314
     0.389100      1.57292
     0.390000      1.57270
     0.390900      1.57249
     0.391800      1.57227
     0.392700      1.57206
     0.393600      1.57185
     0.394500      1.57164
     0.395400      1.57143
     0.396300      1.57123
     0.397200      1.57102
     0.398100      1.57082
     0.399000      1.57062
     0.399900      1.57042
     0.400800      1.57022
     0.401700      1.57003
     0.402600      1.56983
     0.403500      1.56964
     0.404400      1.56945
     0.405300      1.56926
     0.406200      1.56907
     0.407100      1.56889
     0.408000      1.56870
     0.408900      1.56852
     0.409800      1.56834
     0.410700      1.56816
     0.411600      1.56798
     0.412500      1.56780
     0.413400      1.56763
     0.414300      1.56745
     0.415200      1.56728
     0.416100      1.56711
     0.417000      1.56694
     0.417900      1.56677
     0.418800      1.56660
     0.419700      1.56643
     0.420600      1.56627
     0.421500      1.56610
     0.422400      1.56594
     0.423300      1.56578
     0.424200      1.56562
     0.425100      1.56546
     0.426000      1.56530
     0.426900      1.56514
     0.427800      1.56499
     0.428700      1.56483
     0.429600      1.56468
     0.430500      1.56453
     0.431400      1.56437
     0.432300      1.56422
     0.433200      1.56408
     0.434100      1.56393
     0.435000      1.56378
     0.435900      1.56363
     0.436800      1.56349
     0.437700      1.56335
     0.438600      1.56320
     0.439500      1.56306
     0.440400      1.56292
     0.441300      1.56278
     0.442200      1.56264
     0.443100      1.56250
     0.444000      1.56237
     0.444900      1.56223
     0.445800      1.56210
     0.446700      1.56196
     0.447600      1.56183
     0.448500      1.56170
     0.449400      1.56157
     0.450300      1.56144
     0.451200      1.56131
     0.452100      1.56118
     0.453000      1.56105
     0.453900      1.56092
     0.454800      1.56080
     0.455700      1.56067
     0.456600      1.56055
     0.457500      1.56043
     0.458400      1.56030
     0.459300      1.56018
     0.460200      1.56006
     0.461100      1.55994
     0.462000      1.55982
     0.462900      1.55970
     0.463800      1.55958
     0.464700      1.55947
     0.465600      1.55935
     0.466500      1.55923
     0.467400      1.55912
     0.468300      1.55901
     0.469200      1.55889
     0.470100      1.55878
     0.471000      1.55867
     0.471900      1.55856
     0.472800      1.55845
     0.473700      1.55834
     0.474600      1.55823
     0.475500      1.55812
     0.476400      1.55801
     0.477300      1.55790
     0.478200      1.55780
     0.479100      1.55769
     0.480000      1.55759
     0.480900      1.55748
     0.481800      1.55738
     0.482700      1.55728
     0.483600      1.55717
     0.484500      1.55707
     0.485400      1.55697
     0.486300      1.55687
     0.487200      1.55677
     0.488100      1.55667
     0.489000      1.55657
     0.489900      1.55647
     0.490800      1.55638
     0.491700      1.55628
     0.492600      1.55618
     0.493500      1.55609
     0.494400      1.55599
     0.495300      1.55590
     0.496200      1.55580
     0.497100      1.55571
     0.498000      1.55562
     0.498900      1.55552
     0.499800      1.55543
     0.500700      1.55534
     0.501600      1.55525
     0.502500      1.55516
     0.503400      1.55507
     0.504300      1.55498
     0.505200      1.55489
     0.506100      1.55480
     0.507000      1.55472
     0.507900      1.55463
     0.508800      1.55454
     0.509700      1.55446
     0.510600      1.55437
     0.511500      1.55429
     0.512400      1.55420
     0.513300      1.55412
     0.514200      1.55403
     0.515100      1.55395
     0.516000      1.55387
     0.516900      1.55378
     0.517800      1.55370
     0.518700      1.55362
     0.519600      1.55354
     0.520500      1.55346
     0.521400      1.55338
     0.522300      1.55330
     0.523200      1.55322
     0.524100      1.55314
     0.525000      1.55306
     0.525900      1.55298
     0.526800      1.55291
     0.527700      1.55283
     0.528600      1.55275
     0.529500      1.55268
     0.530400      1.55260
     0.531300      1.55253
     0.532200      1.55245
     0.533100      1.55238
     0.534000      1.55230
     0.534900      1.55223
     0.535800      1.55215
     0.536700      1.55208
     0.537600      1.55201
     0.538500      1.55194
     0.539400      1.55186
     0.540300      1.55179
     0.541200      1.55172
     0.542100      1.55165
     0.543000      1.55158
     0.543900      1.55151
     0.544800      1.55144
     0.545700      1.55137
     0.546600      1.55130
     0.547500      1.55123
     0.548400      1.55116
     0.549300      1.55110
     0.550200      1.55103
     0.551100      1.55096
     0.552000      1.55090
     0.552900      1.55083
     0.553800      1.55076
     0.554700      1.55070
     0.555600      1.55063
     0.556500      1.55057
     0.557400      1.55050
     0.558300      1.55044
     0.559200      1.55037
     0.560100      1.55031
     0.561000      1.55024
     0.561900      1.55018
     0.562800      1.55012
     0.563700      1.55006
     0.564600      1.54999
     0.565500      1.54993
     0.566400      1.54987
     0.567300      1.54981
     0.568200      1.54975
     0.569100      1.54969
     0.570000      1.54963
     0.570900      1.54956
     0.571800      1.54951
     0.572700      1.54945
     0.573600      1.54939
     0.574500      1.54933
     0.575400      1.54927
     0.576300      1.54921
     0.577200      1.54915
     0.578100      1.54909
     0.579000      1.54904
     0.579900      1.54898
     0.580800      1.54892
     0.581700      1.54886
     0.582600      1.54881
     0.583500      1.54875
     0.584400      1.54869
     0.585300      1.54864
     0.586200      1.54858
     0.587100      1.54853
     0.588000      1.54847
     0.588900      1.54842
     0.589800      1.54836
     0.590700      1.54831
     0.591600      1.54826
     0.592500      1.54820
     0.593400      1.54815
     0.594300      1.54809
     0.595200      1.54804
     0.596100      1.54799
     0.597000      1.54794
     0.597900      1.54788
     0.598800      1.54783
     0.599700      1.54778
     0.600600      1.54773
     0.601500      1.54768
     0.602400      1.54763
     0.603300      1.54757
     0.604200      1.54752
     0.605100      1.54747
     0.606000      1.54742
     0.606900      1.54737
     0.607800      1.54732
     0.608700      1.54727
     0.609600      1.54722
     0.610500      1.54718
     0.611400      1.54713
     0.612300      1.54708
     0.613200      1.54703
     0.614100      1.54698
     0.615000      1.54693
     0.615900      1.54688
     0.616800      1.54684
     0.617700      1.54679
     0.618600      1.54674
     0.619500      1.54669
     0.620400      1.54665
     0.621300      1.54660
     0.622200      1.54655
     0.623100      1.54651
     0.624000      1.54646
     0.624900      1.54642
     0.625800      1.54637
     0.626700      1.54633
     0.627600      1.54628
     0.628500      1.54623
     0.629400      1.54619
     0.630300      1.54615
     0.631200      1.54610
     0.632100      1.54606
     0.633000      1.54601
     0.633900      1.54597
     0.634800      1.54592
     0.635700      1.54588
     0.636600      1.54584
     0.637500      1.54579
     0.638400      1.54575
     0.639300      1.54571
     0.640200      1.54566
     0.641100      1.54562
     0.642000      1.54558
     0.642900      1.54554
     0.643800      1.54550
     0.644700      1.54545
     0.645600      1.54541
     0.646500      1.54537
     0.647400      1.54533
     0.648300      1.54529
     0.649200      1.54525
     0.650100      1.54521
     0.651000      1.54516
     0.651900      1.54512
     0.652800      1.54508
     0.653700      1.54504
     0.654600      1.54500
     0.655500      1.54496
     0.656400      1.54492
     0.657300      1.54488
     0.658200      1.54484
     0.659100      1.54481
     0.660000      1.54477
     0.660900      1.54473
     0.661800      1.54469
     0.662700      1.54465
     0.663600      1.54461
     0.664500      1.54457
     0.665400      1.54453
     0.666300      1.54450
     0.667200      1.54446
     0.668100      1.54442
     0.669000      1.54438
     0.669900      1.54435
     0.670800      1.54431
     0.671700      1.54427
     0.672600      1.54423
     0.673500      1.54420
     0.674400      1.54416
     0.675300      1.54412
     0.676200      1.54409
     0.677100      1.54405
     0.678000      1.54401
     0.678900      1.54398
     0.679800      1.54394
     0.680700      1.54391
     0.681600      1.54387
     0.682500      1.54383
     0.683400      1.54380
     0.684300      1.54376
     0.685200      1.54373
     0.686100      1.54369
     0.687000      1.54366
     0.687900      1.54362
     0.688800      1.54359
     0.689700      1.54355
     0.690600      1.54352
     0.691500      1.54348
     0.692400      1.54345
     0.693300      1.54342
     0.694200      1.54338
     0.695100      1.54335
     0.696000      1.54331
     0.696900      1.54328
     0.697800      1.54325
     0.698700      1.54321
     0.699600      1.54318
     0.700500      1.54315
     0.701400      1.54311
     0.702300      1.54308
     0.703200      1.54305
     0.704100      1.54302
     0.705000      1.54298
     0.705900      1.54295
     0.706800      1.54292
     0.707700      1.54289
     0.708600      1.54285
     0.709500      1.54282
     0.710400      1.54279
     0.711300      1.54276
     0.712200      1.54273
     0.713100      1.54270
     0.714000      1.54266
     0.714900      1.54263
     0.715800      1.54260
     0.716700      1.54257
     0.717600      1.54254
     0.718500      1.54251
     0.719400      1.54248
     0.720300      1.54245
     0.721200      1.54242
     0.722100      1.54239
     0.723000      1.54235
     0.723900      1.54232
     0.724800      1.54229
     0.725700      1.54226
     0.726600      1.54223
     0.727500      1.54220
     0.728400      1.54217
     0.729300      1.54214
     0.730200      1.54212
     0.731100      1.54209
     0.732000      1.54206
     0.732900      1.54203
     0.733800      1.54200
     0.734700      1.54197
     0.735600      1.54194
     0.736500      1.54191
     0.737400      1.54188
     0.738300      1.54185
     0.739200      1.54182
     0.740100      1.54180
     0.741000      1.54177
     0.741900      1.54174
     0.742800      1.54171
     0.743700      1.54168
     0.744600      1.54165
     0.745500      1.54163
     0.746400      1.54160
     0.747300      1.54157
     0.748200      1.54154
     0.749100      1.54151
     0.750000      1.54149
     0.750900      1.54146
     0.751800      1.54143
     0.752700      1.54140
     0.753600      1.54138
     0.754500      1.54135
     0.755400      1.54132
     0.756300      1.54130
     0.757200      1.54127
     0.758100      1.54124
     0.759000      1.54121
     0.759900      1.54119
     0.760800      1.54116
     0.761700      1.54114
     0.762600      1.54111
     0.763500      1.54108
     0.764400      1.54106
     0.765300      1.54103
     0.766200      1.54100
     0.767100      1.54098
     0.768000      1.54095
     0.768900      1.54093
     0.769800      1.54090
     0.770700      1.54087
     0.771600      1.54085
     0.772500      1.54082
     0.773400      1.54080
     0.774300      1.54077
     0.775200      1.54075
     0.776100      1.54072
     0.777000      1.54070
     0.777900      1.54067
     0.778800      1.54065
     0.779700      1.54062
     0.780600      1.54060
     0.781500      1.54057
     0.782400      1.54055
     0.783300      1.54052
     0.784200      1.54050
     0.785100      1.54047
     0.786000      1.54045
     0.786900      1.54042
     0.787800      1.54040
     0.788700      1.54037
     0.789600      1.54035
     0.790500      1.54033
     0.791400      1.54030
     0.792300      1.54028
     0.793200      1.54025
     0.794100      1.54023
     0.795000      1.54021
     0.795900      1.54018
     0.796800      1.54016
     0.797700      1.54013
     0.798600      1.54011
     0.799500      1.54009
     0.800400      1.54006
     0.801300      1.54004
     0.802200      1.54002
     0.803100      1.53999
     0.804000      1.53997
     0.804900      1.53995
     0.805800      1.53992
     0.806700      1.53990
     0.807600      1.53988
     0.808500      1.53986
     0.809400      1.53983
     0.810300      1.53981
     0.811200      1.53979
     0.812100      1.53977
     0.813000      1.53974
     0.813900      1.53972
     0.814800      1.53970
     0.815700      1.53968
     0.816600      1.53965
     0.817500      1.53963
     0.818400      1.53961
     0.819300      1.53959
     0.820200      1.53956
     0.821100      1.53954
     0.822000      1.53952
     0.822900      1.53950
     0.823800      1.53948
     0.824700      1.53945
     0.825600      1.53943
     0.826500      1.53941
     0.827400      1.53939
     0.828300      1.53937
     0.829200      1.53935
     0.830100      1.53932
     0.831000      1.53930
     0.831900      1.53928
     0.832800      1.53926
     0.833700      1.53924
     0.834600      1.53922
     0.835500      1.53920
     0.836400      1.53918
     0.837300      1.53915
     0.838200      1.53913
     0.839100      1.53911
     0.840000      1.53909
     0.840900      1.53907
     0.841800      1.53905
     0.842700      1.53903
     0.843600      1.53901
     0.844500      1.53899
     0.845400      1.53897
     0.846300      1.53895
     0.847200      1.53893
     0.848100      1.53891
     0.849000      1.53889
     0.849900      1.53886
     0.850800      1.53884
     0.851700      1.53882
     0.852600      1.53880
     0.853500      1.53878
     0.854400      1.53876
     0.855300      1.53874
     0.856200      1.53872
     0.857100      1.53870
     0.858000      1.53868
     0.858900      1.53866
     0.859800      1.53864
     0.860700      1.53862
     0.861600      1.53860
     0.862500      1.53858
     0.863400      1.53857
     0.864300      1.53855
     0.865200      1.53853
     0.866100      1.53851
     0.867000      1.53849
     0.867900      1.53847
     0.868800      1.53845
     0.869700      1.53843
     0.870600      1.53841
     0.871500      1.53839
     0.872400      1.53837
     0.873300      1.53835
     0.874200      1.53833
     0.875100      1.53831
     0.876000      1.53829
     0.876900      1.53828
     0.877800      1.53826
     0.878700      1.53824
     0.879600      1.53822
     0.880500      1.53820
     0.881400      1.53818
     0.882300      1.53816
     0.883200      1.53814
     0.884100      1.53813
     0.885000      1.53811
     0.885900      1.53809
     0.886800      1.53807
     0.887700      1.53805
     0.888600      1.53803
     0.889500      1.53801
     0.890400      1.53800
     0.891300      1.53798
     0.892200      1.53796
     0.893100      1.53794
     0.894000      1.53792
     0.894900      1.53790
     0.895800      1.53789
     0.896700      1.53787
     0.897600      1.53785
     0.898500      1.53783
     0.899400      1.53781
     0.900300      1.53780
     0.901200      1.53778
     0.902100      1.53776
     0.903000      1.53774
     0.903900      1.53772
     0.904800      1.53771
     0.905700      1.53769
     0.906600      1.53767
     0.907500      1.53765
     0.908400      1.53764
     0.909300      1.53762
     0.910200      1.53760
     0.911100      1.53758
     0.912000      1.53757
     0.912900      1.53755
     0.913800      1.53753
     0.914700      1.53751
     0.915600      1.53750
     0.916500      1.53748
     0.917400      1.53746
     0.918300      1.53744
     0.919200      1.53743
     0.920100      1.53741
     0.921000      1.53739
     0.921900      1.53738
     0.922800      1.53736
     0.923700      1.53734
     0.924600      1.53732
     0.925500      1.53731
     0.926400      1.53729
     0.927300      1.53727
     0.928200      1.53726
     0.929100      1.53724
     0.930000      1.53722
     0.930900      1.53721
     0.931800      1.53719
     0.932700      1.53717
     0.933600      1.53716
     0.934500      1.53714
     0.935400      1.53712
     0.936300      1.53711
     0.937200      1.53709
     0.938100      1.53707
     0.939000      1.53706
     0.939900      1.53704
     0.940800      1.53702
     0.941700      1.53701
     0.942600      1.53699
     0.943500      1.53697
     0.944400      1.53696
     0.945300      1.53694
     0.946200      1.53693
     0.947100      1.53691
     0.948000      1.53689
     0.948900      1.53688
     0.949800      1.53686
     0.950700      1.53684
     0.951600      1.53683
     0.952500      1.53681
     0.953400      1.53680
     0.954300      1.53678
     0.955200      1.53676
     0.956100      1.53675
     0.957000      1.53673
     0.957900      1.53672
     0.958800      1.53670
     0.959700      1.53668
     0.960600      1.53667
     0.961500      1.53665
     0.962400      1.53664
     0.963300      1.53662
     0.964200      1.53661
     0.965100      1.53659
     0.966000      1.53657
     0.966900      1.53656
     0.967800      1.53654
     0.968700      1.53653
     0.969600      1.53651
     0.970500      1.53650
     0.971400      1.53648
     0.972300      1.53647
     0.973200      1.53645
     0.974100      1.53644
     0.975000      1.53642
     0.975900      1.53640
     0.976800      1.53639
     0.977700      1.53637
     0.978600      1.53636
     0.979500      1.53634
     0.980400      1.53633
     0.981300      1.53631
     0.982200      1.53630
     0.983100      1.53628
     0.984000      1.53627
     0.984900      1.53625
     0.985800      1.53624
     0.986700      1.53622
     0.987600      1.53621
     0.988500      1.53619
     0.989400      1.53618
     0.990300      1.53616
     0.991200      1.53615
     0.992100      1.53613
     0.993000      1.53612
     0.993900      1.53610
     0.994800      1.53609
     0.995700      1.53607
     0.996600      1.53606
     0.997500      1.53604
     0.998400      1.53603
     0.999300      1.53601
      1.00020      1.53600
      1.00110      1.53598
      1.00200      1.53597
      1.00290      1.53595
      1.00380      1.53594
      1.00470      1.53593
      1.00560      1.53591
      1.00650      1.53590
      1.00740      1.53588
      1.00830      1.53587
      1.00920      1.53585
      1.01010      1.53584
      1.01100      1.53582
      1.01190      1.53581
      1.01280      1.53579
      1.01370      1.53578
      1.01460      1.53577
      1.01550      1.53575
      1.01640      1.53574
      1.01730      1.53572
      1.01820      1.53571
      1.01910      1.53569
      1.02000      1.53568
      1.02090      1.53567
      1.02180      1.53565
      1.02270      1.53564
      1.02360      1.53562
      1.02450      1.53561
      1.02540      1.53559
      1.02630      1.53558
      1.02720      1.53557
      1.02810      1.53555
      1.02900      1.53554
      1.02990      1.53552
      1.03080      1.53551
      1.03170      1.53550
      1.03260      1.53548
      1.03350      1.53547
      1.03440      1.53545
      1.03530      1.53544
      1.03620      1.53543
      1.03710      1.53541
      1.03800      1.53540
      1.03890      1.53538
      1.03980      1.53537
      1.04070      1.53536
      1.04160      1.53534
      1.04250      1.53533
      1.04340      1.53532
      1.04430      1.53530
      1.04520      1.53529
      1.04610      1.53527
      1.04700      1.53526
      1.04790      1.53525
      1.04880      1.53523
      1.04970      1.53522
      1.05060      1.53521
      1.05150      1.53519
      1.05240      1.53518
      1.05330      1.53517
      1.05420      1.53515
      1.05510      1.53514
      1.05600      1.53512
      1.05690      1.53511
      1.05780      1.53510
      1.05870      1.53508
      1.05960      1.53507
      1.06050      1.53506
      1.06140      1.53504
      1.06230      1.53503
      1.06320      1.53502
      1.06410      1.53500
      1.06500      1.53499
      1.06590      1.53498
      1.06680      1.53496
      1.06770      1.53495
      1.06860      1.53494
      1.06950      1.53492
      1.07040      1.53491
      1.07130      1.53490
      1.07220      1.53488
      1.07310      1.53487
      1.07400      1.53486
      1.07490      1.53484
      1.07580      1.53483
      1.07670      1.53482
      1.07760      1.53481
      1.07850      1.53479
      1.07940      1.53478
      1.08030      1.53477
      1.08120      1.53475
      1.08210      1.53474
      1.08300      1.53473
      1.08390      1.53471
      1.08480      1.53470
      1.08570      1.53469
      1.08660      1.53467
      1.08750      1.53466
      1.08840      1.53465
      1.08930      1.53464
      1.09020      1.53462
      1.09110      1.53461
      1.09200      1.53460
      1.09290      1.53458
      1.09380      1.53457
      1.09470      1.53456
      1.09560      1.53455
      1.09650      1.53453
      1.09740      1.53452
      1.09830      1.53451
      1.09920      1.53449
      1.10010      1.53448
      1.10100      1.53447
      1.10190      1.53446
      1.10280      1.53444
      1.10370      1.53443
      1.10460      1.53442
      1.10550      1.53440
      1.10640      1.53439
      1.10730      1.53438
      1.10820      1.53437
      1.10910      1.53435
      1.11000      1.53434
      1.11090      1.53433
      1.11180      1.53432
      1.11270      1.53430
      1.11360      1.53429
      1.11450      1.53428
      1.11540      1.53427
      1.11630      1.53425
      1.11720      1.53424
      1.11810      1.53423
      1.11900      1.53422
      1.11990      1.53420
      1.12080      1.53419
      1.12170      1.53418
      1.12260      1.53417
      1.12350      1.53415
      1.12440      1.53414
      1.12530      1.53413
      1.12620      1.53412
      1.12710      1.53410
      1.12800      1.53409
      1.12890      1.53408
      1.12980      1.53407
      1.13070      1.53405
      1.13160      1.53404
      1.13250      1.53403
      1.13340      1.53402
      1.13430      1.53400
      1.13520      1.53399
      1.13610      1.53398
      1.13700      1.53397
      1.13790      1.53395
      1.13880      1.53394
      1.13970      1.53393
      1.14060      1.53392
      1.14150      1.53391
      1.14240      1.53389
      1.14330      1.53388
      1.14420      1.53387
      1.14510      1.53386
      1.14600      1.53384
      1.14690      1.53383
      1.14780      1.53382
      1.14870      1.53381
      1.14960      1.53380
      1.15050      1.53378
      1.15140      1.53377
      1.15230      1.53376
      1.15320      1.53375
      1.15410      1.53374
      1.15500      1.53372
      1.15590      1.53371
      1.15680      1.53370
      1.15770      1.53369
      1.15860      1.53367
      1.15950      1.53366
      1.16040      1.53365
      1.16130      1.53364
      1.16220      1.53363
      1.16310      1.53361
      1.16400      1.53360
      1.16490      1.53359
      1.16580      1.53358
      1.16670      1.53357
      1.16760      1.53355
      1.16850      1.53354
      1.16940      1.53353
      1.17030      1.53352
      1.17120      1.53351
      1.17210      1.53350
      1.17300      1.53348
      1.17390      1.53347
      1.17480      1.53346
      1.17570      1.53345
      1.17660      1.53344
      1.17750      1.53342
      1.17840      1.53341
      1.17930      1.53340
      1.18020      1.53339
      1.18110      1.53338
      1.18200      1.53336
      1.18290      1.53335
      1.18380      1.53334
      1.18470      1.53333
      1.18560      1.53332
      1.18650      1.53331
      1.18740      1.53329
      1.18830      1.53328
      1.18920      1.53327
      1.19010      1.53326
      1.19100      1.53325
      1.19190      1.53323
      1.19280      1.53322
      1.19370      1.53321
      1.19460      1.53320
      1.19550      1.53319
      1.19640      1.53318
      1.19730      1.53316
      1.19820      1.53315
      1.19910      1.53314
