     0.300000      1.48779
     0.300900      1.48754
     0.301800      1.48729
     0.302700      1.48704
     0.303600      1.48680
     0.304500      1.48656
     0.305400      1.48632
     0.306300      1.48608
     0.307200      1.48584
     0.308100      1.48561
     0.309000      1.48538
     0.309900      1.48515
     0.310800      1.48493
     0.311700      1.48470
     0.312600      1.48448
     0.313500      1.48426
     0.314400      1.48404
     0.315300      1.48383
     0.316200      1.48362
     0.317100      1.48341
     0.318000      1.48320
     0.318900      1.48299
     0.319800      1.48278
     0.320700      1.48258
     0.321600      1.48238
     0.322500      1.48218
     0.323400      1.48198
     0.324300      1.48179
     0.325200      1.48159
     0.326100      1.48140
     0.327000      1.48121
     0.327900      1.48102
     0.328800      1.48084
     0.329700      1.48065
     0.330600      1.48047
     0.331500      1.48029
     0.332400      1.48011
     0.333300      1.47993
     0.334200      1.47975
     0.335100      1.47958
     0.336000      1.47940
     0.336900      1.47923
     0.337800      1.47906
     0.338700      1.47889
     0.339600      1.47873
     0.340500      1.47856
     0.341400      1.47839
     0.342300      1.47823
     0.343200      1.47807
     0.344100      1.47791
     0.345000      1.47775
     0.345900      1.47759
     0.346800      1.47744
     0.347700      1.47728
     0.348600      1.47713
     0.349500      1.47698
     0.350400      1.47682
     0.351300      1.47667
     0.352200      1.47653
     0.353100      1.47638
     0.354000      1.47623
     0.354900      1.47609
     0.355800      1.47594
     0.356700      1.47580
     0.357600      1.47566
     0.358500      1.47552
     0.359400      1.47538
     0.360300      1.47524
     0.361200      1.47511
     0.362100      1.47497
     0.363000      1.47484
     0.363900      1.47470
     0.364800      1.47457
     0.365700      1.47444
     0.366600      1.47431
     0.367500      1.47418
     0.368400      1.47405
     0.369300      1.47392
     0.370200      1.47380
     0.371100      1.47367
     0.372000      1.47355
     0.372900      1.47343
     0.373800      1.47330
     0.374700      1.47318
     0.375600      1.47306
     0.376500      1.47294
     0.377400      1.47282
     0.378300      1.47270
     0.379200      1.47259
     0.380100      1.47247
     0.381000      1.47236
     0.381900      1.47224
     0.382800      1.47213
     0.383700      1.47202
     0.384600      1.47190
     0.385500      1.47179
     0.386400      1.47168
     0.387300      1.47157
     0.388200      1.47147
     0.389100      1.47136
     0.390000      1.47125
     0.390900      1.47115
     0.391800      1.47104
     0.392700      1.47094
     0.393600      1.47083
     0.394500      1.47073
     0.395400      1.47063
     0.396300      1.47053
     0.397200      1.47043
     0.398100      1.47032
     0.399000      1.47023
     0.399900      1.47013
     0.400800      1.47003
     0.401700      1.46993
     0.402600      1.46984
     0.403500      1.46974
     0.404400      1.46964
     0.405300      1.46955
     0.406200      1.46946
     0.407100      1.46936
     0.408000      1.46927
     0.408900      1.46918
     0.409800      1.46909
     0.410700      1.46900
     0.411600      1.46891
     0.412500      1.46882
     0.413400      1.46873
     0.414300      1.46864
     0.415200      1.46855
     0.416100      1.46846
     0.417000      1.46838
     0.417900      1.46829
     0.418800      1.46821
     0.419700      1.46812
     0.420600      1.46804
     0.421500      1.46795
     0.422400      1.46787
     0.423300      1.46779
     0.424200      1.46771
     0.425100      1.46762
     0.426000      1.46754
     0.426900      1.46746
     0.427800      1.46738
     0.428700      1.46730
     0.429600      1.46723
     0.430500      1.46715
     0.431400      1.46707
     0.432300      1.46699
     0.433200      1.46692
     0.434100      1.46684
     0.435000      1.46676
     0.435900      1.46669
     0.436800      1.46661
     0.437700      1.46654
     0.438600      1.46646
     0.439500      1.46639
     0.440400      1.46632
     0.441300      1.46624
     0.442200      1.46617
     0.443100      1.46610
     0.444000      1.46603
     0.444900      1.46596
     0.445800      1.46589
     0.446700      1.46582
     0.447600      1.46575
     0.448500      1.46568
     0.449400      1.46561
     0.450300      1.46554
     0.451200      1.46548
     0.452100      1.46541
     0.453000      1.46534
     0.453900      1.46527
     0.454800      1.46521
     0.455700      1.46514
     0.456600      1.46508
     0.457500      1.46501
     0.458400      1.46495
     0.459300      1.46488
     0.460200      1.46482
     0.461100      1.46475
     0.462000      1.46469
     0.462900      1.46463
     0.463800      1.46457
     0.464700      1.46450
     0.465600      1.46444
     0.466500      1.46438
     0.467400      1.46432
     0.468300      1.46426
     0.469200      1.46420
     0.470100      1.46414
     0.471000      1.46408
     0.471900      1.46402
     0.472800      1.46396
     0.473700      1.46390
     0.474600      1.46384
     0.475500      1.46379
     0.476400      1.46373
     0.477300      1.46367
     0.478200      1.46362
     0.479100      1.46356
     0.480000      1.46350
     0.480900      1.46345
     0.481800      1.46339
     0.482700      1.46334
     0.483600      1.46328
     0.484500      1.46323
     0.485400      1.46317
     0.486300      1.46312
     0.487200      1.46306
     0.488100      1.46301
     0.489000      1.46296
     0.489900      1.46290
     0.490800      1.46285
     0.491700      1.46280
     0.492600      1.46275
     0.493500      1.46269
     0.494400      1.46264
     0.495300      1.46259
     0.496200      1.46254
     0.497100      1.46249
     0.498000      1.46244
     0.498900      1.46239
     0.499800      1.46234
     0.500700      1.46229
     0.501600      1.46224
     0.502500      1.46219
     0.503400      1.46214
     0.504300      1.46209
     0.505200      1.46204
     0.506100      1.46199
     0.507000      1.46195
     0.507900      1.46190
     0.508800      1.46185
     0.509700      1.46180
     0.510600      1.46176
     0.511500      1.46171
     0.512400      1.46166
     0.513300      1.46162
     0.514200      1.46157
     0.515100      1.46153
     0.516000      1.46148
     0.516900      1.46143
     0.517800      1.46139
     0.518700      1.46134
     0.519600      1.46130
     0.520500      1.46126
     0.521400      1.46121
     0.522300      1.46117
     0.523200      1.46112
     0.524100      1.46108
     0.525000      1.46104
     0.525900      1.46099
     0.526800      1.46095
     0.527700      1.46091
     0.528600      1.46087
     0.529500      1.46082
     0.530400      1.46078
     0.531300      1.46074
     0.532200      1.46070
     0.533100      1.46066
     0.534000      1.46061
     0.534900      1.46057
     0.535800      1.46053
     0.536700      1.46049
     0.537600      1.46045
     0.538500      1.46041
     0.539400      1.46037
     0.540300      1.46033
     0.541200      1.46029
     0.542100      1.46025
     0.543000      1.46021
     0.543900      1.46017
     0.544800      1.46013
     0.545700      1.46009
     0.546600      1.46006
     0.547500      1.46002
     0.548400      1.45998
     0.549300      1.45994
     0.550200      1.45990
     0.551100      1.45986
     0.552000      1.45983
     0.552900      1.45979
     0.553800      1.45975
     0.554700      1.45972
     0.555600      1.45968
     0.556500      1.45964
     0.557400      1.45960
     0.558300      1.45957
     0.559200      1.45953
     0.560100      1.45950
     0.561000      1.45946
     0.561900      1.45942
     0.562800      1.45939
     0.563700      1.45935
     0.564600      1.45932
     0.565500      1.45928
     0.566400      1.45925
     0.567300      1.45921
     0.568200      1.45918
     0.569100      1.45914
     0.570000      1.45911
     0.570900      1.45907
     0.571800      1.45904
     0.572700      1.45901
     0.573600      1.45897
     0.574500      1.45894
     0.575400      1.45890
     0.576300      1.45887
     0.577200      1.45884
     0.578100      1.45880
     0.579000      1.45877
     0.579900      1.45874
     0.580800      1.45871
     0.581700      1.45867
     0.582600      1.45864
     0.583500      1.45861
     0.584400      1.45858
     0.585300      1.45854
     0.586200      1.45851
     0.587100      1.45848
     0.588000      1.45845
     0.588900      1.45842
     0.589800      1.45839
     0.590700      1.45835
     0.591600      1.45832
     0.592500      1.45829
     0.593400      1.45826
     0.594300      1.45823
     0.595200      1.45820
     0.596100      1.45817
     0.597000      1.45814
     0.597900      1.45811
     0.598800      1.45808
     0.599700      1.45805
     0.600600      1.45802
     0.601500      1.45799
     0.602400      1.45796
     0.603300      1.45793
     0.604200      1.45790
     0.605100      1.45787
     0.606000      1.45784
     0.606900      1.45781
     0.607800      1.45778
     0.608700      1.45775
     0.609600      1.45772
     0.610500      1.45770
     0.611400      1.45767
     0.612300      1.45764
     0.613200      1.45761
     0.614100      1.45758
     0.615000      1.45755
     0.615900      1.45753
     0.616800      1.45750
     0.617700      1.45747
     0.618600      1.45744
     0.619500      1.45741
     0.620400      1.45739
     0.621300      1.45736
     0.622200      1.45733
     0.623100      1.45731
     0.624000      1.45728
     0.624900      1.45725
     0.625800      1.45722
     0.626700      1.45720
     0.627600      1.45717
     0.628500      1.45714
     0.629400      1.45712
     0.630300      1.45709
     0.631200      1.45706
     0.632100      1.45704
     0.633000      1.45701
     0.633900      1.45699
     0.634800      1.45696
     0.635700      1.45693
     0.636600      1.45691
     0.637500      1.45688
     0.638400      1.45686
     0.639300      1.45683
     0.640200      1.45681
     0.641100      1.45678
     0.642000      1.45676
     0.642900      1.45673
     0.643800      1.45671
     0.644700      1.45668
     0.645600      1.45666
     0.646500      1.45663
     0.647400      1.45661
     0.648300      1.45658
     0.649200      1.45656
     0.650100      1.45653
     0.651000      1.45651
     0.651900      1.45648
     0.652800      1.45646
     0.653700      1.45644
     0.654600      1.45641
     0.655500      1.45639
     0.656400      1.45636
     0.657300      1.45634
     0.658200      1.45632
     0.659100      1.45629
     0.660000      1.45627
     0.660900      1.45624
     0.661800      1.45622
     0.662700      1.45620
     0.663600      1.45617
     0.664500      1.45615
     0.665400      1.45613
     0.666300      1.45611
     0.667200      1.45608
     0.668100      1.45606
     0.669000      1.45604
     0.669900      1.45601
     0.670800      1.45599
     0.671700      1.45597
     0.672600      1.45595
     0.673500      1.45592
     0.674400      1.45590
     0.675300      1.45588
     0.676200      1.45586
     0.677100      1.45583
     0.678000      1.45581
     0.678900      1.45579
     0.679800      1.45577
     0.680700      1.45575
     0.681600      1.45572
     0.682500      1.45570
     0.683400      1.45568
     0.684300      1.45566
     0.685200      1.45564
     0.686100      1.45562
     0.687000      1.45560
     0.687900      1.45557
     0.688800      1.45555
     0.689700      1.45553
     0.690600      1.45551
     0.691500      1.45549
     0.692400      1.45547
     0.693300      1.45545
     0.694200      1.45543
     0.695100      1.45540
     0.696000      1.45538
     0.696900      1.45536
     0.697800      1.45534
     0.698700      1.45532
     0.699600      1.45530
     0.700500      1.45528
     0.701400      1.45526
     0.702300      1.45524
     0.703200      1.45522
     0.704100      1.45520
     0.705000      1.45518
     0.705900      1.45516
     0.706800      1.45514
     0.707700      1.45512
     0.708600      1.45510
     0.709500      1.45508
     0.710400      1.45506
     0.711300      1.45504
     0.712200      1.45502
     0.713100      1.45500
     0.714000      1.45498
     0.714900      1.45496
     0.715800      1.45494
     0.716700      1.45492
     0.717600      1.45490
     0.718500      1.45488
     0.719400      1.45486
     0.720300      1.45484
     0.721200      1.45483
     0.722100      1.45481
     0.723000      1.45479
     0.723900      1.45477
     0.724800      1.45475
     0.725700      1.45473
     0.726600      1.45471
     0.727500      1.45469
     0.728400      1.45467
     0.729300      1.45465
     0.730200      1.45464
     0.731100      1.45462
     0.732000      1.45460
     0.732900      1.45458
     0.733800      1.45456
     0.734700      1.45454
     0.735600      1.45452
     0.736500      1.45451
     0.737400      1.45449
     0.738300      1.45447
     0.739200      1.45445
     0.740100      1.45443
     0.741000      1.45442
     0.741900      1.45440
     0.742800      1.45438
     0.743700      1.45436
     0.744600      1.45434
     0.745500      1.45433
     0.746400      1.45431
     0.747300      1.45429
     0.748200      1.45427
     0.749100      1.45425
     0.750000      1.45424
     0.750900      1.45422
     0.751800      1.45420
     0.752700      1.45418
     0.753600      1.45417
     0.754500      1.45415
     0.755400      1.45413
     0.756300      1.45411
     0.757200      1.45410
     0.758100      1.45408
     0.759000      1.45406
     0.759900      1.45405
     0.760800      1.45403
     0.761700      1.45401
     0.762600      1.45399
     0.763500      1.45398
     0.764400      1.45396
     0.765300      1.45394
     0.766200      1.45393
     0.767100      1.45391
     0.768000      1.45389
     0.768900      1.45388
     0.769800      1.45386
     0.770700      1.45384
     0.771600      1.45383
     0.772500      1.45381
     0.773400      1.45379
     0.774300      1.45378
     0.775200      1.45376
     0.776100      1.45374
     0.777000      1.45373
     0.777900      1.45371
     0.778800      1.45369
     0.779700      1.45368
     0.780600      1.45366
     0.781500      1.45364
     0.782400      1.45363
     0.783300      1.45361
     0.784200      1.45360
     0.785100      1.45358
     0.786000      1.45356
     0.786900      1.45355
     0.787800      1.45353
     0.788700      1.45352
     0.789600      1.45350
     0.790500      1.45348
     0.791400      1.45347
     0.792300      1.45345
     0.793200      1.45344
     0.794100      1.45342
     0.795000      1.45340
     0.795900      1.45339
     0.796800      1.45337
     0.797700      1.45336
     0.798600      1.45334
     0.799500      1.45333
     0.800400      1.45331
     0.801300      1.45329
     0.802200      1.45328
     0.803100      1.45326
     0.804000      1.45325
     0.804900      1.45323
     0.805800      1.45322
     0.806700      1.45320
     0.807600      1.45319
     0.808500      1.45317
     0.809400      1.45316
     0.810300      1.45314
     0.811200      1.45313
     0.812100      1.45311
     0.813000      1.45310
     0.813900      1.45308
     0.814800      1.45307
     0.815700      1.45305
     0.816600      1.45304
     0.817500      1.45302
     0.818400      1.45301
     0.819300      1.45299
     0.820200      1.45298
     0.821100      1.45296
     0.822000      1.45295
     0.822900      1.45293
     0.823800      1.45292
     0.824700      1.45290
     0.825600      1.45289
     0.826500      1.45287
     0.827400      1.45286
     0.828300      1.45284
     0.829200      1.45283
     0.830100      1.45281
     0.831000      1.45280
     0.831900      1.45279
     0.832800      1.45277
     0.833700      1.45276
     0.834600      1.45274
     0.835500      1.45273
     0.836400      1.45271
     0.837300      1.45270
     0.838200      1.45268
     0.839100      1.45267
     0.840000      1.45266
     0.840900      1.45264
     0.841800      1.45263
     0.842700      1.45261
     0.843600      1.45260
     0.844500      1.45258
     0.845400      1.45257
     0.846300      1.45256
     0.847200      1.45254
     0.848100      1.45253
     0.849000      1.45251
     0.849900      1.45250
     0.850800      1.45249
     0.851700      1.45247
     0.852600      1.45246
     0.853500      1.45244
     0.854400      1.45243
     0.855300      1.45242
     0.856200      1.45240
     0.857100      1.45239
     0.858000      1.45237
     0.858900      1.45236
     0.859800      1.45235
     0.860700      1.45233
     0.861600      1.45232
     0.862500      1.45231
     0.863400      1.45229
     0.864300      1.45228
     0.865200      1.45227
     0.866100      1.45225
     0.867000      1.45224
     0.867900      1.45222
     0.868800      1.45221
     0.869700      1.45220
     0.870600      1.45218
     0.871500      1.45217
     0.872400      1.45216
     0.873300      1.45214
     0.874200      1.45213
     0.875100      1.45212
     0.876000      1.45210
     0.876900      1.45209
     0.877800      1.45208
     0.878700      1.45206
     0.879600      1.45205
     0.880500      1.45204
     0.881400      1.45202
     0.882300      1.45201
     0.883200      1.45200
     0.884100      1.45198
     0.885000      1.45197
     0.885900      1.45196
     0.886800      1.45194
     0.887700      1.45193
     0.888600      1.45192
     0.889500      1.45191
     0.890400      1.45189
     0.891300      1.45188
     0.892200      1.45187
     0.893100      1.45185
     0.894000      1.45184
     0.894900      1.45183
     0.895800      1.45181
     0.896700      1.45180
     0.897600      1.45179
     0.898500      1.45178
     0.899400      1.45176
     0.900300      1.45175
     0.901200      1.45174
     0.902100      1.45172
     0.903000      1.45171
     0.903900      1.45170
     0.904800      1.45169
     0.905700      1.45167
     0.906600      1.45166
     0.907500      1.45165
     0.908400      1.45163
     0.909300      1.45162
     0.910200      1.45161
     0.911100      1.45160
     0.912000      1.45158
     0.912900      1.45157
     0.913800      1.45156
     0.914700      1.45155
     0.915600      1.45153
     0.916500      1.45152
     0.917400      1.45151
     0.918300      1.45150
     0.919200      1.45148
     0.920100      1.45147
     0.921000      1.45146
     0.921900      1.45145
     0.922800      1.45143
     0.923700      1.45142
     0.924600      1.45141
     0.925500      1.45140
     0.926400      1.45138
     0.927300      1.45137
     0.928200      1.45136
     0.929100      1.45135
     0.930000      1.45133
     0.930900      1.45132
     0.931800      1.45131
     0.932700      1.45130
     0.933600      1.45129
     0.934500      1.45127
     0.935400      1.45126
     0.936300      1.45125
     0.937200      1.45124
     0.938100      1.45122
     0.939000      1.45121
     0.939900      1.45120
     0.940800      1.45119
     0.941700      1.45118
     0.942600      1.45116
     0.943500      1.45115
     0.944400      1.45114
     0.945300      1.45113
     0.946200      1.45112
     0.947100      1.45110
     0.948000      1.45109
     0.948900      1.45108
     0.949800      1.45107
     0.950700      1.45106
     0.951600      1.45104
     0.952500      1.45103
     0.953400      1.45102
     0.954300      1.45101
     0.955200      1.45100
     0.956100      1.45098
     0.957000      1.45097
     0.957900      1.45096
     0.958800      1.45095
     0.959700      1.45094
     0.960600      1.45092
     0.961500      1.45091
     0.962400      1.45090
     0.963300      1.45089
     0.964200      1.45088
     0.965100      1.45087
     0.966000      1.45085
     0.966900      1.45084
     0.967800      1.45083
     0.968700      1.45082
     0.969600      1.45081
     0.970500      1.45080
     0.971400      1.45078
     0.972300      1.45077
     0.973200      1.45076
     0.974100      1.45075
     0.975000      1.45074
     0.975900      1.45073
     0.976800      1.45071
     0.977700      1.45070
     0.978600      1.45069
     0.979500      1.45068
     0.980400      1.45067
     0.981300      1.45066
     0.982200      1.45064
     0.983100      1.45063
     0.984000      1.45062
     0.984900      1.45061
     0.985800      1.45060
     0.986700      1.45059
     0.987600      1.45057
     0.988500      1.45056
     0.989400      1.45055
     0.990300      1.45054
     0.991200      1.45053
     0.992100      1.45052
     0.993000      1.45051
     0.993900      1.45049
     0.994800      1.45048
     0.995700      1.45047
     0.996600      1.45046
     0.997500      1.45045
     0.998400      1.45044
     0.999300      1.45043
      1.00020      1.45041
      1.00110      1.45040
      1.00200      1.45039
      1.00290      1.45038
      1.00380      1.45037
      1.00470      1.45036
      1.00560      1.45035
      1.00650      1.45034
      1.00740      1.45032
      1.00830      1.45031
      1.00920      1.45030
      1.01010      1.45029
      1.01100      1.45028
      1.01190      1.45027
      1.01280      1.45026
      1.01370      1.45025
      1.01460      1.45023
      1.01550      1.45022
      1.01640      1.45021
      1.01730      1.45020
      1.01820      1.45019
      1.01910      1.45018
      1.02000      1.45017
      1.02090      1.45016
      1.02180      1.45014
      1.02270      1.45013
      1.02360      1.45012
      1.02450      1.45011
      1.02540      1.45010
      1.02630      1.45009
      1.02720      1.45008
      1.02810      1.45007
      1.02900      1.45006
      1.02990      1.45004
      1.03080      1.45003
      1.03170      1.45002
      1.03260      1.45001
      1.03350      1.45000
      1.03440      1.44999
      1.03530      1.44998
      1.03620      1.44997
      1.03710      1.44996
      1.03800      1.44995
      1.03890      1.44993
      1.03980      1.44992
      1.04070      1.44991
      1.04160      1.44990
      1.04250      1.44989
      1.04340      1.44988
      1.04430      1.44987
      1.04520      1.44986
      1.04610      1.44985
      1.04700      1.44984
      1.04790      1.44983
      1.04880      1.44981
      1.04970      1.44980
      1.05060      1.44979
      1.05150      1.44978
      1.05240      1.44977
      1.05330      1.44976
      1.05420      1.44975
      1.05510      1.44974
      1.05600      1.44973
      1.05690      1.44972
      1.05780      1.44971
      1.05870      1.44969
      1.05960      1.44968
      1.06050      1.44967
      1.06140      1.44966
      1.06230      1.44965
      1.06320      1.44964
      1.06410      1.44963
      1.06500      1.44962
      1.06590      1.44961
      1.06680      1.44960
      1.06770      1.44959
      1.06860      1.44958
      1.06950      1.44957
      1.07040      1.44955
      1.07130      1.44954
      1.07220      1.44953
      1.07310      1.44952
      1.07400      1.44951
      1.07490      1.44950
      1.07580      1.44949
      1.07670      1.44948
      1.07760      1.44947
      1.07850      1.44946
      1.07940      1.44945
      1.08030      1.44944
      1.08120      1.44943
      1.08210      1.44941
      1.08300      1.44940
      1.08390      1.44939
      1.08480      1.44938
      1.08570      1.44937
      1.08660      1.44936
      1.08750      1.44935
      1.08840      1.44934
      1.08930      1.44933
      1.09020      1.44932
      1.09110      1.44931
      1.09200      1.44930
      1.09290      1.44929
      1.09380      1.44928
      1.09470      1.44927
      1.09560      1.44926
      1.09650      1.44924
      1.09740      1.44923
      1.09830      1.44922
      1.09920      1.44921
      1.10010      1.44920
      1.10100      1.44919
      1.10190      1.44918
      1.10280      1.44917
      1.10370      1.44916
      1.10460      1.44915
      1.10550      1.44914
      1.10640      1.44913
      1.10730      1.44912
      1.10820      1.44911
      1.10910      1.44910
      1.11000      1.44909
      1.11090      1.44908
      1.11180      1.44907
      1.11270      1.44905
      1.11360      1.44904
      1.11450      1.44903
      1.11540      1.44902
      1.11630      1.44901
      1.11720      1.44900
      1.11810      1.44899
      1.11900      1.44898
      1.11990      1.44897
      1.12080      1.44896
      1.12170      1.44895
      1.12260      1.44894
      1.12350      1.44893
      1.12440      1.44892
      1.12530      1.44891
      1.12620      1.44890
      1.12710      1.44889
      1.12800      1.44888
      1.12890      1.44887
      1.12980      1.44886
      1.13070      1.44885
      1.13160      1.44883
      1.13250      1.44882
      1.13340      1.44881
      1.13430      1.44880
      1.13520      1.44879
      1.13610      1.44878
      1.13700      1.44877
      1.13790      1.44876
      1.13880      1.44875
      1.13970      1.44874
      1.14060      1.44873
      1.14150      1.44872
      1.14240      1.44871
      1.14330      1.44870
      1.14420      1.44869
      1.14510      1.44868
      1.14600      1.44867
      1.14690      1.44866
      1.14780      1.44865
      1.14870      1.44864
      1.14960      1.44863
      1.15050      1.44862
      1.15140      1.44861
      1.15230      1.44860
      1.15320      1.44859
      1.15410      1.44858
      1.15500      1.44856
      1.15590      1.44855
      1.15680      1.44854
      1.15770      1.44853
      1.15860      1.44852
      1.15950      1.44851
      1.16040      1.44850
      1.16130      1.44849
      1.16220      1.44848
      1.16310      1.44847
      1.16400      1.44846
      1.16490      1.44845
      1.16580      1.44844
      1.16670      1.44843
      1.16760      1.44842
      1.16850      1.44841
      1.16940      1.44840
      1.17030      1.44839
      1.17120      1.44838
      1.17210      1.44837
      1.17300      1.44836
      1.17390      1.44835
      1.17480      1.44834
      1.17570      1.44833
      1.17660      1.44832
      1.17750      1.44831
      1.17840      1.44830
      1.17930      1.44829
      1.18020      1.44828
      1.18110      1.44827
      1.18200      1.44826
      1.18290      1.44824
      1.18380      1.44823
      1.18470      1.44822
      1.18560      1.44821
      1.18650      1.44820
      1.18740      1.44819
      1.18830      1.44818
      1.18920      1.44817
      1.19010      1.44816
      1.19100      1.44815
      1.19190      1.44814
      1.19280      1.44813
      1.19370      1.44812
      1.19460      1.44811
      1.19550      1.44810
      1.19640      1.44809
      1.19730      1.44808
      1.19820      1.44807
      1.19910      1.44806
