#Glass materials Database#Name: Glass name
#LambdaMin, LambdaMax: wavelength range (um)
#K1,L1,K2,L2,K3,L3: Sellmeier1 coeficients.
#Name                       LambdaMin	LambdaMax		K1		L1		K2		L2	      K3               L3			
BK7G18                     0.380000	2.500000	1.265385420E+00	8.131040780E-03	1.441910730E-02	5.433032260E-02	1.003230280E+00	1.028211660E+02
F2                         0.320000	2.500000	1.345333590E+00	9.977438710E-03	2.090731760E-01	4.704507670E-02	9.373571620E-01	1.118867640E+02
F2G12                      0.400000	2.500000	1.347022240E+00	9.808505530E-03	2.100377630E-01	4.717880180E-02	1.953507680E+01	2.279154700E+03
F2HT                       0.320000	2.500000	1.345333590E+00	9.977438710E-03	2.090731760E-01	4.704507670E-02	9.373571620E-01	1.118867640E+02
F2HTI                      0.334000	2.500000	0.000000000E+00	9.977438710E-03	2.090731760E-01	4.704507670E-02	9.373571620E-01	1.118867640E+02
F5                         0.320000	2.500000	1.310446300E+00	9.586330480E-03	1.960342600E-01	4.576276270E-02	9.661297700E-01	1.150118830E+02
FK5HTI                     0.250000	2.500000	9.093621800E-01	5.201424700E-03	2.790770540E-01	1.589384460E-02	8.918132980E-01	9.591094480E+01
K10                        0.300000	2.500000	1.156870820E+00	8.094242510E-03	6.426254440E-02	3.860512840E-02	8.723761390E-01	1.047477300E+02
K5G20                      0.370000	2.500000	1.140943960E+00	6.949454780E-03	1.450011900E-01	3.105744440E-02	3.747057860E+01	4.536256240E+03
LAFN7                      0.350000	2.500000	1.668426150E+00	1.031599990E-02	2.985128030E-01	4.692163480E-02	1.077437600E+00	8.250785090E+01
LAK9G15                    0.380000	2.500000	1.287736670E+00	5.575419200E-03	5.182448530E-01	2.236795240E-02	2.617561090E+01	1.892253300E+03
LASF35                     0.370000	2.500000	2.455058610E+00	1.356704040E-02	4.530060770E-01	5.458030200E-02	2.385130800E+00	1.679047150E+02
LF5                        0.320000	2.325000	1.280356280E+00	9.298544160E-03	1.635059730E-01	4.491357690E-02	8.939301120E-01	1.104936850E+02
LF5G19                     0.400000	2.500000	1.346113270E+00	9.717438500E-03	1.424280180E-01	5.019116190E-02	9.004771760E-01	1.119597030E+02
LF5HTI                     0.310000	2.500000	1.285529240E+00	9.398862600E-03	1.583576220E-01	4.525666590E-02	8.921751220E-01	1.105448290E+02
LLF1                       0.310000	2.500000	1.216401250E+00	8.578072480E-03	1.336645400E-01	4.201430030E-02	8.833994680E-01	1.075930600E+02
LLF1HTI                    0.300000	2.500000	1.225104450E+00	8.704320980E-03	1.251556710E-01	4.273252350E-02	8.922367510E-01	1.080499680E+02
N-BAF10                    0.350000	2.500000	1.585149500E+00	9.266812820E-03	1.435593850E-01	4.244898050E-02	1.085212690E+00	1.056135730E+02
N-BAF4                     0.365000	2.500000	1.420563280E+00	9.420153820E-03	1.027212690E-01	5.310872910E-02	1.143809760E+00	1.102788560E+02
N-BAF51                    0.350000	2.500000	1.515036230E+00	9.427347150E-03	1.536219580E-01	4.308265000E-02	1.154279090E+00	1.248898680E+02
N-BAF52                    0.365000	2.500000	1.439034330E+00	9.078001280E-03	9.670460520E-02	5.082120800E-02	1.098758180E+00	1.056918560E+02
N-BAK1                     0.300000	2.500000	1.123656620E+00	6.447427520E-03	3.092768480E-01	2.222844020E-02	8.815119570E-01	1.072977510E+02
N-BAK2                     0.300000	2.500000	1.016621540E+00	5.923837630E-03	3.199030510E-01	2.038284150E-02	9.372329950E-01	1.131184170E+02
N-BAK4                     0.334000	2.500000	1.288346420E+00	7.799806260E-03	1.328177240E-01	3.156311770E-02	9.453953730E-01	1.059658750E+02
N-BAK4HT                   0.334000	2.500000	1.288346420E+00	7.799806260E-03	1.328177240E-01	3.156311770E-02	9.453953730E-01	1.059658750E+02
N-BALF4                    0.350000	2.500000	1.310041280E+00	7.965964500E-03	1.420382590E-01	3.306720720E-02	9.649293510E-01	1.091973200E+02
N-BALF5                    0.350000	2.500000	1.283859650E+00	8.258159750E-03	7.193009420E-02	4.419200270E-02	1.050489270E+00	1.070973240E+02
N-BASF2                    0.370000	2.500000	1.536520810E+00	1.084357290E-02	1.569711020E-01	5.622787620E-02	1.301968150E+00	1.313397000E+02
N-BASF64                   0.365000	2.500000	1.655542680E+00	1.044856440E-02	1.713197700E-01	4.993947560E-02	1.336644480E+00	1.189614720E+02
N-BK10                     0.290000	2.500000	8.883081310E-01	5.169008220E-03	3.289644750E-01	1.611900450E-02	9.846107690E-01	9.975753310E+01
N-BK7                      0.300000	2.500000	1.039612120E+00	6.000698670E-03	2.317923440E-01	2.001791440E-02	1.010469450E+00	1.035606530E+02
N-BK7HT                    0.300000	2.500000	1.039612120E+00	6.000698670E-03	2.317923440E-01	2.001791440E-02	1.010469450E+00	1.035606530E+02
N-BK7HTI                   0.300000	2.500000	1.039612120E+00	6.000698670E-03	2.317923440E-01	2.001791440E-02	1.010469450E+00	1.035606530E+02
N-F2                       0.365000	2.500000	1.397570370E+00	9.959061430E-03	1.592014030E-01	5.469317520E-02	1.268654300E+00	1.192483460E+02
N-FK5                      0.260000	2.500000	8.443093380E-01	4.751119550E-03	3.441478240E-01	1.498148490E-02	9.107902130E-01	9.786002930E+01
N-FK51A                    0.290000	2.500000	9.712478170E-01	4.723019950E-03	2.169014170E-01	1.535756120E-02	9.046516660E-01	1.686813300E+02
N-FK58                     0.260000	2.500000	7.380427120E-01	3.390656070E-03	3.633719670E-01	1.175511890E-02	9.892962640E-01	2.128421450E+02
N-K5                       0.310000	2.500000	1.085118330E+00	6.610995030E-03	1.995620050E-01	2.411086600E-02	9.305116630E-01	1.119827770E+02
N-KF9                      0.350000	2.500000	1.192867780E+00	8.391546960E-03	8.933465710E-02	4.040107860E-02	9.208198050E-01	1.125724460E+02
N-KZFS11                   0.310000	2.500000	1.332224500E+00	8.402984800E-03	2.892416100E-01	3.442397200E-02	1.151617340E+00	8.843105320E+01
N-KZFS2                    0.310000	2.500000	1.236975540E+00	7.471705050E-03	1.535693760E-01	3.080535560E-02	9.039762720E-01	7.017310840E+01
N-KZFS4                    0.334000	2.500000	1.350554240E+00	8.762820700E-03	1.975755060E-01	3.717672010E-02	1.099629920E+00	9.038669940E+01
N-KZFS5                    0.334000	2.500000	1.474607890E+00	9.861438160E-03	1.935844880E-01	4.454775830E-02	1.265899740E+00	1.064362580E+02
N-KZFS8                    0.334000	2.500000	1.626936510E+00	1.088086300E-02	2.436987600E-01	4.942077530E-02	1.620071410E+00	1.310091630E+02
N-LAF2                     0.350000	2.500000	1.809842270E+00	1.017116220E-02	1.572955500E-01	4.424317650E-02	1.093003700E+00	1.006877480E+02
N-LAF21                    0.334000	2.500000	1.871345290E+00	9.333222800E-03	2.507830100E-01	3.456377620E-02	1.220486390E+00	8.324048660E+01
N-LAF33                    0.320000	2.500000	1.796534170E+00	9.273134930E-03	3.115779030E-01	3.582011810E-02	1.159818630E+00	8.734487120E+01
N-LAF34                    0.310000	2.500000	1.758369580E+00	8.728100260E-03	3.135377850E-01	2.930208320E-02	1.189252310E+00	8.517806440E+01
N-LAF35                    0.310000	2.500000	1.516974360E+00	7.509432030E-03	4.558754640E-01	2.600467150E-02	1.074692420E+00	8.059451590E+01
N-LAF7                     0.365000	2.500000	1.740287640E+00	1.079255800E-02	2.267105540E-01	5.386266390E-02	1.325255480E+00	1.062686650E+02
N-LAK10                    0.350000	2.500000	1.728780170E+00	8.860146350E-03	1.692578250E-01	3.634165090E-02	1.193869560E+00	8.290090690E+01
N-LAK12                    0.320000	2.500000	1.173657040E+00	5.770317970E-03	5.889923980E-01	2.004016780E-02	9.780143940E-01	9.548734820E+01
N-LAK14                    0.310000	2.500000	1.507812120E+00	7.460987270E-03	3.188668290E-01	2.420248340E-02	1.142872130E+00	8.095651650E+01
N-LAK21                    0.320000	2.500000	1.227181160E+00	6.020756820E-03	4.207837430E-01	1.968628890E-02	1.012848430E+00	8.843700990E+01
N-LAK22                    0.280000	2.500000	1.142297810E+00	5.857785940E-03	5.351384410E-01	1.985461470E-02	1.040883850E+00	1.008340170E+02
N-LAK28                    0.350000	2.325000	1.504419860E+00	7.196655920E-03	4.741205610E-01	2.491432270E-02	1.177843540E+00	8.314432100E+01
N-LAK33B                   0.300000	2.500000	1.422886010E+00	6.702834520E-03	5.936613360E-01	2.194162100E-02	1.161352600E+00	8.074077010E+01
N-LAK34                    0.290000	2.500000	1.266614420E+00	5.892780620E-03	6.659193180E-01	1.975090410E-02	1.124961200E+00	7.888941740E+01
N-LAK7                     0.300000	2.500000	1.236798890E+00	6.101055380E-03	4.450518370E-01	2.013883340E-02	1.017458880E+00	9.063803800E+01
N-LAK8                     0.310000	2.500000	1.331831670E+00	6.200238710E-03	5.466232060E-01	2.164654390E-02	1.190840150E+00	8.258277360E+01
N-LAK9                     0.320000	2.500000	1.462319050E+00	7.242701560E-03	3.443995890E-01	2.433531310E-02	1.155083720E+00	8.546868680E+01
N-LASF31A                  0.334000	2.500000	1.964850750E+00	9.820601550E-03	4.752312590E-01	3.447134380E-02	1.483601090E+00	1.107398630E+02
N-LASF40                   0.365000	2.500000	1.985503310E+00	1.095833100E-02	2.740570420E-01	4.745516030E-02	1.289456610E+00	9.690852860E+01
N-LASF41                   0.334000	2.500000	1.863483310E+00	9.103682190E-03	4.133072550E-01	3.392472680E-02	1.357848150E+00	9.335805950E+01
N-LASF43                   0.350000	2.500000	1.935028270E+00	1.040014130E-02	2.366293500E-01	4.475052920E-02	1.262913440E+00	8.743756900E+01
N-LASF44                   0.334000	2.500000	1.788971050E+00	8.725062770E-03	3.867586700E-01	3.080850230E-02	1.305062430E+00	9.277438240E+01
N-LASF45                   0.365000	2.500000	1.871401980E+00	1.121719200E-02	2.677778790E-01	5.051349720E-02	1.730300080E+00	1.471065050E+02
N-LASF46B                  0.370000	2.500000	2.179889220E+00	1.258053840E-02	3.064951840E-01	5.671913670E-02	1.568824370E+00	1.053165380E+02
N-LASF55                   0.365000	2.500000	2.308612280E+00	1.304469950E-02	3.547366380E-01	5.575242210E-02	1.922271250E+00	1.331968690E+02
N-LASF9                    0.370000	2.500000	2.000295470E+00	1.214260170E-02	2.989268860E-01	5.387362360E-02	1.806918430E+00	1.565308290E+02
N-PK51                     0.300000	2.500000	1.156107750E+00	5.855974020E-03	1.532293440E-01	1.940724160E-02	7.856189660E-01	1.405370460E+02
N-PK52A                    0.290000	2.500000	1.029607000E+00	5.168001550E-03	1.880506000E-01	1.666587980E-02	7.364881650E-01	1.389641290E+02
N-PSK3                     0.300000	2.500000	8.872721100E-01	4.698240670E-03	4.895924250E-01	1.618184630E-02	1.048652960E+00	1.043749750E+02
N-PSK53A                   0.320000	2.500000	1.381218360E+00	7.064163370E-03	1.967456450E-01	2.332513450E-02	8.860892050E-01	9.748473450E+01
N-SF1                      0.370000	2.500000	1.608651580E+00	1.196548790E-02	2.377259160E-01	5.905897220E-02	1.515306530E+00	1.355216760E+02
N-SF10                     0.380000	2.500000	1.621539020E+00	1.222414570E-02	2.562878420E-01	5.957367750E-02	1.644475520E+00	1.474687930E+02
N-SF11                     0.370000	2.500000	1.737596950E+00	1.318870700E-02	3.137473460E-01	6.230681420E-02	1.898781010E+00	1.552362900E+02
N-SF14                     0.365000	2.500000	1.690223610E+00	1.305121130E-02	2.888700520E-01	6.136918800E-02	1.704518700E+00	1.495176890E+02
N-SF15                     0.370000	2.500000	1.570556340E+00	1.165070140E-02	2.189870940E-01	5.978568970E-02	1.508240170E+00	1.327093390E+02
N-SF2                      0.365000	2.500000	1.473431270E+00	1.090190980E-02	1.636818490E-01	5.856836870E-02	1.369208990E+00	1.274049330E+02
N-SF4                      0.365000	2.500000	1.677802820E+00	1.267934500E-02	2.828498930E-01	6.020384190E-02	1.635392760E+00	1.457604960E+02
N-SF5                      0.370000	2.500000	1.524818890E+00	1.125475600E-02	1.870855270E-01	5.889953920E-02	1.427290150E+00	1.291416750E+02
N-SF57                     0.370000	2.500000	1.875438310E+00	1.417495180E-02	3.737574900E-01	6.405099270E-02	2.300017970E+00	1.773897950E+02
N-SF57HT                   0.370000	2.500000	1.875438310E+00	1.417495180E-02	3.737574900E-01	6.405099270E-02	2.300017970E+00	1.773897950E+02
N-SF57HTULTRA              0.370000	2.500000	1.875438310E+00	1.417495180E-02	3.737574900E-01	6.405099270E-02	2.300017970E+00	1.773897950E+02
N-SF6                      0.370000	2.500000	1.779317630E+00	1.337141820E-02	3.381498660E-01	6.175336210E-02	2.087344740E+00	1.740175900E+02
N-SF66                     0.390000	2.500000	2.024597600E+00	1.470532250E-02	4.701871960E-01	6.929982760E-02	2.599704330E+00	1.618176010E+02
N-SF6HT                    0.370000	2.500000	1.779317630E+00	1.337141820E-02	3.381498660E-01	6.175336210E-02	2.087344740E+00	1.740175900E+02
N-SF6HTULTRA               0.370000	2.500000	1.779317630E+00	1.337141820E-02	3.381498660E-01	6.175336210E-02	2.087344740E+00	1.740175900E+02
N-SF8                      0.370000	2.500000	1.550758120E+00	1.143383440E-02	2.098169180E-01	5.827256520E-02	1.462054910E+00	1.332416500E+02
N-SK11                     0.300000	2.500000	1.179636310E+00	6.802820810E-03	2.298172950E-01	2.197372050E-02	9.357896520E-01	1.015132320E+02
N-SK14                     0.310000	2.500000	9.361553740E-01	4.617165250E-03	5.940520180E-01	1.688592700E-02	1.043745830E+00	1.037362650E+02
N-SK16                     0.310000	2.500000	1.343177740E+00	7.046873390E-03	2.411443990E-01	2.290050000E-02	9.943179690E-01	9.275085260E+01
N-SK2                      0.310000	2.500000	1.281890120E+00	7.271916400E-03	2.577382580E-01	2.428235270E-02	9.681860400E-01	1.103777730E+02
N-SK2HT                    0.310000	2.500000	1.281890120E+00	7.271916400E-03	2.577382580E-01	2.428235270E-02	9.681860400E-01	1.103777730E+02
N-SK4                      0.334000	2.500000	1.329937410E+00	7.168741070E-03	2.285429960E-01	2.464558920E-02	9.884652110E-01	1.008863640E+02
N-SK5                      0.300000	2.500000	9.914638230E-01	5.227304670E-03	4.959821210E-01	1.727336460E-02	9.873939250E-01	9.835945790E+01
N-SK5HTI                   0.290000	2.500000	9.914638230E-01	5.227304670E-03	4.959821210E-01	1.727336460E-02	9.873939250E-01	9.835945790E+01
N-SSK2                     0.350000	2.500000	1.430602700E+00	8.239829750E-03	1.531505540E-01	3.337368410E-02	1.013909040E+00	1.068708220E+02
N-SSK5                     0.350000	2.500000	1.592226590E+00	9.202846260E-03	1.035207740E-01	4.235300720E-02	1.051740160E+00	1.069273740E+02
N-SSK8                     0.350000	2.500000	1.448578670E+00	8.693101490E-03	1.179659260E-01	4.215665930E-02	1.069375280E+00	1.113006660E+02
N-ZK7A                     0.300000	2.500000	1.075098910E+00	6.766016570E-03	1.688950440E-01	2.306428170E-02	8.605039830E-01	8.904987780E+01
P-BK7                      0.310000	2.500000	1.183185030E+00	7.221419560E-03	8.717564260E-02	2.682168050E-02	1.031337010E+00	1.017023620E+02
P-LAF37                    0.320000	2.500000	1.760032440E+00	9.380063960E-03	2.482867450E-01	3.605374640E-02	1.159351220E+00	8.643246930E+01
P-LAK35                    0.300000	2.500000	1.393242600E+00	7.159596950E-03	4.188827660E-01	2.336374460E-02	1.043807000E+00	8.832844260E+01
P-LASF47                   0.334000	2.500000	1.855431010E+00	1.003282030E-02	3.158546490E-01	3.870951680E-02	1.285618390E+00	9.454215070E+01
P-LASF50                   0.334000	2.500000	1.849105530E+00	9.992347570E-03	3.298286740E-01	3.874379880E-02	1.304009010E+00	9.589676810E+01
P-LASF51                   0.334000	2.500000	1.845688060E+00	9.884955710E-03	3.390016000E-01	3.780974020E-02	1.324189210E+00	9.784154300E+01
P-SF68                     0.420000	2.500000	2.333006700E+00	1.688384190E-02	4.529613960E-01	7.160863250E-02	1.251723390E+00	1.187074790E+02
P-SF69                     0.365000	2.500000	1.625946470E+00	1.216966770E-02	2.359276090E-01	6.007104050E-02	1.674346230E+00	1.456519080E+02
P-SF8                      0.365000	2.500000	1.553704110E+00	1.165826700E-02	2.063325610E-01	5.820877570E-02	1.397088310E+00	1.307480280E+02
P-SK57                     0.320000	2.500000	1.310534140E+00	7.408772350E-03	1.693761890E-01	2.545634890E-02	1.109877140E+00	1.077510870E+02
P-SK57Q1                   0.310000	2.500000	1.305364830E+00	7.364088310E-03	1.714343280E-01	2.557860470E-02	1.101172190E+00	1.067260600E+02
P-SK58A                    0.320000	2.500000	1.316784100E+00	7.207174980E-03	1.711547560E-01	2.456595950E-02	1.125014730E+00	1.027397280E+02
P-SK60                     0.300000	2.500000	1.407904420E+00	7.843823780E-03	1.433814170E-01	2.877693650E-02	1.165139470E+00	1.053733970E+02
SF1                        0.350000	2.500000	1.559129230E+00	1.214810010E-02	2.842462880E-01	5.345490420E-02	9.688429260E-01	1.121748090E+02
SF10                       0.380000	2.500000	1.616259770E+00	1.275345590E-02	2.592293340E-01	5.819839540E-02	1.077623170E+00	1.166076800E+02
SF11                       0.390000	2.500000	1.738484030E+00	1.360686040E-02	3.111689740E-01	6.159604630E-02	1.174908710E+00	1.219227110E+02
SF2                        0.350000	2.500000	1.403018210E+00	1.057954660E-02	2.317675040E-01	4.932269780E-02	9.390565860E-01	1.124059550E+02
SF3                        0.365000	2.325000	1.572305420E+00	1.203821830E-02	3.396611490E-01	5.316035830E-02	1.035937120E+00	1.200053810E+02
SF4                        0.365000	2.500000	1.619578260E+00	1.255021040E-02	3.394931890E-01	5.445598220E-02	1.025669310E+00	1.176522220E+02
SF5                        0.350000	2.500000	1.461418850E+00	1.118261260E-02	2.477130190E-01	5.085946690E-02	9.499958320E-01	1.120418880E+02
SF56A                      0.370000	2.500000	1.705792590E+00	1.338746990E-02	3.442230520E-01	5.795616080E-02	1.096018280E+00	1.216160240E+02
SF57                       0.370000	2.500000	1.816513710E+00	1.437041980E-02	4.288936410E-01	5.928011720E-02	1.071862780E+00	1.214199420E+02
SF57HTULTRA                0.370000	2.500000	1.816513710E+00	1.437041980E-02	4.288936410E-01	5.928011720E-02	1.071862780E+00	1.214199420E+02
SF6                        0.365000	2.500000	1.724484820E+00	1.348719470E-02	3.901048890E-01	5.693180950E-02	1.045728580E+00	1.185571850E+02
SF6G05                     0.460000	2.500000	1.621139420E+00	1.134789920E-02	5.065860920E-01	5.358402230E-02	1.040322980E+01	1.118836580E+03
SF6HT                      0.365000	2.500000	1.724484820E+00	1.348719470E-02	3.901048890E-01	5.693180950E-02	1.045728580E+00	1.185571850E+02
REALVIEW_1.9_LIGHTWEIGHT   0.380000	2.500000	1.990852410E+00	1.480939070E-02	5.026238660E-01	6.489627680E-02	2.896720100E+00	2.014940960E+02
REALVIEW_2.0               0.365000	2.500000	2.410007820E+00	1.335802130E-02	4.206352560E-01	5.605132530E-02	2.038507260E+00	1.380843100E+02
FK3                        0.300000	2.500000	9.733466270E-01	6.407954690E-03	1.466422310E-01	2.056529300E-02	6.793042250E-01	8.049653890E+01
N-BAF3                     0.365000	2.500000	1.348596340E+00	8.714929320E-03	1.076442400E-01	4.784064360E-02	1.132070840E+00	1.129361160E+02
BAFN6                      0.350000	2.325000	1.367192010E+00	8.828207040E-03	1.090799400E-01	4.387316460E-02	1.021080110E+00	1.135860200E+02
N-KZFS4HT                  0.320000	2.500000	1.350554240E+00	8.762820700E-03	1.975755060E-01	3.717672010E-02	1.099629920E+00	9.038669940E+01
N-PSK53                    0.310000	2.500000	1.343408700E+00	6.750743170E-03	2.414179350E-01	2.199105130E-02	9.528968970E-01	1.035514570E+02
N-SK10                     0.334000	2.500000	1.349720930E+00	7.362722690E-03	2.385879730E-01	2.537653270E-02	9.667336000E-01	1.035029090E+02
N-SK15                     0.334000	2.500000	1.304177860E+00	6.950512760E-03	2.858411600E-01	2.320237030E-02	9.747815720E-01	9.901688400E+01
KZFSN5                     0.350000	2.500000	1.477278580E+00	9.754883350E-03	1.916869410E-01	4.504954040E-02	8.973336080E-01	6.787864950E+01
N-SF19                     0.370000	2.500000	1.520054440E+00	1.096144000E-02	1.757394700E-01	5.932484860E-02	1.436234240E+00	1.267951510E+02
KZFS12                     0.350000	2.500000	1.556248730E+00	1.020127440E-02	2.397692760E-01	4.692779690E-02	9.478876580E-01	6.983707220E+01
N-SF64                     0.370000	2.500000	1.591637620E+00	1.186234340E-02	2.199084280E-01	5.945854990E-02	1.469293150E+00	1.333107620E+02
N-LAF3                     0.350000	2.500000	1.731558540E+00	9.538339140E-03	1.508744550E-01	4.078872110E-02	1.065865960E+00	9.807585450E+01
N-LAK33A                   0.320000	2.500000	1.441169990E+00	6.809338770E-03	5.717495010E-01	2.222918240E-02	1.166052260E+00	8.093795550E+01
N-SF56                     0.380000	2.500000	1.735620850E+00	1.296247420E-02	3.174870120E-01	6.128842880E-02	1.953982030E+00	1.615594410E+02
N-LAF36                    0.350000	2.500000	1.857442280E+00	9.823971910E-03	2.940987290E-01	3.843091380E-02	1.166154170E+00	8.939846340E+01
N-LASF45HT                 0.350000	2.500000	1.871401980E+00	1.121719200E-02	2.677778790E-01	5.051349720E-02	1.730300080E+00	1.471065050E+02
SFL6                       0.370000	2.325000	1.789220560E+00	1.351635370E-02	3.284274480E-01	6.227295990E-02	2.016394410E+00	1.680147130E+02
SFL57                      0.390000	2.500000	1.887423260E+00	1.459393410E-02	3.605340250E-01	6.481989460E-02	2.261893130E+00	1.760622110E+02
SF57HT                     0.370000	2.500000	1.816513710E+00	1.437041980E-02	4.288936410E-01	5.928011720E-02	1.071862780E+00	1.214199420E+02
N-LASF9HT                  0.350000	2.500000	2.000295470E+00	1.214260170E-02	2.989268860E-01	5.387362360E-02	1.806918430E+00	1.565308290E+02
N-LASF46A                  0.365000	2.500000	2.167015660E+00	1.235955240E-02	3.198127610E-01	5.606102820E-02	1.660044860E+00	1.070477180E+02
N-ZK7                      0.300000	2.500000	1.077150320E+00	6.766016570E-03	1.680791090E-01	2.306428170E-02	8.518898920E-01	8.904987780E+01
K7                         0.310000	2.500000	1.127355500E+00	7.203417070E-03	1.244123030E-01	2.698359160E-02	8.271005310E-01	1.003845880E+02
AF32ECO                    0.310000	2.325000	1.113329550E+00	7.074939770E-03	1.415272820E-01	2.253586370E-02	8.607431470E-01	9.015526520E+01
BAF13                      0.334000	2.325000	1.570685900E+00	9.393774870E-03	1.512951520E-01	4.494798660E-02	1.076380260E+00	1.139341260E+02
BAF3                       0.334000	2.325000	1.320642670E+00	8.877987150E-03	1.335726830E-01	4.202903460E-02	8.855218210E-01	1.117291670E+02
BAF4                       0.334000	2.500000	1.374925900E+00	9.295543430E-03	1.463545000E-01	4.404266540E-02	9.126433590E-01	1.166078990E+02
BAF50                      0.334000	2.325000	1.630071750E+00	1.009827350E-02	1.351692890E-01	4.545801370E-02	1.153297340E+00	1.214352510E+02
BAF51                      0.334000	2.325000	1.532304210E+00	9.682696790E-03	1.361991710E-01	4.482755980E-02	1.122868500E+00	1.237758790E+02
BAF52                      0.334000	2.325000	1.416321420E+00	9.287831440E-03	1.173311900E-01	4.499101500E-02	9.341147820E-01	1.141255610E+02
BAF8                       0.334000	2.325000	1.449671570E+00	9.190529110E-03	1.316006770E-01	4.257301080E-02	9.392245130E-01	1.121539630E+02
BAF9                       0.334000	2.325000	1.510187710E+00	9.180953010E-03	1.336368070E-01	4.164496000E-02	9.539939480E-01	1.080487650E+02
BAFN10                     0.334000	2.325000	1.604772890E+00	9.470216170E-03	1.237624680E-01	4.516397920E-02	1.072705200E+00	1.085394270E+02
BAFN11                     0.334000	2.325000	1.602552170E+00	9.388123470E-03	1.169188870E-01	4.404753440E-02	1.028611260E+00	1.045331330E+02
BAK1                       0.290000	2.500000	1.123656620E+00	6.447427520E-03	3.092768480E-01	2.222844020E-02	8.815119570E-01	1.072977510E+02
BAK2                       0.280000	2.500000	1.016621540E+00	5.923837630E-03	3.199030510E-01	2.038284150E-02	9.372329950E-01	1.131184170E+02
BAK4                       0.310000	2.500000	1.229655260E+00	7.235532300E-03	1.915129780E-01	2.777710170E-02	9.568897920E-01	1.096872610E+02
BAK5                       0.334000	2.325000	1.029751080E+00	5.847321120E-03	3.562586900E-01	2.047742000E-02	9.560571900E-01	1.152404740E+02
BAK50                      0.334000	2.325000	9.501050820E-01	5.203569780E-03	4.693790070E-01	1.878886440E-02	9.214159070E-01	9.840796690E+01
BALF4                      0.334000	2.325000	1.293759810E+00	7.802282510E-03	1.581385720E-01	3.213490480E-02	9.474427730E-01	1.091586570E+02
BALF5                      0.320000	2.325000	1.237510180E+00	8.081130000E-03	1.167575840E-01	3.498683720E-02	8.530862550E-01	1.103141850E+02
BALF50                     0.334000	2.325000	1.373800530E+00	8.719509070E-03	1.047411490E-01	3.971528270E-02	1.009092960E+00	1.144620810E+02
BALKN3                     0.310000	2.325000	1.116316800E+00	6.841098420E-03	1.572605910E-01	2.570487620E-02	9.140297100E-01	1.059191880E+02
BASF1                      0.334000	2.325000	1.400456400E+00	9.898996630E-03	1.768685900E-01	4.742953590E-02	9.246774410E-01	1.159464830E+02
BASF10                     0.334000	2.325000	1.475526330E+00	1.014932870E-02	1.771206460E-01	4.775783800E-02	9.425021770E-01	1.187263320E+02
BASF12                     0.334000	2.325000	1.547018900E+00	1.028377190E-02	1.689420590E-01	4.969496200E-02	9.747563330E-01	1.111732960E+02
BASF13                     0.334000	2.325000	1.611519950E+00	1.007549280E-02	1.926527920E-01	5.007186410E-02	1.090874670E+00	1.104028480E+02
BASF2                      0.365000	2.325000	1.478863680E+00	1.043040760E-02	2.128045380E-01	4.941537510E-02	9.966106090E-01	1.205706130E+02
BASF51                     0.365000	2.235000	1.675074960E+00	1.056670600E-02	2.128221090E-01	4.766646440E-02	9.665572630E-01	9.203885720E+01
BASF52                     0.334000	2.325000	1.638722810E+00	9.932389760E-03	1.845892660E-01	4.628932890E-02	1.007473470E+00	8.161637990E+01
BASF54                     0.334000	2.325000	1.648039100E+00	1.117599170E-02	2.661701610E-01	5.333215650E-02	1.154201310E+00	1.194950980E+02
BASF56                     0.334000	2.325000	1.468915400E+00	1.032594260E-02	2.015285000E-01	4.891139950E-02	9.605062920E-01	1.164572110E+02
BASF57                     0.334000	2.325000	1.471608420E+00	9.154355750E-03	1.907464360E-01	4.447712910E-02	1.047590460E+00	1.105632530E+02
BASF6                      0.334000	2.325000	1.545394560E+00	9.718094890E-03	1.675164830E-01	4.663502630E-02	1.063959780E+00	1.184206190E+02
BASF64A                    0.334000	2.325000	1.655542680E+00	1.044856440E-02	1.713197700E-01	4.993947560E-02	1.336644480E+00	1.189614720E+02
BK1                        0.334000	2.325000	1.042505410E+00	6.165689850E-03	2.083803130E-01	2.121528310E-02	9.801482000E-01	1.090609110E+02
BK10                       0.300000	1.060000	8.883081310E-01	5.169008220E-03	3.289644750E-01	1.611900450E-02	9.846107690E-01	9.975753310E+01
BK3                        0.334000	2.325000	1.005826550E+00	6.174161360E-03	2.120964200E-01	1.877926310E-02	8.982908850E-01	8.887349500E+01
BK6                        0.334000	2.325000	1.002819440E+00	5.747158920E-03	3.095684550E-01	1.920456550E-02	1.018406060E+00	1.087608080E+02
BK7                        0.310000	2.325000	1.039612120E+00	6.000698670E-03	2.317923440E-01	2.001791440E-02	1.010469450E+00	1.035606530E+02
BK7HT                      0.334000	2.325000	1.038257030E+00	6.000698670E-03	2.317455980E-01	2.001791440E-02	1.009145450E+00	1.035606530E+02
BK8                        0.334000	2.325000	1.054985720E+00	6.209523640E-03	2.258254570E-01	2.015929140E-02	1.005188410E+00	1.062198810E+02
D263TECO                   0.334000	2.325000	1.237957550E+00	8.630809260E-03	4.664688880E-02	4.690745010E-02	2.467005560E+00	2.641462960E+02
F1                         0.334000	2.325000	1.361921230E+00	1.020492250E-02	2.091628310E-01	4.802904440E-02	9.072766810E-01	1.092119190E+02
F13                        0.334000	2.325000	1.353165450E+00	1.008205590E-02	2.077568170E-01	4.771324660E-02	9.021604920E-01	1.094268100E+02
F14                        0.334000	2.325000	1.319498460E+00	9.804751930E-03	1.811069990E-01	4.653309970E-02	9.218501820E-01	1.098553290E+02
F14HT                      0.334000	2.325000	1.330626400E+00	1.000016050E-02	1.699699310E-01	4.741327170E-02	9.190930810E-01	1.096723700E+02
F15                        0.334000	2.325000	1.310315270E+00	9.540348900E-03	2.026368840E-01	4.558070510E-02	9.200492220E-01	1.098647110E+02
F3                         0.334000	2.325000	1.327973220E+00	9.771028020E-03	2.058628330E-01	4.636063290E-02	9.043361260E-01	1.078637390E+02
F4                         0.320000	2.500000	1.339058250E+00	9.922201140E-03	2.052243180E-01	4.700009180E-02	8.978597580E-01	1.079367500E+02
F6                         0.334000	2.325000	1.386400430E+00	1.031198480E-02	2.163174680E-01	4.823919220E-02	9.202427860E-01	1.110294250E+02
F7                         0.334000	2.325000	1.359189540E+00	1.017963540E-02	2.098874710E-01	4.836055480E-02	8.814057710E-01	1.103872890E+02
F8                         0.334000	2.325000	1.311724660E+00	9.651779180E-03	1.724802740E-01	4.617121610E-02	8.401592090E-01	1.000467950E+02
F8HT                       0.334000	2.325000	1.311724660E+00	9.651779180E-03	1.724802740E-01	4.617121610E-02	8.401592090E-01	1.000467950E+02
F9                         0.334000	2.325000	1.372983830E+00	9.709067640E-03	1.863443730E-01	4.779521490E-02	9.968471100E-01	1.099024410E+02
FK5                        0.270000	2.500000	8.443093380E-01	4.751119550E-03	3.441478240E-01	1.498148490E-02	9.107902130E-01	9.786002930E+01
FK51                       0.280000	2.500000	9.712478170E-01	4.723019950E-03	2.169014170E-01	1.535756120E-02	9.046516660E-01	1.686813300E+02
FK52                       0.334000	2.325000	1.015711140E+00	5.158849490E-03	1.699984310E-01	1.733807880E-02	8.051585320E-01	1.586033080E+02
FK54                       0.334000	2.325000	7.453204160E-01	3.581715630E-03	3.023301010E-01	1.228847730E-02	1.018850000E+00	2.130174500E+02
FN11                       0.334000	2.325000	1.415729260E+00	1.037497310E-02	1.433342270E-01	5.688035940E-02	1.272992520E+00	1.196644910E+02
K11                        0.334000	2.325000	1.162496420E+00	7.532700340E-03	5.826135270E-02	3.590844640E-02	9.052039860E-01	1.024046120E+02
K3                         0.334000	2.325000	1.089993580E+00	6.702335590E-03	1.818500150E-01	2.542325650E-02	9.364786930E-01	1.134863210E+02
K4                         0.334000	2.325000	1.189094860E+00	7.893966420E-03	8.413592140E-02	3.392189950E-02	9.302198220E-01	1.070494950E+02
K5                         0.320000	2.325000	1.085118330E+00	6.610995030E-03	1.995620050E-01	2.411086600E-02	9.305116630E-01	1.119827770E+02
K50                        0.334000	2.325000	1.018878660E+00	5.948713250E-03	2.668226030E-01	2.151667770E-02	9.066719620E-01	1.021403370E+02
K5HT                       0.334000	2.325000	1.050123730E+00	6.291312540E-03	2.344967300E-01	2.286482390E-02	9.126916160E-01	1.096245340E+02
K7HT                       0.334000	2.325000	1.101081400E+00	6.875506370E-03	1.508696720E-01	2.565817760E-02	9.028366170E-01	1.085181990E+02
KF3                        0.334000	2.325000	1.156151780E+00	7.892648150E-03	1.021167590E-01	3.450764960E-02	9.271645750E-01	1.135310690E+02
KF6                        0.334000	2.325000	1.170068930E+00	8.149924220E-03	9.505097470E-02	3.882168170E-02	9.074091250E-01	1.088822990E+02
KF9                        0.334000	2.325000	1.164218670E+00	7.879542280E-03	1.180074010E-01	3.725204950E-02	9.230548850E-01	1.099248340E+02
KZFN1                      0.334000	2.325000	1.199499420E+00	7.677042890E-03	1.638917730E-01	3.528980560E-02	8.904120490E-01	9.433665020E+01
KZFN2                      0.334000	2.325000	1.123373040E+00	7.128465610E-03	1.776176930E-01	3.172912010E-02	8.492130440E-01	8.496567130E+01
KZFS1                      0.334000	2.325000	1.366180480E+00	8.731650630E-03	1.820490280E-01	3.898340960E-02	8.643146090E-01	6.293924430E+01
KZFS6                      0.334000	2.325000	1.351635640E+00	8.496531730E-03	1.357597940E-01	3.883572300E-02	8.444900020E-01	6.727733710E+01
KZFS7A                     0.334000	2.325000	1.539162930E+00	1.026624600E-02	2.096187590E-01	4.711049460E-02	9.361713290E-01	7.169793270E+01
KZFS8                      0.334000	2.325000	1.602992100E+00	1.065846220E-02	2.675723770E-01	4.762031790E-02	9.760914680E-01	7.643257280E+01
KZFSN2                     0.334000	1.060000	1.261697050E+00	7.674200450E-03	1.288811910E-01	3.301296270E-02	8.985212140E-01	7.082711390E+01
KZFSN4                     0.310000	2.500000	1.379942180E+00	8.911596990E-03	1.684967080E-01	4.053340700E-02	8.748857260E-01	6.966282370E+01
KZFSN9                     0.334000	2.325000	1.354570040E+00	8.585267680E-03	1.513460350E-01	3.905693250E-02	8.803344000E-01	6.968892900E+01
LAF11A                     0.334000	2.325000	1.668908170E+00	1.138698980E-02	3.119634710E-01	5.003110480E-02	9.768387850E-01	8.732472660E+01
LAF13                      0.334000	2.325000	1.811395310E+00	1.065883760E-02	2.486088250E-01	4.670891640E-02	1.107538820E+00	9.168578050E+01
LAF2                       0.334000	2.325000	1.753022820E+00	9.572432960E-03	2.139789970E-01	4.027874590E-02	1.099394440E+00	1.025332590E+02
LAF20                      0.334000	2.325000	1.651071690E+00	9.705023200E-03	1.184749340E-01	4.289274770E-02	1.115487290E+00	1.140576000E+02
LAF22A                     0.334000	2.500000	1.859850460E+00	1.098331450E-02	2.199211740E-01	5.080167710E-02	1.341411190E+00	1.145555420E+02
LAF3                       0.334000	2.500000	1.731558540E+00	9.538339140E-03	1.508744550E-01	4.078872110E-02	1.065865960E+00	9.807585450E+01
LAF9                       0.334000	2.325000	1.753039760E+00	1.252495950E-02	3.421457630E-01	5.472280470E-02	1.042431340E+00	1.043262620E+02
LAFN10                     0.334000	2.325000	1.871996580E+00	9.671156900E-03	2.323992120E-01	4.062659810E-02	1.294538720E+00	8.716294250E+01
LAFN21                     0.334000	2.500000	1.882983470E+00	9.360297440E-03	2.402146680E-01	3.540263710E-02	1.235376230E+00	8.439199340E+01
LAFN23                     0.334000	2.325000	1.652631490E+00	9.311431240E-03	1.397457680E-01	3.911674970E-02	9.387343340E-01	9.823886150E+01
LAFN24                     0.334000	2.325000	1.709603580E+00	8.362515920E-03	3.087126720E-01	3.248247130E-02	1.247640010E+00	8.480774630E+01
LAFN28                     0.334000	2.325000	1.758825490E+00	8.728100260E-03	3.151976700E-01	2.930208320E-02	1.190296750E+00	8.517806440E+01
LAFN8                      0.334000	2.325000	1.753460530E+00	1.025148720E-02	1.798539720E-01	4.662251110E-02	1.030728630E+00	8.610102980E+01
LAK10                      0.334000	2.500000	1.674829750E+00	8.493247580E-03	2.226688280E-01	3.304631410E-02	1.139565360E+00	8.043725530E+01
LAK11                      0.334000	2.325000	1.050882190E+00	4.828224300E-03	6.514910840E-01	1.839615390E-02	1.032863440E+00	8.984161330E+01
LAK16A                     0.310000	2.500000	1.576078850E+00	7.780798360E-03	3.676498020E-01	2.593159600E-02	1.164903340E+00	8.237231980E+01
LAK21                      0.334000	2.325000	1.227181160E+00	6.020756820E-03	4.207837430E-01	1.968628890E-02	1.012848430E+00	8.843700990E+01
LAK23                      0.334000	2.325000	1.127432790E+00	5.258345090E-03	6.087445600E-01	1.891388340E-02	9.986348840E-01	8.754680540E+01
LAK28                      0.334000	2.325000	1.504419860E+00	7.196655920E-03	4.741205610E-01	2.491432270E-02	1.177843540E+00	8.314432100E+01
LAK31                      0.334000	2.325000	1.418247150E+00	6.791146750E-03	4.094041030E-01	2.192849100E-02	1.154324870E+00	8.039805280E+01
LAK33                      0.334000	2.325000	1.457968690E+00	6.805452800E-03	5.554039360E-01	2.252532830E-02	1.199387940E+00	8.275433270E+01
LAK8                       0.320000	2.325000	1.331831670E+00	6.200238710E-03	5.466232060E-01	2.164654390E-02	1.190840150E+00	8.258277360E+01
LAK9                       0.320000	2.325000	1.462319050E+00	7.242701560E-03	3.443995890E-01	2.433531310E-02	1.155083720E+00	8.546868680E+01
LAKL12                     0.320000	2.500000	1.281153890E+00	6.364398210E-03	4.826076070E-01	2.137642620E-02	1.165535380E+00	9.327715320E+01
LAKL21                     0.334000	2.325000	1.298543760E+00	6.280436100E-03	3.505218970E-01	2.108426880E-02	1.170898290E+00	8.542047790E+01
LAKN12                     0.334000	2.325000	1.173657040E+00	5.770317970E-03	5.889923980E-01	2.004016780E-02	9.780143940E-01	9.548734820E+01
LAKN13                     0.334000	2.235000	1.257923730E+00	6.214947100E-03	5.534028610E-01	2.168098530E-02	1.063357420E+00	1.044940990E+02
LAKN14                     0.310000	2.500000	1.507812120E+00	7.460987270E-03	3.188668290E-01	2.420248340E-02	1.142872130E+00	8.095651650E+01
LAKN22                     0.300000	2.500000	1.142297810E+00	5.857785940E-03	5.351384410E-01	1.985461470E-02	1.040883850E+00	1.008340170E+02
LAKN6                      0.334000	2.325000	1.154773180E+00	5.832575970E-03	4.970492170E-01	1.946139610E-02	1.005535880E+00	9.786676980E+01
LAKN7                      0.334000	2.325000	1.236798890E+00	6.101055380E-03	4.450518370E-01	2.013883340E-02	1.017458880E+00	9.063803800E+01
LASF14A                    0.334000	2.325000	1.965569580E+00	1.071418960E-02	2.550687600E-01	4.902959240E-02	1.412436930E+00	9.223992340E+01
LASF18A                    0.334000	2.325000	2.193366040E+00	1.219308640E-02	3.325904740E-01	5.325199890E-02	1.698498590E+00	1.068531000E+02
LASF3                      0.334000	2.325000	1.959043080E+00	1.043467040E-02	2.198006340E-01	4.655041110E-02	1.334641050E+00	8.790584570E+01
LASF32                     0.334000	2.500000	1.840909950E+00	1.200909750E-02	2.930728290E-01	5.607339220E-02	2.012918060E+00	1.522786540E+02
LASF33                     0.334000	2.325000	1.904772270E+00	1.177565400E-02	2.483741500E-01	5.280825140E-02	1.181089950E+00	1.081547370E+02
LASF36A                    0.334000	2.325000	1.868704180E+00	1.126601960E-02	2.573352920E-01	5.099721230E-02	1.746215210E+00	1.491254710E+02
LASFN15                    0.334000	2.325000	2.088949740E+00	1.090128310E-02	3.277761520E-01	4.350079300E-02	1.521287280E+00	1.011838810E+02
LASFN30                    0.334000	2.325000	1.783010850E+00	8.725062770E-03	3.889683590E-01	3.080850230E-02	1.301504400E+00	9.277438240E+01
LASFN31                    0.334000	2.500000	1.713171980E+00	8.191722280E-03	7.185751090E-01	2.978017040E-02	1.723324700E+00	1.384613130E+02
LASFN9                     0.365000	2.500000	1.978881940E+00	1.185372660E-02	3.204352980E-01	5.273817700E-02	1.929007510E+00	1.662565400E+02
LF5G15                     0.380000	2.500000	1.288873310E+00	9.200156600E-03	1.628188110E-01	4.569543080E-02	1.055797920E+01	1.275440150E+03
LF5HT                      0.334000	2.325000	1.299208820E+00	9.643691950E-03	1.448031280E-01	4.649292680E-02	8.963413980E-01	1.110141910E+02
LF6HT                      0.334000	2.325000	1.252604590E+00	8.923821490E-03	1.515537170E-01	4.374458900E-02	1.200856770E+01	1.432647110E+03
LF7                        0.334000	1.060000	1.268797310E+00	9.195539250E-03	1.566970510E-01	4.472567640E-02	8.876763010E-01	1.068203610E+02
LF8                        0.334000	2.325000	1.266278300E+00	9.158099210E-03	1.300980330E-01	4.476142190E-02	8.673515790E-01	1.070132430E+02
LITHOSIL-Q                 0.250000	2.500000	6.707108100E-01	4.491923120E-03	4.333228570E-01	1.328129760E-02	8.773790570E-01	9.588998780E+01
LITHOTEC-CAF2              0.250000	2.500000	6.176170110E-01	2.753819360E-03	4.211176560E-01	1.059008750E-02	3.797111830E+00	1.182674440E+03
LLF1HT                     0.334000	2.325000	1.233269220E+00	8.853968120E-03	1.169238390E-01	4.368751550E-02	8.626453790E-01	1.049921680E+02
LLF2                       0.334000	2.325000	1.216987850E+00	8.671877000E-03	1.124441320E-01	4.269218680E-02	8.393322160E-01	1.023326540E+02
LLF6                       0.310000	2.325000	1.200666840E+00	8.516108320E-03	1.036890500E-01	4.188051130E-02	9.547393810E-01	1.149897380E+02
LLF6HT                     0.334000	2.325000	1.200733410E+00	8.488794130E-03	1.038549470E-01	4.162370470E-02	8.769578260E-01	1.057830270E+02
LLF7                       0.334000	2.325000	1.229247010E+00	8.860697070E-03	1.225658190E-01	4.330835640E-02	8.888508020E-01	1.062160610E+02
N-FK51                     0.290000	2.500000	9.712478170E-01	4.723019950E-03	2.169014170E-01	1.535756120E-02	9.046516660E-01	1.686813300E+02
N-FK56                     0.312000	2.235000	9.119571710E-01	4.509334890E-03	1.285804170E-01	1.535159630E-02	9.831461620E-01	2.239611260E+02
N-LAF32                    0.350000	2.500000	1.917311060E+00	9.786003580E-03	2.240198250E-01	3.861414730E-02	1.220870750E+00	8.464312650E+01
N-LAK33                    0.334000	2.235000	1.457968690E+00	6.805452800E-03	5.554039360E-01	2.252532830E-02	1.199387940E+00	8.275433270E+01
N-LASF31                   0.320000	2.500000	1.713171980E+00	8.191722280E-03	7.185751090E-01	2.978017040E-02	1.723324700E+00	1.384613130E+02
N-LASF46                   0.380000	2.500000	2.180736780E+00	1.256421180E-02	2.989786560E-01	5.646999900E-02	1.621900460E+00	1.056628190E+02
N-LF5                      0.365000	1.060000	1.332726610E+00	9.715261760E-03	1.122846290E-01	5.344562650E-02	1.102026410E+00	1.186516870E+02
N-LLF1                     0.405000	1.060000	1.276180300E+00	9.112159600E-03	7.502853030E-02	5.468007200E-02	9.422124080E-01	1.023295480E+02
N-LLF6                     0.365000	2.235000	1.229323760E+00	8.777764510E-03	7.551740620E-02	4.804293290E-02	9.888398370E-01	1.121360980E+02
N-PK52                     0.334000	2.235000	1.008144810E+00	5.019677690E-03	2.094353660E-01	1.624768090E-02	7.816864240E-01	1.523893060E+02
N-PSK57                    0.334000	2.235000	9.885114140E-01	4.783976800E-03	5.108552610E-01	1.580202890E-02	7.588371220E-01	1.297092220E+02
N-PSK58                    0.334000	2.235000	1.112451490E+00	5.559046220E-03	3.166193110E-01	1.727422540E-02	6.989107070E-01	1.226108240E+02
N-SK18                     0.334000	2.235000	1.538570040E+00	8.632014860E-03	9.859341310E-02	3.671564640E-02	1.023095280E+00	1.001184410E+02
P-PK53                     0.320000	2.500000	9.603167670E-01	5.310329860E-03	3.404372270E-01	1.750734340E-02	7.778655950E-01	1.068753300E+02
P-SF67                     0.390000	2.500000	1.974642250E+00	1.457723240E-02	4.670959210E-01	6.697903590E-02	2.431542090E+00	1.574448950E+02
PK1                        0.334000	2.325000	9.337732170E-01	5.436855640E-03	3.007760390E-01	1.665324030E-02	9.376011950E-01	9.616826280E+01
PK2                        0.310000	2.325000	1.209219930E+00	7.339750470E-03	6.688733310E-02	2.864959170E-02	1.018181250E+00	1.018529180E+02
PK3                        0.334000	2.325000	1.149661860E+00	6.701362540E-03	1.475455530E-01	2.272762250E-02	1.030518680E+00	1.031519530E+02
PK50                       0.320000	2.325000	1.207262930E+00	6.835025780E-03	7.744847210E-02	2.527552590E-02	7.705523790E-01	8.417070630E+01
PK51A                      0.300000	2.500000	1.156107750E+00	5.855974020E-03	1.532293440E-01	1.940724160E-02	7.856189660E-01	1.405370460E+02
PSK2                       0.310000	2.325000	1.179760820E+00	6.479879520E-03	2.466865810E-01	2.040666570E-02	9.894569450E-01	9.526246550E+01
PSK3                       0.310000	2.325000	8.872721100E-01	4.698240670E-03	4.895924250E-01	1.618184630E-02	1.048652960E+00	1.043749750E+02
PSK50                      0.334000	2.325000	1.322034880E+00	7.278645470E-03	7.230812730E-02	2.799216730E-02	8.669995570E-01	9.106430230E+01
PSK52                      0.334000	2.325000	1.236511550E+00	6.275785650E-03	2.965545530E-01	1.903409620E-02	9.389960440E-01	9.765908820E+01
PSK53A                     0.320000	1.060000	1.343408700E+00	6.750743170E-03	2.414179350E-01	2.199105130E-02	9.528968970E-01	1.035514570E+02
PSK54                      0.320000	2.325000	1.315332780E+00	7.191441170E-03	1.630473690E-01	2.298365380E-02	6.914947700E-01	9.118478200E+01
SF12                       0.334000	2.325000	1.398673480E+00	1.034156460E-02	2.384037620E-01	4.926969130E-02	1.036044660E+00	1.183277820E+02
SF13                       0.334000	2.325000	1.655825080E+00	1.316764460E-02	2.574232970E-01	6.043280220E-02	1.092169310E+00	1.163224680E+02
SF14                       0.390000	2.500000	1.691825380E+00	1.331515420E-02	2.859199340E-01	6.126474450E-02	1.125951450E+00	1.184052420E+02
SF15                       0.370000	2.500000	1.539259270E+00	1.193079610E-02	2.476209260E-01	5.560775360E-02	1.038164090E+00	1.164167470E+02
SF16                       0.334000	2.325000	1.408071780E+00	1.067397700E-02	2.222384250E-01	4.966469200E-02	9.271223360E-01	1.109003300E+02
SF18                       0.334000	2.325000	1.564414360E+00	1.218639350E-02	2.914135800E-01	5.355679660E-02	9.603078880E-01	1.114512010E+02
SF19                       0.334000	2.325000	1.454959780E+00	1.095327170E-02	2.378381430E-01	5.052305830E-02	9.585861390E-01	1.097702390E+02
SF53                       0.334000	2.325000	1.569735340E+00	1.208519050E-02	3.063660170E-01	5.416940510E-02	1.030214290E+00	1.173537330E+02
SF54                       0.334000	2.325000	1.603717920E+00	1.242637830E-02	3.107405540E-01	5.518963820E-02	1.030536040E+00	1.157620580E+02
SF55                       0.334000	2.325000	1.646812400E+00	1.287312960E-02	3.315401640E-01	5.648181240E-02	1.024657690E+00	1.162709920E+02
SF57HHT                    0.370000	2.500000	1.875438310E+00	1.417495180E-02	3.737574900E-01	6.405099270E-02	2.300017970E+00	1.773897950E+02
SF58                       0.334000	2.325000	1.921843320E+00	1.492626040E-02	5.521919370E-01	6.141392520E-02	1.116435020E+00	1.234503670E+02
SF59                       0.334000	2.325000	2.057758240E+00	1.677995990E-02	5.286446610E-01	6.553358040E-02	1.000435740E+00	1.100025490E+02
SF63                       0.334000	2.325000	1.621744060E+00	1.260142630E-02	3.159658260E-01	5.572757980E-02	1.032489280E+00	1.164781830E+02
SF64A                      0.334000	2.325000	1.600883140E+00	1.201574970E-02	2.106652580E-01	6.016457450E-02	1.501143730E+00	1.362564490E+02
SF66                       0.390000	2.500000	2.078422330E+00	1.808751340E-02	4.071200320E-01	6.794935720E-02	1.767112920E+00	2.152661270E+02
SF8                        0.334000	2.500000	1.495144460E+00	1.149902010E-02	2.625296870E-01	5.171701560E-02	9.695675970E-01	1.134586410E+02
SF9                        0.334000	2.325000	1.413738750E+00	1.056423790E-02	2.418359030E-01	4.901264310E-02	1.012922780E+00	1.178843620E+02
SFL4                       0.334000	1.060000	1.684352380E+00	1.286943840E-02	2.758777350E-01	6.097995810E-02	1.802484580E+00	1.596144430E+02
SFL56                      0.334000	2.325000	1.751261050E+00	1.331872090E-02	3.015666300E-01	6.214364030E-02	1.892113980E+00	1.578840930E+02
SK1                        0.334000	2.325000	1.239979390E+00	6.764607880E-03	3.088295190E-01	2.338307160E-02	1.033662660E+00	1.145858820E+02
SK10                       0.334000	2.325000	1.316587400E+00	7.122292320E-03	2.716559490E-01	2.444170040E-02	9.686875430E-01	1.050815660E+02
SK11                       0.300000	2.325000	1.179636310E+00	6.802820810E-03	2.298172950E-01	2.197372050E-02	9.357896520E-01	1.015132320E+02
SK12                       0.334000	2.325000	1.169826690E+00	6.528871270E-03	2.974503700E-01	2.140338200E-02	9.658478150E-01	1.050898980E+02
SK13                       0.334000	2.325000	9.226275730E-01	4.619305820E-03	5.703036290E-01	1.806227010E-02	9.798812110E-01	1.104195380E+02
SK14                       0.310000	2.325000	9.361553740E-01	4.617165250E-03	5.940520180E-01	1.688592700E-02	1.043745830E+00	1.037362650E+02
SK15                       0.320000	2.325000	1.291727650E+00	6.863581200E-03	2.983927130E-01	2.287043120E-02	9.555184970E-01	9.747791770E+01
SK16                       0.310000	2.500000	1.343177740E+00	7.046873390E-03	2.411443990E-01	2.290050000E-02	9.943179690E-01	9.275085260E+01
SK18A                      0.334000	2.325000	1.538570040E+00	8.632014860E-03	9.859341310E-02	3.671564640E-02	1.023095280E+00	1.001184410E+02
SK2                        0.310000	2.325000	1.281890120E+00	7.271916400E-03	2.577382580E-01	2.428235270E-02	9.681860400E-01	1.103777730E+02
SK3                        0.334000	2.325000	1.306634850E+00	7.081637200E-03	2.397917000E-01	2.388288230E-02	9.840580760E-01	1.019833920E+02
SK4                        0.320000	2.325000	1.393888340E+00	7.691473550E-03	1.645107210E-01	2.719462270E-02	9.635224790E-01	9.927576390E+01
SK5                        0.300000	2.325000	9.914638230E-01	5.227304670E-03	4.959821210E-01	1.727336460E-02	9.873939250E-01	9.835945790E+01
SK51                       0.334000	2.235000	1.441127150E+00	7.585469750E-03	1.439683870E-01	2.873960170E-02	8.819898620E-01	9.468381540E+01
SK55                       0.310000	2.325000	1.152652250E+00	5.826791140E-03	4.321452900E-01	1.902446150E-02	1.032151690E+00	8.817504600E+01
SK6                        0.334000	2.325000	1.212061150E+00	6.656025620E-03	3.472211220E-01	2.243847330E-02	9.720250140E-01	1.100821210E+02
SK7                        0.310000	2.325000	1.037451700E+00	5.373690460E-03	5.046326910E-01	1.829260960E-02	9.891142340E-01	1.025259870E+02
SK8                        0.334000	2.325000	1.298211490E+00	7.225060700E-03	2.528174690E-01	2.556226910E-02	9.775167030E-01	1.083708840E+02
SSK1                       0.334000	2.325000	1.426910450E+00	8.312146020E-03	1.411956470E-01	3.343699110E-02	9.860048210E-01	1.097013590E+02
SSK2                       0.334000	2.325000	1.410961660E+00	8.054332500E-03	1.724256150E-01	3.243608350E-02	9.874615130E-01	1.098995860E+02
SSK3                       0.334000	2.325000	1.399157580E+00	8.286607700E-03	1.589238250E-01	3.545153420E-02	9.919129220E-01	1.152277850E+02
SSK4A                      0.334000	2.325000	1.383361690E+00	7.871549850E-03	1.871251070E-01	2.893522210E-02	9.441709020E-01	1.057424240E+02
SSK50                      0.334000	2.325000	1.455629990E+00	8.701036800E-03	1.135759660E-01	3.784294760E-02	9.695209100E-01	1.101092180E+02
SSK51                      0.334000	2.325000	1.442609390E+00	8.904750640E-03	8.286236220E-02	4.008834770E-02	8.928054430E-01	1.031527330E+02
SSKN5                      0.334000	2.325000	1.592226590E+00	9.202846260E-03	1.035207740E-01	4.235300720E-02	1.051740160E+00	1.069273740E+02
SSKN8                      0.334000	2.325000	1.469983730E+00	9.036750970E-03	9.635594770E-02	4.500756740E-02	1.026109270E+00	1.083287430E+02
TIF3                       0.334000	2.325000	1.229277030E+00	8.529506660E-03	1.168027170E-01	5.281745920E-02	1.053066680E+00	1.176163590E+02
TIF6                       0.334000	2.325000	1.400693290E+00	1.094260150E-02	1.349034180E-01	7.086665470E-02	9.240974490E-01	9.947924450E+01
TIFN5                      0.334000	2.325000	1.327543660E+00	1.001806950E-02	1.463688030E-01	5.728063160E-02	1.172728910E+00	1.235296850E+02
UBK7                       0.300000	2.325000	1.012374330E+00	5.883286150E-03	2.589852180E-01	1.902399210E-02	1.000216280E+00	1.040797770E+02
UK50                       0.334000	2.325000	1.065918820E+00	6.408578840E-03	2.198430400E-01	2.254743550E-02	9.009834650E-01	1.019209980E+02
ULTRAN20                   0.334000	2.325000	7.914247030E-01	3.671937400E-03	3.967697410E-01	1.260608440E-02	9.405265520E-01	1.733959840E+02
ULTRAN30                   0.334000	2.325000	7.307134110E-01	3.148182430E-03	6.369517030E-01	1.299101780E-02	8.561772590E-01	1.436047790E+02
ZK1                        0.334000	2.325000	1.091920620E+00	6.555001300E-03	2.234598880E-01	2.437127630E-02	8.693533600E-01	1.023376500E+02
ZKN7                       0.320000	2.325000	1.077150320E+00	6.766016570E-03	1.680791090E-01	2.306428170E-02	8.518898920E-01	8.904987780E+01
