R22_S00   16    4000    4072
R22_S00_C00      0       1999     0       508             1 -1     1.150 0.0 1000.0 2.0      5.17 0.0 0.02 0.0 3  0 48 64 0.00000012 0.00000012 18 +1.000e+00 +6.153e-04 +0.000e+00 +0.000e+00 +0.000e+00 +0.000e+00 +0.000e+00 +0.000e+00 +0.000e+00 +0.000e+00 +0.000e+00 +0.000e+00 +0.000e+00 +0.000e+00 +0.000e+00 +0.000e+00 0 0 0 0 0 0
R22_S00_C01      0       1999     509     1017            1 -1     1.143 0.0 1000.0 2.0      5.16 0.0 0.02 0.0 3  0 48 64 0.00000012 0.00000012 18 +6.811e-04 +1.000e+00 +4.900e-04 -9.034e-05 -8.129e-05 -8.968e-05 -2.586e-05 -6.918e-06 -2.454e-05 -2.102e-05 -3.316e-05 -3.346e-05 +7.936e-06 -4.498e-05 -3.019e-05 -4.253e-05 0 0 0 0 0 0
R22_S00_C02      0       1999     1018    1526            1 -1     1.148 0.0 1000.0 2.0      5.26 0.0 0.02 0.0 3  0 48 64 0.00000012 0.00000012 18 -6.732e-05 +5.064e-04 +1.000e+00 +5.402e-04 -7.167e-05 -1.264e-04 -3.199e-05 -2.008e-05 -5.480e-06 -2.299e-05 -2.907e-05 -3.417e-05 -2.912e-05 -4.667e-05 -3.791e-05 -3.661e-05 0 0 0 0 0 0
R22_S00_C03      0       1999     1527    2035            1 -1     1.144 0.0 1000.0 2.0      5.17 0.0 0.02 0.0 3  0 48 64 0.00000012 0.00000012 18 -1.113e-04 -9.086e-05 +4.384e-04 +1.000e+00 -1.950e-04 -1.281e-04 -7.692e-05 -2.890e-05 -2.579e-05 -1.166e-05 -4.600e-05 -5.581e-05 -3.859e-05 -5.584e-05 -5.860e-05 -5.237e-05 0 0 0 0 0 0
R22_S00_C04      0       1999     2036    2544            1 -1     1.135 0.0 1000.0 2.0      5.14 0.0 0.02 0.0 3  0 48 64 0.00000012 0.00000012 18 -1.138e-04 -1.168e-04 -9.128e-05 -9.764e-05 +1.000e+00 +4.273e-04 -6.035e-05 -4.414e-05 -3.067e-05 -4.595e-05 +0.000e+00 -5.320e-05 -5.230e-05 -3.528e-05 -6.063e-05 -6.388e-05 0 0 0 0 0 0
R22_S00_C05      0       1999     2545    3053            1 -1     1.142 0.0 1000.0 2.0      5.25 0.0 0.02 0.0 3  0 48 64 0.00000012 0.00000012 18 -1.230e-05 -2.056e-05 -1.927e-05 -1.901e-05 +9.043e-04 +1.000e+00 +9.298e-04 +0.000e+00 +0.000e+00 -1.504e-06 -4.220e-06 +0.000e+00 -5.902e-06 -8.054e-06 -1.689e-06 +9.458e-06 0 0 0 0 0 0
R22_S00_C06      0       1999     3054    3562            1 -1     1.142 0.0 1000.0 2.0      5.19 0.0 0.02 0.0 3  0 48 64 0.00000012 0.00000012 18 -5.026e-05 -5.342e-05 -6.271e-05 -7.795e-05 -5.462e-05 +5.203e-04 +1.000e+00 +7.381e-04 -1.680e-05 -2.070e-05 -3.429e-05 -3.854e-05 +0.000e+00 -3.275e-05 -4.151e-05 -2.145e-05 0 0 0 0 0 0
R22_S00_C07      0       1999     3563    4071            1 -1     1.134 0.0 1000.0 2.0      5.23 0.0 0.02 0.0 3  0 48 64 0.00000012 0.00000012 18 -3.192e-05 -3.302e-05 -4.908e-05 -8.691e-05 -4.624e-05 -3.964e-05 +6.598e-04 +1.000e+00 +2.522e-07 -9.066e-06 -1.274e-05 -1.699e-05 -2.082e-05 +0.000e+00 -2.843e-05 -2.636e-05 0 0 0 0 0 0
R22_S00_C10      2000    3999     0       508             1  1     1.116 0.0 1000.0 2.0      5.21 0.0 0.02 0.0 3  0 48 64 0.00000012 0.00000012 18 -3.462e-05 -4.238e-05 -2.235e-05 -5.465e-05 -1.943e-05 -7.134e-05 -1.794e-05 +0.000e+00 +1.000e+00 +4.864e-04 -2.561e-05 -3.328e-05 -4.449e-05 -4.092e-05 -5.008e-05 -2.976e-05 0 0 0 0 0 0
R22_S00_C11      2000    3999     509     1017            1  1     1.122 0.0 1000.0 2.0      5.27 0.0 0.02 0.0 3  0 48 64 0.00000012 0.00000012 18 -2.238e-06 -5.897e-05 -5.943e-05 -1.118e-05 -4.170e-05 -6.739e-05 -3.413e-05 -3.537e-06 +4.635e-04 +1.000e+00 +2.234e-04 -7.098e-05 -7.147e-05 -8.331e-05 -6.478e-05 -5.810e-05 0 0 0 0 0 0
R22_S00_C12      2000    3999     1018    1526            1  1     1.124 0.0 1000.0 2.0      5.30 0.0 0.02 0.0 3  0 48 64 0.00000012 0.00000012 18 -6.491e-05 -6.489e-05 -6.539e-05 -7.273e-05 -4.288e-06 -7.886e-05 -4.378e-05 -2.779e-05 -4.823e-05 +3.052e-04 +1.000e+00 +2.992e-04 -8.471e-05 -7.222e-05 -7.204e-05 -7.084e-05 0 0 0 0 0 0
R22_S00_C13      2000    3999     1527    2035            1  1     1.111 0.0 1000.0 2.0      5.24 0.0 0.02 0.0 3  0 48 64 0.00000012 0.00000012 18 -6.050e-05 -6.707e-05 -5.489e-05 -7.271e-05 -4.058e-05 -1.822e-05 -3.159e-05 -3.082e-05 -4.090e-05 -3.543e-05 +3.398e-04 +1.000e+00 -1.497e-04 -7.016e-05 -6.033e-05 -5.445e-05 0 0 0 0 0 0
R22_S00_C14      2000    3999     2036    2544            1  1     1.103 0.0 1000.0 2.0      5.16 0.0 0.02 0.0 3  0 48 64 0.00000012 0.00000012 18 -5.115e-05 -5.475e-05 -5.476e-05 -5.159e-05 -4.887e-05 -6.839e-05 +0.000e+00 -2.705e-05 -3.776e-05 -5.008e-05 -5.359e-05 -5.833e-05 +1.000e+00 +5.746e-04 -6.839e-05 -4.146e-05 0 0 0 0 0 0
R22_S00_C15      2000    3999     2545    3053            1  1     1.099 0.0 1000.0 2.0      5.15 0.0 0.02 0.0 3  0 48 64 0.00000012 0.00000012 18 -5.427e-05 -6.024e-05 -6.220e-05 -7.096e-05 -5.589e-05 -7.319e-05 -3.173e-05 -9.772e-06 -3.588e-05 -4.687e-05 -6.559e-05 -5.299e-05 +6.124e-04 +1.000e+00 +2.060e-04 -4.652e-05 0 0 0 0 0 0
R22_S00_C16      2000    3999     3054    3562            1  1     1.100 0.0 1000.0 2.0      5.12 0.0 0.02 0.0 3  0 48 64 0.00000012 0.00000012 18 -2.643e-05 -5.332e-05 -3.008e-05 -6.182e-05 -1.769e-05 -2.302e-05 +0.000e+00 +0.000e+00 +0.000e+00 -1.171e-05 -2.130e-05 +0.000e+00 -9.206e-06 +3.778e-04 +1.000e+00 +5.545e-04 0 0 0 0 0 0
R22_S00_C17      2000    3999     3563    4071            1  1     1.100 0.0 1000.0 2.0      5.12 0.0 0.02 0.0 3  0 48 64 0.00000012 0.00000012 18 -1.791e-05 -2.663e-05 -2.884e-05 -4.986e-05 -2.880e-05 -4.244e-05 +0.000e+00 +0.000e+00 +0.000e+00 -1.158e-05 -2.943e-05 -4.526e-05 -1.788e-05 -1.953e-05 +4.797e-04 +1.000e+00 0 0 0 0 0 0
R22_S01   16    4000    4072
R22_S01_C00      0       1999     0       508             1 -1     1.105 0.0 1000.0 2.0      5.12 0.0 0.02 0.0 3  0 48 64 0.00000012 0.00000012 18 +1.000e+00 +6.153e-04 +0.000e+00 +0.000e+00 +0.000e+00 +0.000e+00 +0.000e+00 +0.000e+00 +0.000e+00 +0.000e+00 +0.000e+00 +0.000e+00 +0.000e+00 +0.000e+00 +0.000e+00 +0.000e+00 0 0 0 0 0 0
R22_S01_C01      0       1999     509     1017            1 -1     1.097 0.0 1000.0 2.0      5.13 0.0 0.02 0.0 3  0 48 64 0.00000012 0.00000012 18 +6.811e-04 +1.000e+00 +4.900e-04 -9.034e-05 -8.129e-05 -8.968e-05 -2.586e-05 -6.918e-06 -2.454e-05 -2.102e-05 -3.316e-05 -3.346e-05 +7.936e-06 -4.498e-05 -3.019e-05 -4.253e-05 0 0 0 0 0 0
R22_S01_C02      0       1999     1018    1526            1 -1     1.100 0.0 1000.0 2.0      5.16 0.0 0.02 0.0 3  0 48 64 0.00000012 0.00000012 18 -6.732e-05 +5.064e-04 +1.000e+00 +5.402e-04 -7.167e-05 -1.264e-04 -3.199e-05 -2.008e-05 -5.480e-06 -2.299e-05 -2.907e-05 -3.417e-05 -2.912e-05 -4.667e-05 -3.791e-05 -3.661e-05 0 0 0 0 0 0
R22_S01_C03      0       1999     1527    2035            1 -1     1.098 0.0 1000.0 2.0      5.20 0.0 0.02 0.0 3  0 48 64 0.00000012 0.00000012 18 -1.113e-04 -9.086e-05 +4.384e-04 +1.000e+00 -1.950e-04 -1.281e-04 -7.692e-05 -2.890e-05 -2.579e-05 -1.166e-05 -4.600e-05 -5.581e-05 -3.859e-05 -5.584e-05 -5.860e-05 -5.237e-05 0 0 0 0 0 0
R22_S01_C04      0       1999     2036    2544            1 -1     1.100 0.0 1000.0 2.0      5.12 0.0 0.02 0.0 3  0 48 64 0.00000012 0.00000012 18 -1.138e-04 -1.168e-04 -9.128e-05 -9.764e-05 +1.000e+00 +4.273e-04 -6.035e-05 -4.414e-05 -3.067e-05 -4.595e-05 +0.000e+00 -5.320e-05 -5.230e-05 -3.528e-05 -6.063e-05 -6.388e-05 0 0 0 0 0 0
R22_S01_C05      0       1999     2545    3053            1 -1     1.099 0.0 1000.0 2.0      5.18 0.0 0.02 0.0 3  0 48 64 0.00000012 0.00000012 18 -1.230e-05 -2.056e-05 -1.927e-05 -1.901e-05 +9.043e-04 +1.000e+00 +9.298e-04 +0.000e+00 +0.000e+00 -1.504e-06 -4.220e-06 +0.000e+00 -5.902e-06 -8.054e-06 -1.689e-06 +9.458e-06 0 0 0 0 0 0
R22_S01_C06      0       1999     3054    3562            1 -1     1.101 0.0 1000.0 2.0      5.16 0.0 0.02 0.0 3  0 48 64 0.00000012 0.00000012 18 -5.026e-05 -5.342e-05 -6.271e-05 -7.795e-05 -5.462e-05 +5.203e-04 +1.000e+00 +7.381e-04 -1.680e-05 -2.070e-05 -3.429e-05 -3.854e-05 +0.000e+00 -3.275e-05 -4.151e-05 -2.145e-05 0 0 0 0 0 0
R22_S01_C07      0       1999     3563    4071            1 -1     1.108 0.0 1000.0 2.0      5.32 0.0 0.02 0.0 3  0 48 64 0.00000012 0.00000012 18 -3.192e-05 -3.302e-05 -4.908e-05 -8.691e-05 -4.624e-05 -3.964e-05 +6.598e-04 +1.000e+00 +2.522e-07 -9.066e-06 -1.274e-05 -1.699e-05 -2.082e-05 +0.000e+00 -2.843e-05 -2.636e-05 0 0 0 0 0 0
R22_S01_C10      2000    3999     0       508             1  1     1.095 0.0 1000.0 2.0      5.00 0.0 0.02 0.0 3  0 48 64 0.00000012 0.00000012 18 -3.462e-05 -4.238e-05 -2.235e-05 -5.465e-05 -1.943e-05 -7.134e-05 -1.794e-05 +0.000e+00 +1.000e+00 +4.864e-04 -2.561e-05 -3.328e-05 -4.449e-05 -4.092e-05 -5.008e-05 -2.976e-05 0 0 0 0 0 0
R22_S01_C11      2000    3999     509     1017            1  1     1.095 0.0 1000.0 2.0      5.25 0.0 0.02 0.0 3  0 48 64 0.00000012 0.00000012 18 -2.238e-06 -5.897e-05 -5.943e-05 -1.118e-05 -4.170e-05 -6.739e-05 -3.413e-05 -3.537e-06 +4.635e-04 +1.000e+00 +2.234e-04 -7.098e-05 -7.147e-05 -8.331e-05 -6.478e-05 -5.810e-05 0 0 0 0 0 0
R22_S01_C12      2000    3999     1018    1526            1  1     1.101 0.0 1000.0 2.0      5.10 0.0 0.02 0.0 3  0 48 64 0.00000012 0.00000012 18 -6.491e-05 -6.489e-05 -6.539e-05 -7.273e-05 -4.288e-06 -7.886e-05 -4.378e-05 -2.779e-05 -4.823e-05 +3.052e-04 +1.000e+00 +2.992e-04 -8.471e-05 -7.222e-05 -7.204e-05 -7.084e-05 0 0 0 0 0 0
R22_S01_C13      2000    3999     1527    2035            1  1     1.105 0.0 1000.0 2.0      5.29 0.0 0.02 0.0 3  0 48 64 0.00000012 0.00000012 18 -6.050e-05 -6.707e-05 -5.489e-05 -7.271e-05 -4.058e-05 -1.822e-05 -3.159e-05 -3.082e-05 -4.090e-05 -3.543e-05 +3.398e-04 +1.000e+00 -1.497e-04 -7.016e-05 -6.033e-05 -5.445e-05 0 0 0 0 0 0
R22_S01_C14      2000    3999     2036    2544            1  1     1.105 0.0 1000.0 2.0      5.13 0.0 0.02 0.0 3  0 48 64 0.00000012 0.00000012 18 -5.115e-05 -5.475e-05 -5.476e-05 -5.159e-05 -4.887e-05 -6.839e-05 +0.000e+00 -2.705e-05 -3.776e-05 -5.008e-05 -5.359e-05 -5.833e-05 +1.000e+00 +5.746e-04 -6.839e-05 -4.146e-05 0 0 0 0 0 0
R22_S01_C15      2000    3999     2545    3053            1  1     1.095 0.0 1000.0 2.0      5.09 0.0 0.02 0.0 3  0 48 64 0.00000012 0.00000012 18 -5.427e-05 -6.024e-05 -6.220e-05 -7.096e-05 -5.589e-05 -7.319e-05 -3.173e-05 -9.772e-06 -3.588e-05 -4.687e-05 -6.559e-05 -5.299e-05 +6.124e-04 +1.000e+00 +2.060e-04 -4.652e-05 0 0 0 0 0 0
R22_S01_C16      2000    3999     3054    3562            1  1     1.100 0.0 1000.0 2.0      5.08 0.0 0.02 0.0 3  0 48 64 0.00000012 0.00000012 18 -2.643e-05 -5.332e-05 -3.008e-05 -6.182e-05 -1.769e-05 -2.302e-05 +0.000e+00 +0.000e+00 +0.000e+00 -1.171e-05 -2.130e-05 +0.000e+00 -9.206e-06 +3.778e-04 +1.000e+00 +5.545e-04 0 0 0 0 0 0
R22_S01_C17      2000    3999     3563    4071            1  1     1.107 0.0 1000.0 2.0      5.12 0.0 0.02 0.0 3  0 48 64 0.00000012 0.00000012 18 -1.791e-05 -2.663e-05 -2.884e-05 -4.986e-05 -2.880e-05 -4.244e-05 +0.000e+00 +0.000e+00 +0.000e+00 -1.158e-05 -2.943e-05 -4.526e-05 -1.788e-05 -1.953e-05 +4.797e-04 +1.000e+00 0 0 0 0 0 0
R22_S02   16    4000    4072
R22_S02_C00      0       1999     0       508             1 -1     1.135 0.0 1000.0 2.0      5.33 0.0 0.02 0.0 3  0 48 64 0.00000012 0.00000012 18 +1.000e+00 +6.153e-04 +0.000e+00 +0.000e+00 +0.000e+00 +0.000e+00 +0.000e+00 +0.000e+00 +0.000e+00 +0.000e+00 +0.000e+00 +0.000e+00 +0.000e+00 +0.000e+00 +0.000e+00 +0.000e+00 0 0 0 0 0 0
R22_S02_C01      0       1999     509     1017            1 -1     1.127 0.0 1000.0 2.0      5.26 0.0 0.02 0.0 3  0 48 64 0.00000012 0.00000012 18 +6.811e-04 +1.000e+00 +4.900e-04 -9.034e-05 -8.129e-05 -8.968e-05 -2.586e-05 -6.918e-06 -2.454e-05 -2.102e-05 -3.316e-05 -3.346e-05 +7.936e-06 -4.498e-05 -3.019e-05 -4.253e-05 0 0 0 0 0 0
R22_S02_C02      0       1999     1018    1526            1 -1     1.118 0.0 1000.0 2.0      5.22 0.0 0.02 0.0 3  0 48 64 0.00000012 0.00000012 18 -6.732e-05 +5.064e-04 +1.000e+00 +5.402e-04 -7.167e-05 -1.264e-04 -3.199e-05 -2.008e-05 -5.480e-06 -2.299e-05 -2.907e-05 -3.417e-05 -2.912e-05 -4.667e-05 -3.791e-05 -3.661e-05 0 0 0 0 0 0
R22_S02_C03      0       1999     1527    2035            1 -1     1.123 0.0 1000.0 2.0      5.27 0.0 0.02 0.0 3  0 48 64 0.00000012 0.00000012 18 -1.113e-04 -9.086e-05 +4.384e-04 +1.000e+00 -1.950e-04 -1.281e-04 -7.692e-05 -2.890e-05 -2.579e-05 -1.166e-05 -4.600e-05 -5.581e-05 -3.859e-05 -5.584e-05 -5.860e-05 -5.237e-05 0 0 0 0 0 0
R22_S02_C04      0       1999     2036    2544            1 -1     1.114 0.0 1000.0 2.0      5.38 0.0 0.02 0.0 3  0 48 64 0.00000012 0.00000012 18 -1.138e-04 -1.168e-04 -9.128e-05 -9.764e-05 +1.000e+00 +4.273e-04 -6.035e-05 -4.414e-05 -3.067e-05 -4.595e-05 +0.000e+00 -5.320e-05 -5.230e-05 -3.528e-05 -6.063e-05 -6.388e-05 0 0 0 0 0 0
R22_S02_C05      0       1999     2545    3053            1 -1     1.122 0.0 1000.0 2.0      5.24 0.0 0.02 0.0 3  0 48 64 0.00000012 0.00000012 18 -1.230e-05 -2.056e-05 -1.927e-05 -1.901e-05 +9.043e-04 +1.000e+00 +9.298e-04 +0.000e+00 +0.000e+00 -1.504e-06 -4.220e-06 +0.000e+00 -5.902e-06 -8.054e-06 -1.689e-06 +9.458e-06 0 0 0 0 0 0
R22_S02_C06      0       1999     3054    3562            1 -1     1.109 0.0 1000.0 2.0      5.19 0.0 0.02 0.0 3  0 48 64 0.00000012 0.00000012 18 -5.026e-05 -5.342e-05 -6.271e-05 -7.795e-05 -5.462e-05 +5.203e-04 +1.000e+00 +7.381e-04 -1.680e-05 -2.070e-05 -3.429e-05 -3.854e-05 +0.000e+00 -3.275e-05 -4.151e-05 -2.145e-05 0 0 0 0 0 0
R22_S02_C07      0       1999     3563    4071            1 -1     1.110 0.0 1000.0 2.0      5.19 0.0 0.02 0.0 3  0 48 64 0.00000012 0.00000012 18 -3.192e-05 -3.302e-05 -4.908e-05 -8.691e-05 -4.624e-05 -3.964e-05 +6.598e-04 +1.000e+00 +2.522e-07 -9.066e-06 -1.274e-05 -1.699e-05 -2.082e-05 +0.000e+00 -2.843e-05 -2.636e-05 0 0 0 0 0 0
R22_S02_C10      0       1999     0       508             1  1     1.123 0.0 1000.0 2.0      5.15 0.0 0.02 0.0 3  0 48 64 0.00000012 0.00000012 18 -3.462e-05 -4.238e-05 -2.235e-05 -5.465e-05 -1.943e-05 -7.134e-05 -1.794e-05 +0.000e+00 +1.000e+00 +4.864e-04 -2.561e-05 -3.328e-05 -4.449e-05 -4.092e-05 -5.008e-05 -2.976e-05 0 0 0 0 0 0
R22_S02_C11      2000    3999     509     1017            1  1     1.115 0.0 1000.0 2.0      5.10 0.0 0.02 0.0 3  0 48 64 0.00000012 0.00000012 18 -2.238e-06 -5.897e-05 -5.943e-05 -1.118e-05 -4.170e-05 -6.739e-05 -3.413e-05 -3.537e-06 +4.635e-04 +1.000e+00 +2.234e-04 -7.098e-05 -7.147e-05 -8.331e-05 -6.478e-05 -5.810e-05 0 0 0 0 0 0
R22_S02_C12      2000    3999     1018    1526            1  1     1.119 0.0 1000.0 2.0      5.15 0.0 0.02 0.0 3  0 48 64 0.00000012 0.00000012 18 -6.491e-05 -6.489e-05 -6.539e-05 -7.273e-05 -4.288e-06 -7.886e-05 -4.378e-05 -2.779e-05 -4.823e-05 +3.052e-04 +1.000e+00 +2.992e-04 -8.471e-05 -7.222e-05 -7.204e-05 -7.084e-05 0 0 0 0 0 0
R22_S02_C13      2000    3999     1527    2035            1  1     1.126 0.0 1000.0 2.0      5.18 0.0 0.02 0.0 3  0 48 64 0.00000012 0.00000012 18 -6.050e-05 -6.707e-05 -5.489e-05 -7.271e-05 -4.058e-05 -1.822e-05 -3.159e-05 -3.082e-05 -4.090e-05 -3.543e-05 +3.398e-04 +1.000e+00 -1.497e-04 -7.016e-05 -6.033e-05 -5.445e-05 0 0 0 0 0 0
R22_S02_C14      2000    3999     2036    2544            1  1     1.124 0.0 1000.0 2.0      5.18 0.0 0.02 0.0 3  0 48 64 0.00000012 0.00000012 18 -5.115e-05 -5.475e-05 -5.476e-05 -5.159e-05 -4.887e-05 -6.839e-05 +0.000e+00 -2.705e-05 -3.776e-05 -5.008e-05 -5.359e-05 -5.833e-05 +1.000e+00 +5.746e-04 -6.839e-05 -4.146e-05 0 0 0 0 0 0
R22_S02_C15      2000    3999     2545    3053            1  1     1.114 0.0 1000.0 2.0      5.39 0.0 0.02 0.0 3  0 48 64 0.00000012 0.00000012 18 -5.427e-05 -6.024e-05 -6.220e-05 -7.096e-05 -5.589e-05 -7.319e-05 -3.173e-05 -9.772e-06 -3.588e-05 -4.687e-05 -6.559e-05 -5.299e-05 +6.124e-04 +1.000e+00 +2.060e-04 -4.652e-05 0 0 0 0 0 0
R22_S02_C16      2000    3999     3054    3562            1  1     1.110 0.0 1000.0 2.0      5.22 0.0 0.02 0.0 3  0 48 64 0.00000012 0.00000012 18 -2.643e-05 -5.332e-05 -3.008e-05 -6.182e-05 -1.769e-05 -2.302e-05 +0.000e+00 +0.000e+00 +0.000e+00 -1.171e-05 -2.130e-05 +0.000e+00 -9.206e-06 +3.778e-04 +1.000e+00 +5.545e-04 0 0 0 0 0 0
R22_S02_C17      2000    3999     3563    4071            1  1     1.111 0.0 1000.0 2.0      5.15 0.0 0.02 0.0 3  0 48 64 0.00000012 0.00000012 18 -1.791e-05 -2.663e-05 -2.884e-05 -4.986e-05 -2.880e-05 -4.244e-05 +0.000e+00 +0.000e+00 +0.000e+00 -1.158e-05 -2.943e-05 -4.526e-05 -1.788e-05 -1.953e-05 +4.797e-04 +1.000e+00 0 0 0 0 0 0
R22_S10   16    4000    4072
R22_S10_C00      0       1999     0       508             1 -1     1.140 0.0 1000.0 2.0      5.36 0.0 0.02 0.0 3  0 48 64 0.00000012 0.00000012 18 +1.000e+00 +6.153e-04 +0.000e+00 +0.000e+00 +0.000e+00 +0.000e+00 +0.000e+00 +0.000e+00 +0.000e+00 +0.000e+00 +0.000e+00 +0.000e+00 +0.000e+00 +0.000e+00 +0.000e+00 +0.000e+00 0 0 0 0 0 0
R22_S10_C01      0       1999     509     1017            1 -1     1.146 0.0 1000.0 2.0      5.43 0.0 0.02 0.0 3  0 48 64 0.00000012 0.00000012 18 +6.811e-04 +1.000e+00 +4.900e-04 -9.034e-05 -8.129e-05 -8.968e-05 -2.586e-05 -6.918e-06 -2.454e-05 -2.102e-05 -3.316e-05 -3.346e-05 +7.936e-06 -4.498e-05 -3.019e-05 -4.253e-05 0 0 0 0 0 0
R22_S10_C02      0       1999     1018    1526            1 -1     1.124 0.0 1000.0 2.0      5.43 0.0 0.02 0.0 3  0 48 64 0.00000012 0.00000012 18 -6.732e-05 +5.064e-04 +1.000e+00 +5.402e-04 -7.167e-05 -1.264e-04 -3.199e-05 -2.008e-05 -5.480e-06 -2.299e-05 -2.907e-05 -3.417e-05 -2.912e-05 -4.667e-05 -3.791e-05 -3.661e-05 0 0 0 0 0 0
R22_S10_C03      0       1999     1527    2035            1 -1     1.124 0.0 1000.0 2.0      5.60 0.0 0.02 0.0 3  0 48 64 0.00000012 0.00000012 18 -1.113e-04 -9.086e-05 +4.384e-04 +1.000e+00 -1.950e-04 -1.281e-04 -7.692e-05 -2.890e-05 -2.579e-05 -1.166e-05 -4.600e-05 -5.581e-05 -3.859e-05 -5.584e-05 -5.860e-05 -5.237e-05 0 0 0 0 0 0
R22_S10_C04      0       1999     2036    2544            1 -1     1.118 0.0 1000.0 2.0      5.32 0.0 0.02 0.0 3  0 48 64 0.00000012 0.00000012 18 -1.138e-04 -1.168e-04 -9.128e-05 -9.764e-05 +1.000e+00 +4.273e-04 -6.035e-05 -4.414e-05 -3.067e-05 -4.595e-05 +0.000e+00 -5.320e-05 -5.230e-05 -3.528e-05 -6.063e-05 -6.388e-05 0 0 0 0 0 0
R22_S10_C05      0       1999     2545    3053            1 -1     1.117 0.0 1000.0 2.0      5.39 0.0 0.02 0.0 3  0 48 64 0.00000012 0.00000012 18 -1.230e-05 -2.056e-05 -1.927e-05 -1.901e-05 +9.043e-04 +1.000e+00 +9.298e-04 +0.000e+00 +0.000e+00 -1.504e-06 -4.220e-06 +0.000e+00 -5.902e-06 -8.054e-06 -1.689e-06 +9.458e-06 0 0 0 0 0 0
R22_S10_C06      0       1999     3054    3562            1 -1     1.113 0.0 1000.0 2.0      5.34 0.0 0.02 0.0 3  0 48 64 0.00000012 0.00000012 18 -5.026e-05 -5.342e-05 -6.271e-05 -7.795e-05 -5.462e-05 +5.203e-04 +1.000e+00 +7.381e-04 -1.680e-05 -2.070e-05 -3.429e-05 -3.854e-05 +0.000e+00 -3.275e-05 -4.151e-05 -2.145e-05 0 0 0 0 0 0
R22_S10_C07      0       1999     3563    4071            1 -1     1.113 0.0 1000.0 2.0      5.45 0.0 0.02 0.0 3  0 48 64 0.00000012 0.00000012 18 -3.192e-05 -3.302e-05 -4.908e-05 -8.691e-05 -4.624e-05 -3.964e-05 +6.598e-04 +1.000e+00 +2.522e-07 -9.066e-06 -1.274e-05 -1.699e-05 -2.082e-05 +0.000e+00 -2.843e-05 -2.636e-05 0 0 0 0 0 0
R22_S10_C10      2000    3999     0       508             1  1     1.110 0.0 1000.0 2.0      5.25 0.0 0.02 0.0 3  0 48 64 0.00000012 0.00000012 18 -3.462e-05 -4.238e-05 -2.235e-05 -5.465e-05 -1.943e-05 -7.134e-05 -1.794e-05 +0.000e+00 +1.000e+00 +4.864e-04 -2.561e-05 -3.328e-05 -4.449e-05 -4.092e-05 -5.008e-05 -2.976e-05 0 0 0 0 0 0
R22_S10_C11      2000    3999     509     1017            1  1     1.119 0.0 1000.0 2.0      5.45 0.0 0.02 0.0 3  0 48 64 0.00000012 0.00000012 18 -2.238e-06 -5.897e-05 -5.943e-05 -1.118e-05 -4.170e-05 -6.739e-05 -3.413e-05 -3.537e-06 +4.635e-04 +1.000e+00 +2.234e-04 -7.098e-05 -7.147e-05 -8.331e-05 -6.478e-05 -5.810e-05 0 0 0 0 0 0
R22_S10_C12      2000    3999     1018    1526            1  1     1.136 0.0 1000.0 2.0      5.76 0.0 0.02 0.0 3  0 48 64 0.00000012 0.00000012 18 -6.491e-05 -6.489e-05 -6.539e-05 -7.273e-05 -4.288e-06 -7.886e-05 -4.378e-05 -2.779e-05 -4.823e-05 +3.052e-04 +1.000e+00 +2.992e-04 -8.471e-05 -7.222e-05 -7.204e-05 -7.084e-05 0 0 0 0 0 0
R22_S10_C13      2000    3999     1527    2035            1  1     1.155 0.0 1000.0 2.0      5.84 0.0 0.02 0.0 3  0 48 64 0.00000012 0.00000012 18 -6.050e-05 -6.707e-05 -5.489e-05 -7.271e-05 -4.058e-05 -1.822e-05 -3.159e-05 -3.082e-05 -4.090e-05 -3.543e-05 +3.398e-04 +1.000e+00 -1.497e-04 -7.016e-05 -6.033e-05 -5.445e-05 0 0 0 0 0 0
R22_S10_C14      2000    3999     2036    2544            1  1     1.161 0.0 1000.0 2.0      5.62 0.0 0.02 0.0 3  0 48 64 0.00000012 0.00000012 18 -5.115e-05 -5.475e-05 -5.476e-05 -5.159e-05 -4.887e-05 -6.839e-05 +0.000e+00 -2.705e-05 -3.776e-05 -5.008e-05 -5.359e-05 -5.833e-05 +1.000e+00 +5.746e-04 -6.839e-05 -4.146e-05 0 0 0 0 0 0
R22_S10_C15      2000    3999     2545    3053            1  1     1.189 0.0 1000.0 2.0      5.58 0.0 0.02 0.0 3  0 48 64 0.00000012 0.00000012 18 -5.427e-05 -6.024e-05 -6.220e-05 -7.096e-05 -5.589e-05 -7.319e-05 -3.173e-05 -9.772e-06 -3.588e-05 -4.687e-05 -6.559e-05 -5.299e-05 +6.124e-04 +1.000e+00 +2.060e-04 -4.652e-05 0 0 0 0 0 0
R22_S10_C16      2000    3999     3054    3562            1  1     1.166 0.0 1000.0 2.0      5.40 0.0 0.02 0.0 3  0 48 64 0.00000012 0.00000012 18 -2.643e-05 -5.332e-05 -3.008e-05 -6.182e-05 -1.769e-05 -2.302e-05 +0.000e+00 +0.000e+00 +0.000e+00 -1.171e-05 -2.130e-05 +0.000e+00 -9.206e-06 +3.778e-04 +1.000e+00 +5.545e-04 0 0 0 0 0 0
R22_S10_C17      2000    3999     3563    4071            1  1     1.143 0.0 1000.0 2.0      5.37 0.0 0.02 0.0 3  0 48 64 0.00000012 0.00000012 18 -1.791e-05 -2.663e-05 -2.884e-05 -4.986e-05 -2.880e-05 -4.244e-05 +0.000e+00 +0.000e+00 +0.000e+00 -1.158e-05 -2.943e-05 -4.526e-05 -1.788e-05 -1.953e-05 +4.797e-04 +1.000e+00 0 0 0 0 0 0
R22_S11   16    4000    4072
R22_S11_C00      0       1999     0       508             1 -1     1.033 0.0 1000.0 2.0      5.48 0.0 0.02 0.0 3  0 48 64 0.00000012 0.00000012 18 +1.000e+00 +6.153e-04 +0.000e+00 +0.000e+00 +0.000e+00 +0.000e+00 +0.000e+00 +0.000e+00 +0.000e+00 +0.000e+00 +0.000e+00 +0.000e+00 +0.000e+00 +0.000e+00 +0.000e+00 +0.000e+00 0 0 0 0 0 0
R22_S11_C01      0       1999     509     1017            1 -1     1.044 0.0 1000.0 2.0      6.40 0.0 0.02 0.0 3  0 48 64 0.00000012 0.00000012 18 +6.811e-04 +1.000e+00 +4.900e-04 -9.034e-05 -8.129e-05 -8.968e-05 -2.586e-05 -6.918e-06 -2.454e-05 -2.102e-05 -3.316e-05 -3.346e-05 +7.936e-06 -4.498e-05 -3.019e-05 -4.253e-05 0 0 0 0 0 0
R22_S11_C02      0       1999     1018    1526            1 -1     1.047 0.0 1000.0 2.0      6.00 0.0 0.02 0.0 3  0 48 64 0.00000012 0.00000012 18 -6.732e-05 +5.064e-04 +1.000e+00 +5.402e-04 -7.167e-05 -1.264e-04 -3.199e-05 -2.008e-05 -5.480e-06 -2.299e-05 -2.907e-05 -3.417e-05 -2.912e-05 -4.667e-05 -3.791e-05 -3.661e-05 0 0 0 0 0 0
R22_S11_C03      0       1999     1527    2035            1 -1     1.043 0.0 1000.0 2.0      5.78 0.0 0.02 0.0 3  0 48 64 0.00000012 0.00000012 18 -1.113e-04 -9.086e-05 +4.384e-04 +1.000e+00 -1.950e-04 -1.281e-04 -7.692e-05 -2.890e-05 -2.579e-05 -1.166e-05 -4.600e-05 -5.581e-05 -3.859e-05 -5.584e-05 -5.860e-05 -5.237e-05 0 0 0 0 0 0
R22_S11_C04      0       1999     2036    2544            1 -1     1.048 0.0 1000.0 2.0      5.54 0.0 0.02 0.0 3  0 48 64 0.00000012 0.00000012 18 -1.138e-04 -1.168e-04 -9.128e-05 -9.764e-05 +1.000e+00 +4.273e-04 -6.035e-05 -4.414e-05 -3.067e-05 -4.595e-05 +0.000e+00 -5.320e-05 -5.230e-05 -3.528e-05 -6.063e-05 -6.388e-05 0 0 0 0 0 0
R22_S11_C05      0       1999     2545    3053            1 -1     1.040 0.0 1000.0 2.0      6.20 0.0 0.02 0.0 3  0 48 64 0.00000012 0.00000012 18 -1.230e-05 -2.056e-05 -1.927e-05 -1.901e-05 +9.043e-04 +1.000e+00 +9.298e-04 +0.000e+00 +0.000e+00 -1.504e-06 -4.220e-06 +0.000e+00 -5.902e-06 -8.054e-06 -1.689e-06 +9.458e-06 0 0 0 0 0 0
R22_S11_C06      0       1999     3054    3562            1 -1     1.043 0.0 1000.0 2.0      5.81 0.0 0.02 0.0 3  0 48 64 0.00000012 0.00000012 18 -5.026e-05 -5.342e-05 -6.271e-05 -7.795e-05 -5.462e-05 +5.203e-04 +1.000e+00 +7.381e-04 -1.680e-05 -2.070e-05 -3.429e-05 -3.854e-05 +0.000e+00 -3.275e-05 -4.151e-05 -2.145e-05 0 0 0 0 0 0
R22_S11_C07      0       1999     3563    4071            1 -1     1.033 0.0 1000.0 2.0      7.18 0.0 0.02 0.0 3  0 48 64 0.00000012 0.00000012 18 -3.192e-05 -3.302e-05 -4.908e-05 -8.691e-05 -4.624e-05 -3.964e-05 +6.598e-04 +1.000e+00 +2.522e-07 -9.066e-06 -1.274e-05 -1.699e-05 -2.082e-05 +0.000e+00 -2.843e-05 -2.636e-05 0 0 0 0 0 0
R22_S11_C10      2000    3999     0       508             1  1     1.049 0.0 1000.0 2.0      5.36 0.0 0.02 0.0 3  0 48 64 0.00000012 0.00000012 18 -3.462e-05 -4.238e-05 -2.235e-05 -5.465e-05 -1.943e-05 -7.134e-05 -1.794e-05 +0.000e+00 +1.000e+00 +4.864e-04 -2.561e-05 -3.328e-05 -4.449e-05 -4.092e-05 -5.008e-05 -2.976e-05 0 0 0 0 0 0
R22_S11_C11      2000    3999     509     1017            1  1     1.056 0.0 1000.0 2.0      5.78 0.0 0.02 0.0 3  0 48 64 0.00000012 0.00000012 18 -2.238e-06 -5.897e-05 -5.943e-05 -1.118e-05 -4.170e-05 -6.739e-05 -3.413e-05 -3.537e-06 +4.635e-04 +1.000e+00 +2.234e-04 -7.098e-05 -7.147e-05 -8.331e-05 -6.478e-05 -5.810e-05 0 0 0 0 0 0
R22_S11_C12      2000    3999     1018    1526            1  1     1.069 0.0 1000.0 2.0      5.46 0.0 0.02 0.0 3  0 48 64 0.00000012 0.00000012 18 -6.491e-05 -6.489e-05 -6.539e-05 -7.273e-05 -4.288e-06 -7.886e-05 -4.378e-05 -2.779e-05 -4.823e-05 +3.052e-04 +1.000e+00 +2.992e-04 -8.471e-05 -7.222e-05 -7.204e-05 -7.084e-05 0 0 0 0 0 0
R22_S11_C13      2000    3999     1527    2035            1  1     1.068 0.0 1000.0 2.0      5.51 0.0 0.02 0.0 3  0 48 64 0.00000012 0.00000012 18 -6.050e-05 -6.707e-05 -5.489e-05 -7.271e-05 -4.058e-05 -1.822e-05 -3.159e-05 -3.082e-05 -4.090e-05 -3.543e-05 +3.398e-04 +1.000e+00 -1.497e-04 -7.016e-05 -6.033e-05 -5.445e-05 0 0 0 0 0 0
R22_S11_C14      2000    3999     2036    2544            1  1     1.073 0.0 1000.0 2.0      5.28 0.0 0.02 0.0 3  0 48 64 0.00000012 0.00000012 18 -5.115e-05 -5.475e-05 -5.476e-05 -5.159e-05 -4.887e-05 -6.839e-05 +0.000e+00 -2.705e-05 -3.776e-05 -5.008e-05 -5.359e-05 -5.833e-05 +1.000e+00 +5.746e-04 -6.839e-05 -4.146e-05 0 0 0 0 0 0
R22_S11_C15      2000    3999     2545    3053            1  1     1.074 0.0 1000.0 2.0      5.64 0.0 0.02 0.0 3  0 48 64 0.00000012 0.00000012 18 -5.427e-05 -6.024e-05 -6.220e-05 -7.096e-05 -5.589e-05 -7.319e-05 -3.173e-05 -9.772e-06 -3.588e-05 -4.687e-05 -6.559e-05 -5.299e-05 +6.124e-04 +1.000e+00 +2.060e-04 -4.652e-05 0 0 0 0 0 0
R22_S11_C16      2000    3999     3054    3562            1  1     1.069 0.0 1000.0 2.0      5.54 0.0 0.02 0.0 3  0 48 64 0.00000012 0.00000012 18 -2.643e-05 -5.332e-05 -3.008e-05 -6.182e-05 -1.769e-05 -2.302e-05 +0.000e+00 +0.000e+00 +0.000e+00 -1.171e-05 -2.130e-05 +0.000e+00 -9.206e-06 +3.778e-04 +1.000e+00 +5.545e-04 0 0 0 0 0 0
R22_S11_C17      2000    3999     3563    4071            1  1     1.069 0.0 1000.0 2.0      5.30 0.0 0.02 0.0 3  0 48 64 0.00000012 0.00000012 18 -1.791e-05 -2.663e-05 -2.884e-05 -4.986e-05 -2.880e-05 -4.244e-05 +0.000e+00 +0.000e+00 +0.000e+00 -1.158e-05 -2.943e-05 -4.526e-05 -1.788e-05 -1.953e-05 +4.797e-04 +1.000e+00 0 0 0 0 0 0
R22_S12   16    4000    4072
R22_S12_C00      0       1999     0       508             1 -1     1.113 0.0 1000.0 2.0      5.30 0.0 0.02 0.0 3  0 48 64 0.00000012 0.00000012 18 +1.000e+00 +6.153e-04 +0.000e+00 +0.000e+00 +0.000e+00 +0.000e+00 +0.000e+00 +0.000e+00 +0.000e+00 +0.000e+00 +0.000e+00 +0.000e+00 +0.000e+00 +0.000e+00 +0.000e+00 +0.000e+00 0 0 0 0 0 0
R22_S12_C01      0       1999     509     1017            1 -1     1.105 0.0 1000.0 2.0      5.46 0.0 0.02 0.0 3  0 48 64 0.00000012 0.00000012 18 +6.811e-04 +1.000e+00 +4.900e-04 -9.034e-05 -8.129e-05 -8.968e-05 -2.586e-05 -6.918e-06 -2.454e-05 -2.102e-05 -3.316e-05 -3.346e-05 +7.936e-06 -4.498e-05 -3.019e-05 -4.253e-05 0 0 0 0 0 0
R22_S12_C02      0       1999     1018    1526            1 -1     1.112 0.0 1000.0 2.0      5.43 0.0 0.02 0.0 3  0 48 64 0.00000012 0.00000012 18 -6.732e-05 +5.064e-04 +1.000e+00 +5.402e-04 -7.167e-05 -1.264e-04 -3.199e-05 -2.008e-05 -5.480e-06 -2.299e-05 -2.907e-05 -3.417e-05 -2.912e-05 -4.667e-05 -3.791e-05 -3.661e-05 0 0 0 0 0 0
R22_S12_C03      0       1999     1537    2035            1 -1     1.105 0.0 1000.0 2.0      5.41 0.0 0.02 0.0 3  0 48 64 0.00000012 0.00000012 18 -1.113e-04 -9.086e-05 +4.384e-04 +1.000e+00 -1.950e-04 -1.281e-04 -7.692e-05 -2.890e-05 -2.579e-05 -1.166e-05 -4.600e-05 -5.581e-05 -3.859e-05 -5.584e-05 -5.860e-05 -5.237e-05 0 0 0 0 0 0
R22_S12_C04      0       1999     2036    2544            1 -1     1.110 0.0 1000.0 2.0      5.69 0.0 0.02 0.0 3  0 48 64 0.00000012 0.00000012 18 -1.138e-04 -1.168e-04 -9.128e-05 -9.764e-05 +1.000e+00 +4.273e-04 -6.035e-05 -4.414e-05 -3.067e-05 -4.595e-05 +0.000e+00 -5.320e-05 -5.230e-05 -3.528e-05 -6.063e-05 -6.388e-05 0 0 0 0 0 0
R22_S12_C05      0       1999     2545    3053            1 -1     1.102 0.0 1000.0 2.0      5.86 0.0 0.02 0.0 3  0 48 64 0.00000012 0.00000012 18 -1.230e-05 -2.056e-05 -1.927e-05 -1.901e-05 +9.043e-04 +1.000e+00 +9.298e-04 +0.000e+00 +0.000e+00 -1.504e-06 -4.220e-06 +0.000e+00 -5.902e-06 -8.054e-06 -1.689e-06 +9.458e-06 0 0 0 0 0 0
R22_S12_C06      0       1999     3054    3562            1 -1     1.113 0.0 1000.0 2.0      5.65 0.0 0.02 0.0 3  0 48 64 0.00000012 0.00000012 18 -5.026e-05 -5.342e-05 -6.271e-05 -7.795e-05 -5.462e-05 +5.203e-04 +1.000e+00 +7.381e-04 -1.680e-05 -2.070e-05 -3.429e-05 -3.854e-05 +0.000e+00 -3.275e-05 -4.151e-05 -2.145e-05 0 0 0 0 0 0
R22_S12_C07      0       1999     3563    4071            1 -1     1.103 0.0 1000.0 2.0      5.88 0.0 0.02 0.0 3  0 48 64 0.00000012 0.00000012 18 -3.192e-05 -3.302e-05 -4.908e-05 -8.691e-05 -4.624e-05 -3.964e-05 +6.598e-04 +1.000e+00 +2.522e-07 -9.066e-06 -1.274e-05 -1.699e-05 -2.082e-05 +0.000e+00 -2.843e-05 -2.636e-05 0 0 0 0 0 0
R22_S12_C10      2000    3999     0       508             1  1     1.122 0.0 1000.0 2.0      5.48 0.0 0.02 0.0 3  0 48 64 0.00000012 0.00000012 18 -3.462e-05 -4.238e-05 -2.235e-05 -5.465e-05 -1.943e-05 -7.134e-05 -1.794e-05 +0.000e+00 +1.000e+00 +4.864e-04 -2.561e-05 -3.328e-05 -4.449e-05 -4.092e-05 -5.008e-05 -2.976e-05 0 0 0 0 0 0
R22_S12_C11      2000    3999     509     1017            1  1     1.130 0.0 1000.0 2.0      5.57 0.0 0.02 0.0 3  0 48 64 0.00000012 0.00000012 18 -2.238e-06 -5.897e-05 -5.943e-05 -1.118e-05 -4.170e-05 -6.739e-05 -3.413e-05 -3.537e-06 +4.635e-04 +1.000e+00 +2.234e-04 -7.098e-05 -7.147e-05 -8.331e-05 -6.478e-05 -5.810e-05 0 0 0 0 0 0
R22_S12_C12      2000    3999     1018    1526            1  1     1.117 0.0 1000.0 2.0      5.81 0.0 0.02 0.0 3  0 48 64 0.00000012 0.00000012 18 -6.491e-05 -6.489e-05 -6.539e-05 -7.273e-05 -4.288e-06 -7.886e-05 -4.378e-05 -2.779e-05 -4.823e-05 +3.052e-04 +1.000e+00 +2.992e-04 -8.471e-05 -7.222e-05 -7.204e-05 -7.084e-05 0 0 0 0 0 0
R22_S12_C13      2000    3999     1527    2035            1  1     1.120 0.0 1000.0 2.0      5.92 0.0 0.02 0.0 3  0 48 64 0.00000012 0.00000012 18 -6.050e-05 -6.707e-05 -5.489e-05 -7.271e-05 -4.058e-05 -1.822e-05 -3.159e-05 -3.082e-05 -4.090e-05 -3.543e-05 +3.398e-04 +1.000e+00 -1.497e-04 -7.016e-05 -6.033e-05 -5.445e-05 0 0 0 0 0 0
R22_S12_C14      2000    3999     2036    2544            1  1     1.115 0.0 1000.0 2.0      5.38 0.0 0.02 0.0 3  0 48 64 0.00000012 0.00000012 18 -5.115e-05 -5.475e-05 -5.476e-05 -5.159e-05 -4.887e-05 -6.839e-05 +0.000e+00 -2.705e-05 -3.776e-05 -5.008e-05 -5.359e-05 -5.833e-05 +1.000e+00 +5.746e-04 -6.839e-05 -4.146e-05 0 0 0 0 0 0
R22_S12_C15      2000    3999     2545    3053            1  1     1.110 0.0 1000.0 2.0      5.59 0.0 0.02 0.0 3  0 48 64 0.00000012 0.00000012 18 -5.427e-05 -6.024e-05 -6.220e-05 -7.096e-05 -5.589e-05 -7.319e-05 -3.173e-05 -9.772e-06 -3.588e-05 -4.687e-05 -6.559e-05 -5.299e-05 +6.124e-04 +1.000e+00 +2.060e-04 -4.652e-05 0 0 0 0 0 0
R22_S12_C16      2000    3999     3054    3562            1  1     1.109 0.0 1000.0 2.0      5.98 0.0 0.02 0.0 3  0 48 64 0.00000012 0.00000012 18 -2.643e-05 -5.332e-05 -3.008e-05 -6.182e-05 -1.769e-05 -2.302e-05 +0.000e+00 +0.000e+00 +0.000e+00 -1.171e-05 -2.130e-05 +0.000e+00 -9.206e-06 +3.778e-04 +1.000e+00 +5.545e-04 0 0 0 0 0 0
R22_S12_C17      2000    3999     3563    4071            1  1     1.115 0.0 1000.0 2.0      6.32 0.0 0.02 0.0 3  0 48 64 0.00000012 0.00000012 18 -1.791e-05 -2.663e-05 -2.884e-05 -4.986e-05 -2.880e-05 -4.244e-05 +0.000e+00 +0.000e+00 +0.000e+00 -1.158e-05 -2.943e-05 -4.526e-05 -1.788e-05 -1.953e-05 +4.797e-04 +1.000e+00 0 0 0 0 0 0
R22_S20   16    4000    4072
R22_S20_C00      0       1999     0       508             1 -1     1.114 0.0 1000.0 2.0      5.47 0.0 0.02 0.0 3  0 48 64 0.00000012 0.00000012 18 +1.000e+00 +6.153e-04 +0.000e+00 +0.000e+00 +0.000e+00 +0.000e+00 +0.000e+00 +0.000e+00 +0.000e+00 +0.000e+00 +0.000e+00 +0.000e+00 +0.000e+00 +0.000e+00 +0.000e+00 +0.000e+00 0 0 0 0 0 0
R22_S20_C01      0       1999     509     1017            1 -1     1.109 0.0 1000.0 2.0      6.20 0.0 0.02 0.0 3  0 48 64 0.00000012 0.00000012 18 +6.811e-04 +1.000e+00 +4.900e-04 -9.034e-05 -8.129e-05 -8.968e-05 -2.586e-05 -6.918e-06 -2.454e-05 -2.102e-05 -3.316e-05 -3.346e-05 +7.936e-06 -4.498e-05 -3.019e-05 -4.253e-05 0 0 0 0 0 0
R22_S20_C02      0       1999     1018    1526            1 -1     1.101 0.0 1000.0 2.0      7.10 0.0 0.02 0.0 3  0 48 64 0.00000012 0.00000012 18 -6.732e-05 +5.064e-04 +1.000e+00 +5.402e-04 -7.167e-05 -1.264e-04 -3.199e-05 -2.008e-05 -5.480e-06 -2.299e-05 -2.907e-05 -3.417e-05 -2.912e-05 -4.667e-05 -3.791e-05 -3.661e-05 0 0 0 0 0 0
R22_S20_C03      0       1999     1527    2035            1 -1     1.099 0.0 1000.0 2.0      6.41 0.0 0.02 0.0 3  0 48 64 0.00000012 0.00000012 18 -1.113e-04 -9.086e-05 +4.384e-04 +1.000e+00 -1.950e-04 -1.281e-04 -7.692e-05 -2.890e-05 -2.579e-05 -1.166e-05 -4.600e-05 -5.581e-05 -3.859e-05 -5.584e-05 -5.860e-05 -5.237e-05 0 0 0 0 0 0
R22_S20_C04      0       1999     2036    2544            1 -1     1.100 0.0 1000.0 2.0      5.91 0.0 0.02 0.0 3  0 48 64 0.00000012 0.00000012 18 -1.138e-04 -1.168e-04 -9.128e-05 -9.764e-05 +1.000e+00 +4.273e-04 -6.035e-05 -4.414e-05 -3.067e-05 -4.595e-05 +0.000e+00 -5.320e-05 -5.230e-05 -3.528e-05 -6.063e-05 -6.388e-05 0 0 0 0 0 0
R22_S20_C05      0       1999     2545    3053            1 -1     1.098 0.0 1000.0 2.0      7.19 0.0 0.02 0.0 3  0 48 64 0.00000012 0.00000012 18 -1.230e-05 -2.056e-05 -1.927e-05 -1.901e-05 +9.043e-04 +1.000e+00 +9.298e-04 +0.000e+00 +0.000e+00 -1.504e-06 -4.220e-06 +0.000e+00 -5.902e-06 -8.054e-06 -1.689e-06 +9.458e-06 0 0 0 0 0 0
R22_S20_C06      0       1999     3054    3562            1 -1     1.101 0.0 1000.0 2.0      6.13 0.0 0.02 0.0 3  0 48 64 0.00000012 0.00000012 18 -5.026e-05 -5.342e-05 -6.271e-05 -7.795e-05 -5.462e-05 +5.203e-04 +1.000e+00 +7.381e-04 -1.680e-05 -2.070e-05 -3.429e-05 -3.854e-05 +0.000e+00 -3.275e-05 -4.151e-05 -2.145e-05 0 0 0 0 0 0
R22_S20_C07      0       1999     3563    4071            1 -1     1.105 0.0 1000.0 2.0      8.14 0.0 0.02 0.0 3  0 48 64 0.00000012 0.00000012 18 -3.192e-05 -3.302e-05 -4.908e-05 -8.691e-05 -4.624e-05 -3.964e-05 +6.598e-04 +1.000e+00 +2.522e-07 -9.066e-06 -1.274e-05 -1.699e-05 -2.082e-05 +0.000e+00 -2.843e-05 -2.636e-05 0 0 0 0 0 0
R22_S20_C10      2000    3999     0       508             1  1     1.108 0.0 1000.0 2.0      5.44 0.0 0.02 0.0 3  0 48 64 0.00000012 0.00000012 18 -3.462e-05 -4.238e-05 -2.235e-05 -5.465e-05 -1.943e-05 -7.134e-05 -1.794e-05 +0.000e+00 +1.000e+00 +4.864e-04 -2.561e-05 -3.328e-05 -4.449e-05 -4.092e-05 -5.008e-05 -2.976e-05 0 0 0 0 0 0
R22_S20_C11      2000    3999     1018    1017            1  1     1.095 0.0 1000.0 2.0      5.08 0.0 0.02 0.0 3  0 48 64 0.00000012 0.00000012 18 -2.238e-06 -5.897e-05 -5.943e-05 -1.118e-05 -4.170e-05 -6.739e-05 -3.413e-05 -3.537e-06 +4.635e-04 +1.000e+00 +2.234e-04 -7.098e-05 -7.147e-05 -8.331e-05 -6.478e-05 -5.810e-05 0 0 0 0 0 0
R22_S20_C12      2000    3999     1018    1526            1  1     1.107 0.0 1000.0 2.0      5.36 0.0 0.02 0.0 3  0 48 64 0.00000012 0.00000012 18 -6.491e-05 -6.489e-05 -6.539e-05 -7.273e-05 -4.288e-06 -7.886e-05 -4.378e-05 -2.779e-05 -4.823e-05 +3.052e-04 +1.000e+00 +2.992e-04 -8.471e-05 -7.222e-05 -7.204e-05 -7.084e-05 0 0 0 0 0 0
R22_S20_C13      2000    3999     1527    2035            1  1     1.093 0.0 1000.0 2.0      5.27 0.0 0.02 0.0 3  0 48 64 0.00000012 0.00000012 18 -6.050e-05 -6.707e-05 -5.489e-05 -7.271e-05 -4.058e-05 -1.822e-05 -3.159e-05 -3.082e-05 -4.090e-05 -3.543e-05 +3.398e-04 +1.000e+00 -1.497e-04 -7.016e-05 -6.033e-05 -5.445e-05 0 0 0 0 0 0
R22_S20_C14      2000    3999     2036    2544            1  1     1.095 0.0 1000.0 2.0      5.35 0.0 0.02 0.0 3  0 48 64 0.00000012 0.00000012 18 -5.115e-05 -5.475e-05 -5.476e-05 -5.159e-05 -4.887e-05 -6.839e-05 +0.000e+00 -2.705e-05 -3.776e-05 -5.008e-05 -5.359e-05 -5.833e-05 +1.000e+00 +5.746e-04 -6.839e-05 -4.146e-05 0 0 0 0 0 0
R22_S20_C15      2000    3999     2545    3053            1  1     1.085 0.0 1000.0 2.0      5.03 0.0 0.02 0.0 3  0 48 64 0.00000012 0.00000012 18 -5.427e-05 -6.024e-05 -6.220e-05 -7.096e-05 -5.589e-05 -7.319e-05 -3.173e-05 -9.772e-06 -3.588e-05 -4.687e-05 -6.559e-05 -5.299e-05 +6.124e-04 +1.000e+00 +2.060e-04 -4.652e-05 0 0 0 0 0 0
R22_S20_C16      2000    3999     3054    3562            1  1     1.087 0.0 1000.0 2.0      5.15 0.0 0.02 0.0 3  0 48 64 0.00000012 0.00000012 18 -2.643e-05 -5.332e-05 -3.008e-05 -6.182e-05 -1.769e-05 -2.302e-05 +0.000e+00 +0.000e+00 +0.000e+00 -1.171e-05 -2.130e-05 +0.000e+00 -9.206e-06 +3.778e-04 +1.000e+00 +5.545e-04 0 0 0 0 0 0
R22_S20_C17      2000    3999     3563    4071            1  1     1.082 0.0 1000.0 2.0      5.77 0.0 0.02 0.0 3  0 48 64 0.00000012 0.00000012 18 -1.791e-05 -2.663e-05 -2.884e-05 -4.986e-05 -2.880e-05 -4.244e-05 +0.000e+00 +0.000e+00 +0.000e+00 -1.158e-05 -2.943e-05 -4.526e-05 -1.788e-05 -1.953e-05 +4.797e-04 +1.000e+00 0 0 0 0 0 0
R22_S21   16    4000    4072
R22_S21_C00      0       1999     0       508             1 -1     1.129 0.0 1000.0 2.0      5.16 0.0 0.02 0.0 3  0 48 64 0.00000012 0.00000012 18 +1.000e+00 +6.153e-04 +0.000e+00 +0.000e+00 +0.000e+00 +0.000e+00 +0.000e+00 +0.000e+00 +0.000e+00 +0.000e+00 +0.000e+00 +0.000e+00 +0.000e+00 +0.000e+00 +0.000e+00 +0.000e+00 0 0 0 0 0 0
R22_S21_C01      0       1999     509     1017            1 -1     1.144 0.0 1000.0 2.0      5.22 0.0 0.02 0.0 3  0 48 64 0.00000012 0.00000012 18 +6.811e-04 +1.000e+00 +4.900e-04 -9.034e-05 -8.129e-05 -8.968e-05 -2.586e-05 -6.918e-06 -2.454e-05 -2.102e-05 -3.316e-05 -3.346e-05 +7.936e-06 -4.498e-05 -3.019e-05 -4.253e-05 0 0 0 0 0 0
R22_S21_C02      0       1999     1018    1526            1 -1     1.132 0.0 1000.0 2.0      5.18 0.0 0.02 0.0 3  0 48 64 0.00000012 0.00000012 18 -6.732e-05 +5.064e-04 +1.000e+00 +5.402e-04 -7.167e-05 -1.264e-04 -3.199e-05 -2.008e-05 -5.480e-06 -2.299e-05 -2.907e-05 -3.417e-05 -2.912e-05 -4.667e-05 -3.791e-05 -3.661e-05 0 0 0 0 0 0
R22_S21_C03      0       1999     1527    2035            1 -1     1.127 0.0 1000.0 2.0      5.32 0.0 0.02 0.0 3  0 48 64 0.00000012 0.00000012 18 -1.113e-04 -9.086e-05 +4.384e-04 +1.000e+00 -1.950e-04 -1.281e-04 -7.692e-05 -2.890e-05 -2.579e-05 -1.166e-05 -4.600e-05 -5.581e-05 -3.859e-05 -5.584e-05 -5.860e-05 -5.237e-05 0 0 0 0 0 0
R22_S21_C04      0       1999     2036    2544            1 -1     1.136 0.0 1000.0 2.0      5.19 0.0 0.02 0.0 3  0 48 64 0.00000012 0.00000012 18 -1.138e-04 -1.168e-04 -9.128e-05 -9.764e-05 +1.000e+00 +4.273e-04 -6.035e-05 -4.414e-05 -3.067e-05 -4.595e-05 +0.000e+00 -5.320e-05 -5.230e-05 -3.528e-05 -6.063e-05 -6.388e-05 0 0 0 0 0 0
R22_S21_C05      0       1999     2545    3053            1 -1     1.135 0.0 1000.0 2.0      5.18 0.0 0.02 0.0 3  0 48 64 0.00000012 0.00000012 18 -1.230e-05 -2.056e-05 -1.927e-05 -1.901e-05 +9.043e-04 +1.000e+00 +9.298e-04 +0.000e+00 +0.000e+00 -1.504e-06 -4.220e-06 +0.000e+00 -5.902e-06 -8.054e-06 -1.689e-06 +9.458e-06 0 0 0 0 0 0
R22_S21_C06      0       1999     3054    3562            1 -1     1.137 0.0 1000.0 2.0      5.22 0.0 0.02 0.0 3  0 48 64 0.00000012 0.00000012 18 -5.026e-05 -5.342e-05 -6.271e-05 -7.795e-05 -5.462e-05 +5.203e-04 +1.000e+00 +7.381e-04 -1.680e-05 -2.070e-05 -3.429e-05 -3.854e-05 +0.000e+00 -3.275e-05 -4.151e-05 -2.145e-05 0 0 0 0 0 0
R22_S21_C07      0       1999     3563    4071            1 -1     1.132 0.0 1000.0 2.0      5.28 0.0 0.02 0.0 3  0 48 64 0.00000012 0.00000012 18 -3.192e-05 -3.302e-05 -4.908e-05 -8.691e-05 -4.624e-05 -3.964e-05 +6.598e-04 +1.000e+00 +2.522e-07 -9.066e-06 -1.274e-05 -1.699e-05 -2.082e-05 +0.000e+00 -2.843e-05 -2.636e-05 0 0 0 0 0 0
R22_S21_C10      2000    3999     0       508             1  1     1.126 0.0 1000.0 2.0      5.13 0.0 0.02 0.0 3  0 48 64 0.00000012 0.00000012 18 -3.462e-05 -4.238e-05 -2.235e-05 -5.465e-05 -1.943e-05 -7.134e-05 -1.794e-05 +0.000e+00 +1.000e+00 +4.864e-04 -2.561e-05 -3.328e-05 -4.449e-05 -4.092e-05 -5.008e-05 -2.976e-05 0 0 0 0 0 0
R22_S21_C11      2000    3999     509     1017            1  1     1.127 0.0 1000.0 2.0      5.32 0.0 0.02 0.0 3  0 48 64 0.00000012 0.00000012 18 -2.238e-06 -5.897e-05 -5.943e-05 -1.118e-05 -4.170e-05 -6.739e-05 -3.413e-05 -3.537e-06 +4.635e-04 +1.000e+00 +2.234e-04 -7.098e-05 -7.147e-05 -8.331e-05 -6.478e-05 -5.810e-05 0 0 0 0 0 0
R22_S21_C12      2000    3999     1018    1526            1  1     1.117 0.0 1000.0 2.0      5.13 0.0 0.02 0.0 3  0 48 64 0.00000012 0.00000012 18 -6.491e-05 -6.489e-05 -6.539e-05 -7.273e-05 -4.288e-06 -7.886e-05 -4.378e-05 -2.779e-05 -4.823e-05 +3.052e-04 +1.000e+00 +2.992e-04 -8.471e-05 -7.222e-05 -7.204e-05 -7.084e-05 0 0 0 0 0 0
R22_S21_C13      2000    3999     1527    2035            1  1     1.120 0.0 1000.0 2.0      5.18 0.0 0.02 0.0 3  0 48 64 0.00000012 0.00000012 18 -6.050e-05 -6.707e-05 -5.489e-05 -7.271e-05 -4.058e-05 -1.822e-05 -3.159e-05 -3.082e-05 -4.090e-05 -3.543e-05 +3.398e-04 +1.000e+00 -1.497e-04 -7.016e-05 -6.033e-05 -5.445e-05 0 0 0 0 0 0
R22_S21_C14      2000    3999     2036    2544            1  1     1.107 0.0 1000.0 2.0      5.25 0.0 0.02 0.0 3  0 48 64 0.00000012 0.00000012 18 -5.115e-05 -5.475e-05 -5.476e-05 -5.159e-05 -4.887e-05 -6.839e-05 +0.000e+00 -2.705e-05 -3.776e-05 -5.008e-05 -5.359e-05 -5.833e-05 +1.000e+00 +5.746e-04 -6.839e-05 -4.146e-05 0 0 0 0 0 0
R22_S21_C15      2000    3999     2545    3053            1  1     1.103 0.0 1000.0 2.0      5.09 0.0 0.02 0.0 3  0 48 64 0.00000012 0.00000012 18 -5.427e-05 -6.024e-05 -6.220e-05 -7.096e-05 -5.589e-05 -7.319e-05 -3.173e-05 -9.772e-06 -3.588e-05 -4.687e-05 -6.559e-05 -5.299e-05 +6.124e-04 +1.000e+00 +2.060e-04 -4.652e-05 0 0 0 0 0 0
R22_S21_C16      2000    3999     3054    3562            1  1     1.111 0.0 1000.0 2.0      5.12 0.0 0.02 0.0 3  0 48 64 0.00000012 0.00000012 18 -2.643e-05 -5.332e-05 -3.008e-05 -6.182e-05 -1.769e-05 -2.302e-05 +0.000e+00 +0.000e+00 +0.000e+00 -1.171e-05 -2.130e-05 +0.000e+00 -9.206e-06 +3.778e-04 +1.000e+00 +5.545e-04 0 0 0 0 0 0
R22_S21_C17      2000    3999     3563    4071            1  1     1.102 0.0 1000.0 2.0      5.11 0.0 0.02 0.0 3  0 48 64 0.00000012 0.00000012 18 -1.791e-05 -2.663e-05 -2.884e-05 -4.986e-05 -2.880e-05 -4.244e-05 +0.000e+00 +0.000e+00 +0.000e+00 -1.158e-05 -2.943e-05 -4.526e-05 -1.788e-05 -1.953e-05 +4.797e-04 +1.000e+00 0 0 0 0 0 0
R22_S22   16    4000    4072
R22_S22_C00      0       1999     0       508             1 -1     1.143 0.0 1000.0 2.0      5.42 0.0 0.02 0.0 3  0 48 64 0.00000012 0.00000012 18 +1.000e+00 +6.153e-04 +0.000e+00 +0.000e+00 +0.000e+00 +0.000e+00 +0.000e+00 +0.000e+00 +0.000e+00 +0.000e+00 +0.000e+00 +0.000e+00 +0.000e+00 +0.000e+00 +0.000e+00 +0.000e+00 0 0 0 0 0 0
R22_S22_C01      0       1999     509     1017            1 -1     1.133 0.0 1000.0 2.0      5.33 0.0 0.02 0.0 3  0 48 64 0.00000012 0.00000012 18 +6.811e-04 +1.000e+00 +4.900e-04 -9.034e-05 -8.129e-05 -8.968e-05 -2.586e-05 -6.918e-06 -2.454e-05 -2.102e-05 -3.316e-05 -3.346e-05 +7.936e-06 -4.498e-05 -3.019e-05 -4.253e-05 0 0 0 0 0 0
R22_S22_C02      0       1999     1018    1526            1 -1     1.134 0.0 1000.0 2.0      5.69 0.0 0.02 0.0 3  0 48 64 0.00000012 0.00000012 18 -6.732e-05 +5.064e-04 +1.000e+00 +5.402e-04 -7.167e-05 -1.264e-04 -3.199e-05 -2.008e-05 -5.480e-06 -2.299e-05 -2.907e-05 -3.417e-05 -2.912e-05 -4.667e-05 -3.791e-05 -3.661e-05 0 0 0 0 0 0
R22_S22_C03      0       1999     1527    2035            1 -1     1.129 0.0 1000.0 2.0      5.43 0.0 0.02 0.0 3  0 48 64 0.00000012 0.00000012 18 -1.113e-04 -9.086e-05 +4.384e-04 +1.000e+00 -1.950e-04 -1.281e-04 -7.692e-05 -2.890e-05 -2.579e-05 -1.166e-05 -4.600e-05 -5.581e-05 -3.859e-05 -5.584e-05 -5.860e-05 -5.237e-05 0 0 0 0 0 0
R22_S22_C04      0       1999     2036    2544            1 -1     1.126 0.0 1000.0 2.0      5.28 0.0 0.02 0.0 3  0 48 64 0.00000012 0.00000012 18 -1.138e-04 -1.168e-04 -9.128e-05 -9.764e-05 +1.000e+00 +4.273e-04 -6.035e-05 -4.414e-05 -3.067e-05 -4.595e-05 +0.000e+00 -5.320e-05 -5.230e-05 -3.528e-05 -6.063e-05 -6.388e-05 0 0 0 0 0 0
R22_S22_C05      0       1999     2545    3053            1 -1     1.129 0.0 1000.0 2.0      5.46 0.0 0.02 0.0 3  0 48 64 0.00000012 0.00000012 18 -1.230e-05 -2.056e-05 -1.927e-05 -1.901e-05 +9.043e-04 +1.000e+00 +9.298e-04 +0.000e+00 +0.000e+00 -1.504e-06 -4.220e-06 +0.000e+00 -5.902e-06 -8.054e-06 -1.689e-06 +9.458e-06 0 0 0 0 0 0
R22_S22_C06      0       1999     3054    3562            1 -1     1.123 0.0 1000.0 2.0      5.52 0.0 0.02 0.0 3  0 48 64 0.00000012 0.00000012 18 -5.026e-05 -5.342e-05 -6.271e-05 -7.795e-05 -5.462e-05 +5.203e-04 +1.000e+00 +7.381e-04 -1.680e-05 -2.070e-05 -3.429e-05 -3.854e-05 +0.000e+00 -3.275e-05 -4.151e-05 -2.145e-05 0 0 0 0 0 0
R22_S22_C07      0       1999     3563    4071            1 -1     1.125 0.0 1000.0 2.0      5.32 0.0 0.02 0.0 3  0 48 64 0.00000012 0.00000012 18 -3.192e-05 -3.302e-05 -4.908e-05 -8.691e-05 -4.624e-05 -3.964e-05 +6.598e-04 +1.000e+00 +2.522e-07 -9.066e-06 -1.274e-05 -1.699e-05 -2.082e-05 +0.000e+00 -2.843e-05 -2.636e-05 0 0 0 0 0 0
R22_S22_C10      0       1999     0       508             1  1     1.086 0.0 1000.0 2.0      4.97 0.0 0.02 0.0 3  0 48 64 0.00000012 0.00000012 18 -3.462e-05 -4.238e-05 -2.235e-05 -5.465e-05 -1.943e-05 -7.134e-05 -1.794e-05 +0.000e+00 +1.000e+00 +4.864e-04 -2.561e-05 -3.328e-05 -4.449e-05 -4.092e-05 -5.008e-05 -2.976e-05 0 0 0 0 0 0
R22_S22_C11      2000    3999     509     1017            1  1     1.091 0.0 1000.0 2.0      5.19 0.0 0.02 0.0 3  0 48 64 0.00000012 0.00000012 18 -2.238e-06 -5.897e-05 -5.943e-05 -1.118e-05 -4.170e-05 -6.739e-05 -3.413e-05 -3.537e-06 +4.635e-04 +1.000e+00 +2.234e-04 -7.098e-05 -7.147e-05 -8.331e-05 -6.478e-05 -5.810e-05 0 0 0 0 0 0
R22_S22_C12      2000    3999     1018    1526            1  1     1.096 0.0 1000.0 2.0      5.11 0.0 0.02 0.0 3  0 48 64 0.00000012 0.00000012 18 -6.491e-05 -6.489e-05 -6.539e-05 -7.273e-05 -4.288e-06 -7.886e-05 -4.378e-05 -2.779e-05 -4.823e-05 +3.052e-04 +1.000e+00 +2.992e-04 -8.471e-05 -7.222e-05 -7.204e-05 -7.084e-05 0 0 0 0 0 0
R22_S22_C13      2000    3999     1527    2035            1  1     1.102 0.0 1000.0 2.0      5.12 0.0 0.02 0.0 3  0 48 64 0.00000012 0.00000012 18 -6.050e-05 -6.707e-05 -5.489e-05 -7.271e-05 -4.058e-05 -1.822e-05 -3.159e-05 -3.082e-05 -4.090e-05 -3.543e-05 +3.398e-04 +1.000e+00 -1.497e-04 -7.016e-05 -6.033e-05 -5.445e-05 0 0 0 0 0 0
R22_S22_C14      2000    3999     2036    2544            1  1     1.106 0.0 1000.0 2.0      5.16 0.0 0.02 0.0 3  0 48 64 0.00000012 0.00000012 18 -5.115e-05 -5.475e-05 -5.476e-05 -5.159e-05 -4.887e-05 -6.839e-05 +0.000e+00 -2.705e-05 -3.776e-05 -5.008e-05 -5.359e-05 -5.833e-05 +1.000e+00 +5.746e-04 -6.839e-05 -4.146e-05 0 0 0 0 0 0
R22_S22_C15      2000    3999     2545    3053            1  1     1.108 0.0 1000.0 2.0      5.09 0.0 0.02 0.0 3  0 48 64 0.00000012 0.00000012 18 -5.427e-05 -6.024e-05 -6.220e-05 -7.096e-05 -5.589e-05 -7.319e-05 -3.173e-05 -9.772e-06 -3.588e-05 -4.687e-05 -6.559e-05 -5.299e-05 +6.124e-04 +1.000e+00 +2.060e-04 -4.652e-05 0 0 0 0 0 0
R22_S22_C16      2000    3999     3054    3562            1  1     1.117 0.0 1000.0 2.0      5.24 0.0 0.02 0.0 3  0 48 64 0.00000012 0.00000012 18 -2.643e-05 -5.332e-05 -3.008e-05 -6.182e-05 -1.769e-05 -2.302e-05 +0.000e+00 +0.000e+00 +0.000e+00 -1.171e-05 -2.130e-05 +0.000e+00 -9.206e-06 +3.778e-04 +1.000e+00 +5.545e-04 0 0 0 0 0 0
R22_S22_C17      2000    3999     3563    4071            1  1     1.109 0.0 1000.0 2.0      5.12 0.0 0.02 0.0 3  0 48 64 0.00000012 0.00000012 18 -1.791e-05 -2.663e-05 -2.884e-05 -4.986e-05 -2.880e-05 -4.244e-05 +0.000e+00 +0.000e+00 +0.000e+00 -1.158e-05 -2.943e-05 -4.526e-05 -1.788e-05 -1.953e-05 +4.797e-04 +1.000e+00 0 0 0 0 0 0